fill	x	y	group	xmin	xmax	ymin	ymax	colour
#B7B7B7	0	139	184	-0.5	0.5	138.5	139.5	transparent
#A1A1A1	1	139	162	0.5	1.5	138.5	139.5	transparent
#949494	2	139	149	1.5	2.5	138.5	139.5	transparent
#929292	3	139	147	2.5	3.5	138.5	139.5	transparent
#929292	4	139	147	3.5	4.5	138.5	139.5	transparent
#909090	5	139	145	4.5	5.5	138.5	139.5	transparent
#909090	6	139	145	5.5	6.5	138.5	139.5	transparent
#919191	7	139	146	6.5	7.5	138.5	139.5	transparent
#909090	8	139	145	7.5	8.5	138.5	139.5	transparent
#909090	9	139	145	8.5	9.5	138.5	139.5	transparent
#919191	10	139	146	9.5	10.5	138.5	139.5	transparent
#949494	11	139	149	10.5	11.5	138.5	139.5	transparent
#959595	12	139	150	11.5	12.5	138.5	139.5	transparent
#959595	13	139	150	12.5	13.5	138.5	139.5	transparent
#969696	14	139	151	13.5	14.5	138.5	139.5	transparent
#989898	15	139	153	14.5	15.5	138.5	139.5	transparent
#989898	16	139	153	15.5	16.5	138.5	139.5	transparent
#9A9A9A	17	139	155	16.5	17.5	138.5	139.5	transparent
#9B9B9B	18	139	156	17.5	18.5	138.5	139.5	transparent
#9D9D9D	19	139	158	18.5	19.5	138.5	139.5	transparent
#9E9E9E	20	139	159	19.5	20.5	138.5	139.5	transparent
#A0A0A0	21	139	161	20.5	21.5	138.5	139.5	transparent
#A1A1A1	22	139	162	21.5	22.5	138.5	139.5	transparent
#A2A2A2	23	139	163	22.5	23.5	138.5	139.5	transparent
#A3A3A3	24	139	164	23.5	24.5	138.5	139.5	transparent
#A4A4A4	25	139	165	24.5	25.5	138.5	139.5	transparent
#A6A6A6	26	139	167	25.5	26.5	138.5	139.5	transparent
#A7A7A7	27	139	168	26.5	27.5	138.5	139.5	transparent
#A9A9A9	28	139	170	27.5	28.5	138.5	139.5	transparent
#AAAAAA	29	139	171	28.5	29.5	138.5	139.5	transparent
#ACACAC	30	139	173	29.5	30.5	138.5	139.5	transparent
#AEAEAE	31	139	175	30.5	31.5	138.5	139.5	transparent
#B0B0B0	32	139	177	31.5	32.5	138.5	139.5	transparent
#B2B2B2	33	139	179	32.5	33.5	138.5	139.5	transparent
#B3B3B3	34	139	180	33.5	34.5	138.5	139.5	transparent
#B6B6B6	35	139	183	34.5	35.5	138.5	139.5	transparent
#BABABA	36	139	187	35.5	36.5	138.5	139.5	transparent
#BCBCBC	37	139	189	36.5	37.5	138.5	139.5	transparent
#C1C1C1	38	139	194	37.5	38.5	138.5	139.5	transparent
#C7C7C7	39	139	200	38.5	39.5	138.5	139.5	transparent
#D0D0D0	40	139	209	39.5	40.5	138.5	139.5	transparent
#DADADA	41	139	219	40.5	41.5	138.5	139.5	transparent
#E1E1E1	42	139	226	41.5	42.5	138.5	139.5	transparent
#E7E7E7	43	139	232	42.5	43.5	138.5	139.5	transparent
#ECECEC	44	139	237	43.5	44.5	138.5	139.5	transparent
#EFEFEF	45	139	240	44.5	45.5	138.5	139.5	transparent
#F3F3F3	46	139	244	45.5	46.5	138.5	139.5	transparent
#F5F5F5	47	139	246	46.5	47.5	138.5	139.5	transparent
#F8F8F8	48	139	249	47.5	48.5	138.5	139.5	transparent
#FAFAFA	49	139	251	48.5	49.5	138.5	139.5	transparent
#FAFAFA	50	139	251	49.5	50.5	138.5	139.5	transparent
#FAFAFA	51	139	251	50.5	51.5	138.5	139.5	transparent
#FCFCFC	52	139	253	51.5	52.5	138.5	139.5	transparent
#FDFDFD	53	139	254	52.5	53.5	138.5	139.5	transparent
#FFFFFF	54	139	256	53.5	54.5	138.5	139.5	transparent
#FFFFFF	55	139	256	54.5	55.5	138.5	139.5	transparent
#FFFFFF	56	139	256	55.5	56.5	138.5	139.5	transparent
#FFFFFF	57	139	256	56.5	57.5	138.5	139.5	transparent
#FFFFFF	58	139	256	57.5	58.5	138.5	139.5	transparent
#FFFFFF	59	139	256	58.5	59.5	138.5	139.5	transparent
#FFFFFF	60	139	256	59.5	60.5	138.5	139.5	transparent
#FEFEFE	61	139	255	60.5	61.5	138.5	139.5	transparent
#FFFFFF	62	139	256	61.5	62.5	138.5	139.5	transparent
#FEFEFE	63	139	255	62.5	63.5	138.5	139.5	transparent
#FDFDFD	64	139	254	63.5	64.5	138.5	139.5	transparent
#FEFEFE	65	139	255	64.5	65.5	138.5	139.5	transparent
#FFFFFF	66	139	256	65.5	66.5	138.5	139.5	transparent
#FEFEFE	67	139	255	66.5	67.5	138.5	139.5	transparent
#FEFEFE	68	139	255	67.5	68.5	138.5	139.5	transparent
#FEFEFE	69	139	255	68.5	69.5	138.5	139.5	transparent
#FEFEFE	70	139	255	69.5	70.5	138.5	139.5	transparent
#FDFDFD	71	139	254	70.5	71.5	138.5	139.5	transparent
#FCFCFC	72	139	253	71.5	72.5	138.5	139.5	transparent
#FCFCFC	73	139	253	72.5	73.5	138.5	139.5	transparent
#FDFDFD	74	139	254	73.5	74.5	138.5	139.5	transparent
#FDFDFD	75	139	254	74.5	75.5	138.5	139.5	transparent
#FDFDFD	76	139	254	75.5	76.5	138.5	139.5	transparent
#FEFEFE	77	139	255	76.5	77.5	138.5	139.5	transparent
#FDFDFD	78	139	254	77.5	78.5	138.5	139.5	transparent
#FCFCFC	79	139	253	78.5	79.5	138.5	139.5	transparent
#FCFCFC	80	139	253	79.5	80.5	138.5	139.5	transparent
#FBFBFB	81	139	252	80.5	81.5	138.5	139.5	transparent
#FAFAFA	82	139	251	81.5	82.5	138.5	139.5	transparent
#FAFAFA	83	139	251	82.5	83.5	138.5	139.5	transparent
#FBFBFB	84	139	252	83.5	84.5	138.5	139.5	transparent
#FBFBFB	85	139	252	84.5	85.5	138.5	139.5	transparent
#FCFCFC	86	139	253	85.5	86.5	138.5	139.5	transparent
#FEFEFE	87	139	255	86.5	87.5	138.5	139.5	transparent
#FDFDFD	88	139	254	87.5	88.5	138.5	139.5	transparent
#FDFDFD	89	139	254	88.5	89.5	138.5	139.5	transparent
#FDFDFD	90	139	254	89.5	90.5	138.5	139.5	transparent
#FBFBFB	91	139	252	90.5	91.5	138.5	139.5	transparent
#F9F9F9	92	139	250	91.5	92.5	138.5	139.5	transparent
#F8F8F8	93	139	249	92.5	93.5	138.5	139.5	transparent
#F8F8F8	94	139	249	93.5	94.5	138.5	139.5	transparent
#F8F8F8	95	139	249	94.5	95.5	138.5	139.5	transparent
#F8F8F8	96	139	249	95.5	96.5	138.5	139.5	transparent
#F9F9F9	97	139	250	96.5	97.5	138.5	139.5	transparent
#F7F7F7	98	139	248	97.5	98.5	138.5	139.5	transparent
#F6F6F6	99	139	247	98.5	99.5	138.5	139.5	transparent
#F5F5F5	100	139	246	99.5	100.5	138.5	139.5	transparent
#F4F4F4	101	139	245	100.5	101.5	138.5	139.5	transparent
#F1F1F1	102	139	242	101.5	102.5	138.5	139.5	transparent
#EFEFEF	103	139	240	102.5	103.5	138.5	139.5	transparent
#EBEBEB	104	139	236	103.5	104.5	138.5	139.5	transparent
#E7E7E7	105	139	232	104.5	105.5	138.5	139.5	transparent
#E5E5E5	106	139	230	105.5	106.5	138.5	139.5	transparent
#E1E1E1	107	139	226	106.5	107.5	138.5	139.5	transparent
#DFDFDF	108	139	224	107.5	108.5	138.5	139.5	transparent
#E0E0E0	109	139	225	108.5	109.5	138.5	139.5	transparent
#E0E0E0	110	139	225	109.5	110.5	138.5	139.5	transparent
#E1E1E1	111	139	226	110.5	111.5	138.5	139.5	transparent
#E1E1E1	112	139	226	111.5	112.5	138.5	139.5	transparent
#E0E0E0	113	139	225	112.5	113.5	138.5	139.5	transparent
#E1E1E1	114	139	226	113.5	114.5	138.5	139.5	transparent
#E2E2E2	115	139	227	114.5	115.5	138.5	139.5	transparent
#E3E3E3	116	139	228	115.5	116.5	138.5	139.5	transparent
#E3E3E3	117	139	228	116.5	117.5	138.5	139.5	transparent
#E3E3E3	118	139	228	117.5	118.5	138.5	139.5	transparent
#E4E4E4	119	139	229	118.5	119.5	138.5	139.5	transparent
#E4E4E4	120	139	229	119.5	120.5	138.5	139.5	transparent
#E5E5E5	121	139	230	120.5	121.5	138.5	139.5	transparent
#E5E5E5	122	139	230	121.5	122.5	138.5	139.5	transparent
#E7E7E7	123	139	232	122.5	123.5	138.5	139.5	transparent
#E8E8E8	124	139	233	123.5	124.5	138.5	139.5	transparent
#E9E9E9	125	139	234	124.5	125.5	138.5	139.5	transparent
#E9E9E9	126	139	234	125.5	126.5	138.5	139.5	transparent
#E9E9E9	127	139	234	126.5	127.5	138.5	139.5	transparent
#EBEBEB	128	139	236	127.5	128.5	138.5	139.5	transparent
#ECECEC	129	139	237	128.5	129.5	138.5	139.5	transparent
#EEEEEE	130	139	239	129.5	130.5	138.5	139.5	transparent
#F0F0F0	131	139	241	130.5	131.5	138.5	139.5	transparent
#F1F1F1	132	139	242	131.5	132.5	138.5	139.5	transparent
#F2F2F2	133	139	243	132.5	133.5	138.5	139.5	transparent
#F4F4F4	134	139	245	133.5	134.5	138.5	139.5	transparent
#F8F8F8	135	139	249	134.5	135.5	138.5	139.5	transparent
#FAFAFA	136	139	251	135.5	136.5	138.5	139.5	transparent
#FEFEFE	137	139	255	136.5	137.5	138.5	139.5	transparent
#FFFFFF	138	139	256	137.5	138.5	138.5	139.5	transparent
#F2F2F2	139	139	243	138.5	139.5	138.5	139.5	transparent
#252525	0	138	38	-0.5	0.5	137.5	138.5	transparent
#161616	1	138	23	0.5	1.5	137.5	138.5	transparent
#121212	2	138	19	1.5	2.5	137.5	138.5	transparent
#131313	3	138	20	2.5	3.5	137.5	138.5	transparent
#131313	4	138	20	3.5	4.5	137.5	138.5	transparent
#141414	5	138	21	4.5	5.5	137.5	138.5	transparent
#161616	6	138	23	5.5	6.5	137.5	138.5	transparent
#171717	7	138	24	6.5	7.5	137.5	138.5	transparent
#161616	8	138	23	7.5	8.5	137.5	138.5	transparent
#181818	9	138	25	8.5	9.5	137.5	138.5	transparent
#181818	10	138	25	9.5	10.5	137.5	138.5	transparent
#191919	11	138	26	10.5	11.5	137.5	138.5	transparent
#1A1A1A	12	138	27	11.5	12.5	137.5	138.5	transparent
#1C1C1C	13	138	29	12.5	13.5	137.5	138.5	transparent
#1C1C1C	14	138	29	13.5	14.5	137.5	138.5	transparent
#1E1E1E	15	138	31	14.5	15.5	137.5	138.5	transparent
#1E1E1E	16	138	31	15.5	16.5	137.5	138.5	transparent
#1F1F1F	17	138	32	16.5	17.5	137.5	138.5	transparent
#202020	18	138	33	17.5	18.5	137.5	138.5	transparent
#232323	19	138	36	18.5	19.5	137.5	138.5	transparent
#232323	20	138	36	19.5	20.5	137.5	138.5	transparent
#242424	21	138	37	20.5	21.5	137.5	138.5	transparent
#262626	22	138	39	21.5	22.5	137.5	138.5	transparent
#282828	23	138	41	22.5	23.5	137.5	138.5	transparent
#282828	24	138	41	23.5	24.5	137.5	138.5	transparent
#292929	25	138	42	24.5	25.5	137.5	138.5	transparent
#2B2B2B	26	138	44	25.5	26.5	137.5	138.5	transparent
#2C2C2C	27	138	45	26.5	27.5	137.5	138.5	transparent
#2D2D2D	28	138	46	27.5	28.5	137.5	138.5	transparent
#303030	29	138	49	28.5	29.5	137.5	138.5	transparent
#313131	30	138	50	29.5	30.5	137.5	138.5	transparent
#333333	31	138	52	30.5	31.5	137.5	138.5	transparent
#353535	32	138	54	31.5	32.5	137.5	138.5	transparent
#363636	33	138	55	32.5	33.5	137.5	138.5	transparent
#393939	34	138	58	33.5	34.5	137.5	138.5	transparent
#3D3D3D	35	138	62	34.5	35.5	137.5	138.5	transparent
#3F3F3F	36	138	64	35.5	36.5	137.5	138.5	transparent
#424242	37	138	67	36.5	37.5	137.5	138.5	transparent
#494949	38	138	74	37.5	38.5	137.5	138.5	transparent
#585858	39	138	89	38.5	39.5	137.5	138.5	transparent
#666666	40	138	103	39.5	40.5	137.5	138.5	transparent
#707070	41	138	113	40.5	41.5	137.5	138.5	transparent
#777777	42	138	120	41.5	42.5	137.5	138.5	transparent
#818181	43	138	130	42.5	43.5	137.5	138.5	transparent
#8A8A8A	44	138	139	43.5	44.5	137.5	138.5	transparent
#8F8F8F	45	138	144	44.5	45.5	137.5	138.5	transparent
#969696	46	138	151	45.5	46.5	137.5	138.5	transparent
#9D9D9D	47	138	158	46.5	47.5	137.5	138.5	transparent
#A3A3A3	48	138	164	47.5	48.5	137.5	138.5	transparent
#A9A9A9	49	138	170	48.5	49.5	137.5	138.5	transparent
#ADADAD	50	138	174	49.5	50.5	137.5	138.5	transparent
#B1B1B1	51	138	178	50.5	51.5	137.5	138.5	transparent
#B6B6B6	52	138	183	51.5	52.5	137.5	138.5	transparent
#BCBCBC	53	138	189	52.5	53.5	137.5	138.5	transparent
#C9C9C9	54	138	202	53.5	54.5	137.5	138.5	transparent
#D5D5D5	55	138	214	54.5	55.5	137.5	138.5	transparent
#D8D8D8	56	138	217	55.5	56.5	137.5	138.5	transparent
#DBDBDB	57	138	220	56.5	57.5	137.5	138.5	transparent
#DBDBDB	58	138	220	57.5	58.5	137.5	138.5	transparent
#DDDDDD	59	138	222	58.5	59.5	137.5	138.5	transparent
#E0E0E0	60	138	225	59.5	60.5	137.5	138.5	transparent
#E1E1E1	61	138	226	60.5	61.5	137.5	138.5	transparent
#E2E2E2	62	138	227	61.5	62.5	137.5	138.5	transparent
#E5E5E5	63	138	230	62.5	63.5	137.5	138.5	transparent
#E9E9E9	64	138	234	63.5	64.5	137.5	138.5	transparent
#ECECEC	65	138	237	64.5	65.5	137.5	138.5	transparent
#F0F0F0	66	138	241	65.5	66.5	137.5	138.5	transparent
#F3F3F3	67	138	244	66.5	67.5	137.5	138.5	transparent
#F3F3F3	68	138	244	67.5	68.5	137.5	138.5	transparent
#F3F3F3	69	138	244	68.5	69.5	137.5	138.5	transparent
#F2F2F2	70	138	243	69.5	70.5	137.5	138.5	transparent
#F0F0F0	71	138	241	70.5	71.5	137.5	138.5	transparent
#F2F2F2	72	138	243	71.5	72.5	137.5	138.5	transparent
#F2F2F2	73	138	243	72.5	73.5	137.5	138.5	transparent
#F2F2F2	74	138	243	73.5	74.5	137.5	138.5	transparent
#F4F4F4	75	138	245	74.5	75.5	137.5	138.5	transparent
#F5F5F5	76	138	246	75.5	76.5	137.5	138.5	transparent
#F5F5F5	77	138	246	76.5	77.5	137.5	138.5	transparent
#F5F5F5	78	138	246	77.5	78.5	137.5	138.5	transparent
#F3F3F3	79	138	244	78.5	79.5	137.5	138.5	transparent
#F2F2F2	80	138	243	79.5	80.5	137.5	138.5	transparent
#EFEFEF	81	138	240	80.5	81.5	137.5	138.5	transparent
#EEEEEE	82	138	239	81.5	82.5	137.5	138.5	transparent
#EFEFEF	83	138	240	82.5	83.5	137.5	138.5	transparent
#EFEFEF	84	138	240	83.5	84.5	137.5	138.5	transparent
#F0F0F0	85	138	241	84.5	85.5	137.5	138.5	transparent
#F1F1F1	86	138	242	85.5	86.5	137.5	138.5	transparent
#F2F2F2	87	138	243	86.5	87.5	137.5	138.5	transparent
#F3F3F3	88	138	244	87.5	88.5	137.5	138.5	transparent
#F3F3F3	89	138	244	88.5	89.5	137.5	138.5	transparent
#F2F2F2	90	138	243	89.5	90.5	137.5	138.5	transparent
#EFEFEF	91	138	240	90.5	91.5	137.5	138.5	transparent
#EBEBEB	92	138	236	91.5	92.5	137.5	138.5	transparent
#E9E9E9	93	138	234	92.5	93.5	137.5	138.5	transparent
#E9E9E9	94	138	234	93.5	94.5	137.5	138.5	transparent
#E9E9E9	95	138	234	94.5	95.5	137.5	138.5	transparent
#EAEAEA	96	138	235	95.5	96.5	137.5	138.5	transparent
#EAEAEA	97	138	235	96.5	97.5	137.5	138.5	transparent
#E9E9E9	98	138	234	97.5	98.5	137.5	138.5	transparent
#E9E9E9	99	138	234	98.5	99.5	137.5	138.5	transparent
#E8E8E8	100	138	233	99.5	100.5	137.5	138.5	transparent
#E7E7E7	101	138	232	100.5	101.5	137.5	138.5	transparent
#E5E5E5	102	138	230	101.5	102.5	137.5	138.5	transparent
#E3E3E3	103	138	228	102.5	103.5	137.5	138.5	transparent
#E1E1E1	104	138	226	103.5	104.5	137.5	138.5	transparent
#DEDEDE	105	138	223	104.5	105.5	137.5	138.5	transparent
#D8D8D8	106	138	217	105.5	106.5	137.5	138.5	transparent
#D2D2D2	107	138	211	106.5	107.5	137.5	138.5	transparent
#CDCDCD	108	138	206	107.5	108.5	137.5	138.5	transparent
#CCCCCC	109	138	205	108.5	109.5	137.5	138.5	transparent
#CBCBCB	110	138	204	109.5	110.5	137.5	138.5	transparent
#CBCBCB	111	138	204	110.5	111.5	137.5	138.5	transparent
#CCCCCC	112	138	205	111.5	112.5	137.5	138.5	transparent
#CBCBCB	113	138	204	112.5	113.5	137.5	138.5	transparent
#CCCCCC	114	138	205	113.5	114.5	137.5	138.5	transparent
#CDCDCD	115	138	206	114.5	115.5	137.5	138.5	transparent
#CECECE	116	138	207	115.5	116.5	137.5	138.5	transparent
#CECECE	117	138	207	116.5	117.5	137.5	138.5	transparent
#CECECE	118	138	207	117.5	118.5	137.5	138.5	transparent
#CFCFCF	119	138	208	118.5	119.5	137.5	138.5	transparent
#D0D0D0	120	138	209	119.5	120.5	137.5	138.5	transparent
#D2D2D2	121	138	211	120.5	121.5	137.5	138.5	transparent
#D1D1D1	122	138	210	121.5	122.5	137.5	138.5	transparent
#D3D3D3	123	138	212	122.5	123.5	137.5	138.5	transparent
#D5D5D5	124	138	214	123.5	124.5	137.5	138.5	transparent
#D6D6D6	125	138	215	124.5	125.5	137.5	138.5	transparent
#D6D6D6	126	138	215	125.5	126.5	137.5	138.5	transparent
#D7D7D7	127	138	216	126.5	127.5	137.5	138.5	transparent
#D9D9D9	128	138	218	127.5	128.5	137.5	138.5	transparent
#DBDBDB	129	138	220	128.5	129.5	137.5	138.5	transparent
#DCDCDC	130	138	221	129.5	130.5	137.5	138.5	transparent
#DDDDDD	131	138	222	130.5	131.5	137.5	138.5	transparent
#DFDFDF	132	138	224	131.5	132.5	137.5	138.5	transparent
#E1E1E1	133	138	226	132.5	133.5	137.5	138.5	transparent
#E3E3E3	134	138	228	133.5	134.5	137.5	138.5	transparent
#E7E7E7	135	138	232	134.5	135.5	137.5	138.5	transparent
#EDEDED	136	138	238	135.5	136.5	137.5	138.5	transparent
#F4F4F4	137	138	245	136.5	137.5	137.5	138.5	transparent
#FBFBFB	138	138	252	137.5	138.5	137.5	138.5	transparent
#F3F3F3	139	138	244	138.5	139.5	137.5	138.5	transparent
#050505	0	137	6	-0.5	0.5	136.5	137.5	transparent
#060606	1	137	7	0.5	1.5	136.5	137.5	transparent
#070707	2	137	8	1.5	2.5	136.5	137.5	transparent
#070707	3	137	8	2.5	3.5	136.5	137.5	transparent
#070707	4	137	8	3.5	4.5	136.5	137.5	transparent
#070707	5	137	8	4.5	5.5	136.5	137.5	transparent
#070707	6	137	8	5.5	6.5	136.5	137.5	transparent
#070707	7	137	8	6.5	7.5	136.5	137.5	transparent
#070707	8	137	8	7.5	8.5	136.5	137.5	transparent
#070707	9	137	8	8.5	9.5	136.5	137.5	transparent
#060606	10	137	7	9.5	10.5	136.5	137.5	transparent
#060606	11	137	7	10.5	11.5	136.5	137.5	transparent
#060606	12	137	7	11.5	12.5	136.5	137.5	transparent
#060606	13	137	7	12.5	13.5	136.5	137.5	transparent
#060606	14	137	7	13.5	14.5	136.5	137.5	transparent
#060606	15	137	7	14.5	15.5	136.5	137.5	transparent
#060606	16	137	7	15.5	16.5	136.5	137.5	transparent
#060606	17	137	7	16.5	17.5	136.5	137.5	transparent
#040404	18	137	5	17.5	18.5	136.5	137.5	transparent
#040404	19	137	5	18.5	19.5	136.5	137.5	transparent
#040404	20	137	5	19.5	20.5	136.5	137.5	transparent
#040404	21	137	5	20.5	21.5	136.5	137.5	transparent
#040404	22	137	5	21.5	22.5	136.5	137.5	transparent
#040404	23	137	5	22.5	23.5	136.5	137.5	transparent
#030303	24	137	4	23.5	24.5	136.5	137.5	transparent
#030303	25	137	4	24.5	25.5	136.5	137.5	transparent
#020202	26	137	3	25.5	26.5	136.5	137.5	transparent
#020202	27	137	3	26.5	27.5	136.5	137.5	transparent
#010101	28	137	2	27.5	28.5	136.5	137.5	transparent
#010101	29	137	2	28.5	29.5	136.5	137.5	transparent
#000000	30	137	1	29.5	30.5	136.5	137.5	transparent
#000000	31	137	1	30.5	31.5	136.5	137.5	transparent
#000000	32	137	1	31.5	32.5	136.5	137.5	transparent
#000000	33	137	1	32.5	33.5	136.5	137.5	transparent
#000000	34	137	1	33.5	34.5	136.5	137.5	transparent
#000000	35	137	1	34.5	35.5	136.5	137.5	transparent
#000000	36	137	1	35.5	36.5	136.5	137.5	transparent
#000000	37	137	1	36.5	37.5	136.5	137.5	transparent
#000000	38	137	1	37.5	38.5	136.5	137.5	transparent
#000000	39	137	1	38.5	39.5	136.5	137.5	transparent
#020202	40	137	3	39.5	40.5	136.5	137.5	transparent
#040404	41	137	5	40.5	41.5	136.5	137.5	transparent
#080808	42	137	9	41.5	42.5	136.5	137.5	transparent
#0D0D0D	43	137	14	42.5	43.5	136.5	137.5	transparent
#121212	44	137	19	43.5	44.5	136.5	137.5	transparent
#161616	45	137	23	44.5	45.5	136.5	137.5	transparent
#1A1A1A	46	137	27	45.5	46.5	136.5	137.5	transparent
#1E1E1E	47	137	31	46.5	47.5	136.5	137.5	transparent
#232323	48	137	36	47.5	48.5	136.5	137.5	transparent
#282828	49	137	41	48.5	49.5	136.5	137.5	transparent
#2C2C2C	50	137	45	49.5	50.5	136.5	137.5	transparent
#303030	51	137	49	50.5	51.5	136.5	137.5	transparent
#353535	52	137	54	51.5	52.5	136.5	137.5	transparent
#3D3D3D	53	137	62	52.5	53.5	136.5	137.5	transparent
#535353	54	137	84	53.5	54.5	136.5	137.5	transparent
#6A6A6A	55	137	107	54.5	55.5	136.5	137.5	transparent
#6F6F6F	56	137	112	55.5	56.5	136.5	137.5	transparent
#757575	57	137	118	56.5	57.5	136.5	137.5	transparent
#787878	58	137	121	57.5	58.5	136.5	137.5	transparent
#7C7C7C	59	137	125	58.5	59.5	136.5	137.5	transparent
#818181	60	137	130	59.5	60.5	136.5	137.5	transparent
#858585	61	137	134	60.5	61.5	136.5	137.5	transparent
#878787	62	137	136	61.5	62.5	136.5	137.5	transparent
#8E8E8E	63	137	143	62.5	63.5	136.5	137.5	transparent
#9C9C9C	64	137	157	63.5	64.5	136.5	137.5	transparent
#AAAAAA	65	137	171	64.5	65.5	136.5	137.5	transparent
#B4B4B4	66	137	181	65.5	66.5	136.5	137.5	transparent
#BBBBBB	67	137	188	66.5	67.5	136.5	137.5	transparent
#C0C0C0	68	137	193	67.5	68.5	136.5	137.5	transparent
#BDBDBD	69	137	190	68.5	69.5	136.5	137.5	transparent
#B9B9B9	70	137	186	69.5	70.5	136.5	137.5	transparent
#BEBEBE	71	137	191	70.5	71.5	136.5	137.5	transparent
#C3C3C3	72	137	196	71.5	72.5	136.5	137.5	transparent
#C3C3C3	73	137	196	72.5	73.5	136.5	137.5	transparent
#BEBEBE	74	137	191	73.5	74.5	136.5	137.5	transparent
#C0C0C0	75	137	193	74.5	75.5	136.5	137.5	transparent
#C4C4C4	76	137	197	75.5	76.5	136.5	137.5	transparent
#C3C3C3	77	137	196	76.5	77.5	136.5	137.5	transparent
#C6C6C6	78	137	199	77.5	78.5	136.5	137.5	transparent
#C0C0C0	79	137	193	78.5	79.5	136.5	137.5	transparent
#B7B7B7	80	137	184	79.5	80.5	136.5	137.5	transparent
#AEAEAE	81	137	175	80.5	81.5	136.5	137.5	transparent
#A7A7A7	82	137	168	81.5	82.5	136.5	137.5	transparent
#A5A5A5	83	137	166	82.5	83.5	136.5	137.5	transparent
#A4A4A4	84	137	165	83.5	84.5	136.5	137.5	transparent
#A5A5A5	85	137	166	84.5	85.5	136.5	137.5	transparent
#A6A6A6	86	137	167	85.5	86.5	136.5	137.5	transparent
#A7A7A7	87	137	168	86.5	87.5	136.5	137.5	transparent
#A7A7A7	88	137	168	87.5	88.5	136.5	137.5	transparent
#A7A7A7	89	137	168	88.5	89.5	136.5	137.5	transparent
#A4A4A4	90	137	165	89.5	90.5	136.5	137.5	transparent
#969696	91	137	151	90.5	91.5	136.5	137.5	transparent
#878787	92	137	136	91.5	92.5	136.5	137.5	transparent
#858585	93	137	134	92.5	93.5	136.5	137.5	transparent
#848484	94	137	133	93.5	94.5	136.5	137.5	transparent
#858585	95	137	134	94.5	95.5	136.5	137.5	transparent
#858585	96	137	134	95.5	96.5	136.5	137.5	transparent
#848484	97	137	133	96.5	97.5	136.5	137.5	transparent
#838383	98	137	132	97.5	98.5	136.5	137.5	transparent
#838383	99	137	132	98.5	99.5	136.5	137.5	transparent
#818181	100	137	130	99.5	100.5	136.5	137.5	transparent
#828282	101	137	131	100.5	101.5	136.5	137.5	transparent
#7E7E7E	102	137	127	101.5	102.5	136.5	137.5	transparent
#7D7D7D	103	137	126	102.5	103.5	136.5	137.5	transparent
#7A7A7A	104	137	123	103.5	104.5	136.5	137.5	transparent
#767676	105	137	119	104.5	105.5	136.5	137.5	transparent
#727272	106	137	115	105.5	106.5	136.5	137.5	transparent
#6B6B6B	107	137	108	106.5	107.5	136.5	137.5	transparent
#606060	108	137	97	107.5	108.5	136.5	137.5	transparent
#5A5A5A	109	137	91	108.5	109.5	136.5	137.5	transparent
#5C5C5C	110	137	93	109.5	110.5	136.5	137.5	transparent
#5E5E5E	111	137	95	110.5	111.5	136.5	137.5	transparent
#5D5D5D	112	137	94	111.5	112.5	136.5	137.5	transparent
#5E5E5E	113	137	95	112.5	113.5	136.5	137.5	transparent
#616161	114	137	98	113.5	114.5	136.5	137.5	transparent
#646464	115	137	101	114.5	115.5	136.5	137.5	transparent
#676767	116	137	104	115.5	116.5	136.5	137.5	transparent
#686868	117	137	105	116.5	117.5	136.5	137.5	transparent
#6A6A6A	118	137	107	117.5	118.5	136.5	137.5	transparent
#6C6C6C	119	137	109	118.5	119.5	136.5	137.5	transparent
#6F6F6F	120	137	112	119.5	120.5	136.5	137.5	transparent
#717171	121	137	114	120.5	121.5	136.5	137.5	transparent
#757575	122	137	118	121.5	122.5	136.5	137.5	transparent
#777777	123	137	120	122.5	123.5	136.5	137.5	transparent
#7A7A7A	124	137	123	123.5	124.5	136.5	137.5	transparent
#7D7D7D	125	137	126	124.5	125.5	136.5	137.5	transparent
#7F7F7F	126	137	128	125.5	126.5	136.5	137.5	transparent
#818181	127	137	130	126.5	127.5	136.5	137.5	transparent
#858585	128	137	134	127.5	128.5	136.5	137.5	transparent
#888888	129	137	137	128.5	129.5	136.5	137.5	transparent
#8C8C8C	130	137	141	129.5	130.5	136.5	137.5	transparent
#8E8E8E	131	137	143	130.5	131.5	136.5	137.5	transparent
#919191	132	137	146	131.5	132.5	136.5	137.5	transparent
#959595	133	137	150	132.5	133.5	136.5	137.5	transparent
#989898	134	137	153	133.5	134.5	136.5	137.5	transparent
#9E9E9E	135	137	159	134.5	135.5	136.5	137.5	transparent
#A5A5A5	136	137	166	135.5	136.5	136.5	137.5	transparent
#ADADAD	137	137	174	136.5	137.5	136.5	137.5	transparent
#C1C1C1	138	137	194	137.5	138.5	136.5	137.5	transparent
#D1D1D1	139	137	210	138.5	139.5	136.5	137.5	transparent
#0A0A0A	0	136	11	-0.5	0.5	135.5	136.5	transparent
#0A0A0A	1	136	11	0.5	1.5	135.5	136.5	transparent
#0A0A0A	2	136	11	1.5	2.5	135.5	136.5	transparent
#0A0A0A	3	136	11	2.5	3.5	135.5	136.5	transparent
#0A0A0A	4	136	11	3.5	4.5	135.5	136.5	transparent
#0A0A0A	5	136	11	4.5	5.5	135.5	136.5	transparent
#0A0A0A	6	136	11	5.5	6.5	135.5	136.5	transparent
#0A0A0A	7	136	11	6.5	7.5	135.5	136.5	transparent
#0A0A0A	8	136	11	7.5	8.5	135.5	136.5	transparent
#0A0A0A	9	136	11	8.5	9.5	135.5	136.5	transparent
#0A0A0A	10	136	11	9.5	10.5	135.5	136.5	transparent
#0A0A0A	11	136	11	10.5	11.5	135.5	136.5	transparent
#0A0A0A	12	136	11	11.5	12.5	135.5	136.5	transparent
#0A0A0A	13	136	11	12.5	13.5	135.5	136.5	transparent
#0A0A0A	14	136	11	13.5	14.5	135.5	136.5	transparent
#0A0A0A	15	136	11	14.5	15.5	135.5	136.5	transparent
#0A0A0A	16	136	11	15.5	16.5	135.5	136.5	transparent
#0A0A0A	17	136	11	16.5	17.5	135.5	136.5	transparent
#090909	18	136	10	17.5	18.5	135.5	136.5	transparent
#090909	19	136	10	18.5	19.5	135.5	136.5	transparent
#090909	20	136	10	19.5	20.5	135.5	136.5	transparent
#090909	21	136	10	20.5	21.5	135.5	136.5	transparent
#090909	22	136	10	21.5	22.5	135.5	136.5	transparent
#080808	23	136	9	22.5	23.5	135.5	136.5	transparent
#080808	24	136	9	23.5	24.5	135.5	136.5	transparent
#080808	25	136	9	24.5	25.5	135.5	136.5	transparent
#080808	26	136	9	25.5	26.5	135.5	136.5	transparent
#070707	27	136	8	26.5	27.5	135.5	136.5	transparent
#070707	28	136	8	27.5	28.5	135.5	136.5	transparent
#060606	29	136	7	28.5	29.5	135.5	136.5	transparent
#060606	30	136	7	29.5	30.5	135.5	136.5	transparent
#050505	31	136	6	30.5	31.5	135.5	136.5	transparent
#050505	32	136	6	31.5	32.5	135.5	136.5	transparent
#040404	33	136	5	32.5	33.5	135.5	136.5	transparent
#030303	34	136	4	33.5	34.5	135.5	136.5	transparent
#030303	35	136	4	34.5	35.5	135.5	136.5	transparent
#020202	36	136	3	35.5	36.5	135.5	136.5	transparent
#030303	37	136	4	36.5	37.5	135.5	136.5	transparent
#030303	38	136	4	37.5	38.5	135.5	136.5	transparent
#050505	39	136	6	38.5	39.5	135.5	136.5	transparent
#050505	40	136	6	39.5	40.5	135.5	136.5	transparent
#050505	41	136	6	40.5	41.5	135.5	136.5	transparent
#060606	42	136	7	41.5	42.5	135.5	136.5	transparent
#080808	43	136	9	42.5	43.5	135.5	136.5	transparent
#0B0B0B	44	136	12	43.5	44.5	135.5	136.5	transparent
#0D0D0D	45	136	14	44.5	45.5	135.5	136.5	transparent
#0E0E0E	46	136	15	45.5	46.5	135.5	136.5	transparent
#101010	47	136	17	46.5	47.5	135.5	136.5	transparent
#131313	48	136	20	47.5	48.5	135.5	136.5	transparent
#151515	49	136	22	48.5	49.5	135.5	136.5	transparent
#171717	50	136	24	49.5	50.5	135.5	136.5	transparent
#191919	51	136	26	50.5	51.5	135.5	136.5	transparent
#1D1D1D	52	136	30	51.5	52.5	135.5	136.5	transparent
#202020	53	136	33	52.5	53.5	135.5	136.5	transparent
#323232	54	136	51	53.5	54.5	135.5	136.5	transparent
#4C4C4C	55	136	77	54.5	55.5	135.5	136.5	transparent
#515151	56	136	82	55.5	56.5	135.5	136.5	transparent
#555555	57	136	86	56.5	57.5	135.5	136.5	transparent
#565656	58	136	87	57.5	58.5	135.5	136.5	transparent
#5A5A5A	59	136	91	58.5	59.5	135.5	136.5	transparent
#5E5E5E	60	136	95	59.5	60.5	135.5	136.5	transparent
#616161	61	136	98	60.5	61.5	135.5	136.5	transparent
#626262	62	136	99	61.5	62.5	135.5	136.5	transparent
#666666	63	136	103	62.5	63.5	135.5	136.5	transparent
#757575	64	136	118	63.5	64.5	135.5	136.5	transparent
#848484	65	136	133	64.5	65.5	135.5	136.5	transparent
#898989	66	136	138	65.5	66.5	135.5	136.5	transparent
#8D8D8D	67	136	142	66.5	67.5	135.5	136.5	transparent
#979797	68	136	152	67.5	68.5	135.5	136.5	transparent
#9A9A9A	69	136	155	68.5	69.5	135.5	136.5	transparent
#9A9A9A	70	136	155	69.5	70.5	135.5	136.5	transparent
#989898	71	136	153	70.5	71.5	135.5	136.5	transparent
#8B8B8B	72	136	140	71.5	72.5	135.5	136.5	transparent
#8C8C8C	73	136	141	72.5	73.5	135.5	136.5	transparent
#949494	74	136	149	73.5	74.5	135.5	136.5	transparent
#9E9E9E	75	136	159	74.5	75.5	135.5	136.5	transparent
#9B9B9B	76	136	156	75.5	76.5	135.5	136.5	transparent
#9A9A9A	77	136	155	76.5	77.5	135.5	136.5	transparent
#999999	78	136	154	77.5	78.5	135.5	136.5	transparent
#8E8E8E	79	136	143	78.5	79.5	135.5	136.5	transparent
#848484	80	136	133	79.5	80.5	135.5	136.5	transparent
#7F7F7F	81	136	128	80.5	81.5	135.5	136.5	transparent
#6E6E6E	82	136	111	81.5	82.5	135.5	136.5	transparent
#646464	83	136	101	82.5	83.5	135.5	136.5	transparent
#656565	84	136	102	83.5	84.5	135.5	136.5	transparent
#646464	85	136	101	84.5	85.5	135.5	136.5	transparent
#626262	86	136	99	85.5	86.5	135.5	136.5	transparent
#626262	87	136	99	86.5	87.5	135.5	136.5	transparent
#616161	88	136	98	87.5	88.5	135.5	136.5	transparent
#606060	89	136	97	88.5	89.5	135.5	136.5	transparent
#5A5A5A	90	136	91	89.5	90.5	135.5	136.5	transparent
#434343	91	136	68	90.5	91.5	135.5	136.5	transparent
#2E2E2E	92	136	47	91.5	92.5	135.5	136.5	transparent
#2A2A2A	93	136	43	92.5	93.5	135.5	136.5	transparent
#282828	94	136	41	93.5	94.5	135.5	136.5	transparent
#272727	95	136	40	94.5	95.5	135.5	136.5	transparent
#252525	96	136	38	95.5	96.5	135.5	136.5	transparent
#232323	97	136	36	96.5	97.5	135.5	136.5	transparent
#202020	98	136	33	97.5	98.5	135.5	136.5	transparent
#1E1E1E	99	136	31	98.5	99.5	135.5	136.5	transparent
#1C1C1C	100	136	29	99.5	100.5	135.5	136.5	transparent
#1A1A1A	101	136	27	100.5	101.5	135.5	136.5	transparent
#171717	102	136	24	101.5	102.5	135.5	136.5	transparent
#151515	103	136	22	102.5	103.5	135.5	136.5	transparent
#101010	104	136	17	103.5	104.5	135.5	136.5	transparent
#0B0B0B	105	136	12	104.5	105.5	135.5	136.5	transparent
#070707	106	136	8	105.5	106.5	135.5	136.5	transparent
#030303	107	136	4	106.5	107.5	135.5	136.5	transparent
#010101	108	136	2	107.5	108.5	135.5	136.5	transparent
#000000	109	136	1	108.5	109.5	135.5	136.5	transparent
#000000	110	136	1	109.5	110.5	135.5	136.5	transparent
#010101	111	136	2	110.5	111.5	135.5	136.5	transparent
#000000	112	136	1	111.5	112.5	135.5	136.5	transparent
#010101	113	136	2	112.5	113.5	135.5	136.5	transparent
#010101	114	136	2	113.5	114.5	135.5	136.5	transparent
#010101	115	136	2	114.5	115.5	135.5	136.5	transparent
#020202	116	136	3	115.5	116.5	135.5	136.5	transparent
#020202	117	136	3	116.5	117.5	135.5	136.5	transparent
#020202	118	136	3	117.5	118.5	135.5	136.5	transparent
#030303	119	136	4	118.5	119.5	135.5	136.5	transparent
#030303	120	136	4	119.5	120.5	135.5	136.5	transparent
#030303	121	136	4	120.5	121.5	135.5	136.5	transparent
#040404	122	136	5	121.5	122.5	135.5	136.5	transparent
#050505	123	136	6	122.5	123.5	135.5	136.5	transparent
#050505	124	136	6	123.5	124.5	135.5	136.5	transparent
#060606	125	136	7	124.5	125.5	135.5	136.5	transparent
#070707	126	136	8	125.5	126.5	135.5	136.5	transparent
#080808	127	136	9	126.5	127.5	135.5	136.5	transparent
#0A0A0A	128	136	11	127.5	128.5	135.5	136.5	transparent
#0A0A0A	129	136	11	128.5	129.5	135.5	136.5	transparent
#0B0B0B	130	136	12	129.5	130.5	135.5	136.5	transparent
#0C0C0C	131	136	13	130.5	131.5	135.5	136.5	transparent
#0E0E0E	132	136	15	131.5	132.5	135.5	136.5	transparent
#0E0E0E	133	136	15	132.5	133.5	135.5	136.5	transparent
#0F0F0F	134	136	16	133.5	134.5	135.5	136.5	transparent
#111111	135	136	18	134.5	135.5	135.5	136.5	transparent
#131313	136	136	20	135.5	136.5	135.5	136.5	transparent
#151515	137	136	22	136.5	137.5	135.5	136.5	transparent
#232323	138	136	36	137.5	138.5	135.5	136.5	transparent
#3F3F3F	139	136	64	138.5	139.5	135.5	136.5	transparent
#0A0A0A	0	135	11	-0.5	0.5	134.5	135.5	transparent
#0A0A0A	1	135	11	0.5	1.5	134.5	135.5	transparent
#0A0A0A	2	135	11	1.5	2.5	134.5	135.5	transparent
#0A0A0A	3	135	11	2.5	3.5	134.5	135.5	transparent
#0A0A0A	4	135	11	3.5	4.5	134.5	135.5	transparent
#0A0A0A	5	135	11	4.5	5.5	134.5	135.5	transparent
#0A0A0A	6	135	11	5.5	6.5	134.5	135.5	transparent
#0A0A0A	7	135	11	6.5	7.5	134.5	135.5	transparent
#0A0A0A	8	135	11	7.5	8.5	134.5	135.5	transparent
#0A0A0A	9	135	11	8.5	9.5	134.5	135.5	transparent
#0A0A0A	10	135	11	9.5	10.5	134.5	135.5	transparent
#0A0A0A	11	135	11	10.5	11.5	134.5	135.5	transparent
#0A0A0A	12	135	11	11.5	12.5	134.5	135.5	transparent
#0A0A0A	13	135	11	12.5	13.5	134.5	135.5	transparent
#0A0A0A	14	135	11	13.5	14.5	134.5	135.5	transparent
#0A0A0A	15	135	11	14.5	15.5	134.5	135.5	transparent
#090909	16	135	10	15.5	16.5	134.5	135.5	transparent
#090909	17	135	10	16.5	17.5	134.5	135.5	transparent
#090909	18	135	10	17.5	18.5	134.5	135.5	transparent
#090909	19	135	10	18.5	19.5	134.5	135.5	transparent
#090909	20	135	10	19.5	20.5	134.5	135.5	transparent
#090909	21	135	10	20.5	21.5	134.5	135.5	transparent
#080808	22	135	9	21.5	22.5	134.5	135.5	transparent
#080808	23	135	9	22.5	23.5	134.5	135.5	transparent
#080808	24	135	9	23.5	24.5	134.5	135.5	transparent
#070707	25	135	8	24.5	25.5	134.5	135.5	transparent
#070707	26	135	8	25.5	26.5	134.5	135.5	transparent
#060606	27	135	7	26.5	27.5	134.5	135.5	transparent
#060606	28	135	7	27.5	28.5	134.5	135.5	transparent
#060606	29	135	7	28.5	29.5	134.5	135.5	transparent
#050505	30	135	6	29.5	30.5	134.5	135.5	transparent
#050505	31	135	6	30.5	31.5	134.5	135.5	transparent
#040404	32	135	5	31.5	32.5	134.5	135.5	transparent
#040404	33	135	5	32.5	33.5	134.5	135.5	transparent
#040404	34	135	5	33.5	34.5	134.5	135.5	transparent
#040404	35	135	5	34.5	35.5	134.5	135.5	transparent
#060606	36	135	7	35.5	36.5	134.5	135.5	transparent
#070707	37	135	8	36.5	37.5	134.5	135.5	transparent
#080808	38	135	9	37.5	38.5	134.5	135.5	transparent
#0A0A0A	39	135	11	38.5	39.5	134.5	135.5	transparent
#0B0B0B	40	135	12	39.5	40.5	134.5	135.5	transparent
#0C0C0C	41	135	13	40.5	41.5	134.5	135.5	transparent
#0D0D0D	42	135	14	41.5	42.5	134.5	135.5	transparent
#0F0F0F	43	135	16	42.5	43.5	134.5	135.5	transparent
#121212	44	135	19	43.5	44.5	134.5	135.5	transparent
#141414	45	135	21	44.5	45.5	134.5	135.5	transparent
#161616	46	135	23	45.5	46.5	134.5	135.5	transparent
#171717	47	135	24	46.5	47.5	134.5	135.5	transparent
#191919	48	135	26	47.5	48.5	134.5	135.5	transparent
#1C1C1C	49	135	29	48.5	49.5	134.5	135.5	transparent
#1D1D1D	50	135	30	49.5	50.5	134.5	135.5	transparent
#202020	51	135	33	50.5	51.5	134.5	135.5	transparent
#222222	52	135	35	51.5	52.5	134.5	135.5	transparent
#252525	53	135	38	52.5	53.5	134.5	135.5	transparent
#373737	54	135	56	53.5	54.5	134.5	135.5	transparent
#515151	55	135	82	54.5	55.5	134.5	135.5	transparent
#595959	56	135	90	55.5	56.5	134.5	135.5	transparent
#5A5A5A	57	135	91	56.5	57.5	134.5	135.5	transparent
#5B5B5B	58	135	92	57.5	58.5	134.5	135.5	transparent
#5E5E5E	59	135	95	58.5	59.5	134.5	135.5	transparent
#646464	60	135	101	59.5	60.5	134.5	135.5	transparent
#656565	61	135	102	60.5	61.5	134.5	135.5	transparent
#666666	62	135	103	61.5	62.5	134.5	135.5	transparent
#6B6B6B	63	135	108	62.5	63.5	134.5	135.5	transparent
#767676	64	135	119	63.5	64.5	134.5	135.5	transparent
#808080	65	135	129	64.5	65.5	134.5	135.5	transparent
#858585	66	135	134	65.5	66.5	134.5	135.5	transparent
#8B8B8B	67	135	140	66.5	67.5	134.5	135.5	transparent
#949494	68	135	149	67.5	68.5	134.5	135.5	transparent
#A0A0A0	69	135	161	68.5	69.5	134.5	135.5	transparent
#919191	70	135	146	69.5	70.5	134.5	135.5	transparent
#7F7F7F	71	135	128	70.5	71.5	134.5	135.5	transparent
#7D7D7D	72	135	126	71.5	72.5	134.5	135.5	transparent
#7E7E7E	73	135	127	72.5	73.5	134.5	135.5	transparent
#818181	74	135	130	73.5	74.5	134.5	135.5	transparent
#999999	75	135	154	74.5	75.5	134.5	135.5	transparent
#9F9F9F	76	135	160	75.5	76.5	134.5	135.5	transparent
#989898	77	135	153	76.5	77.5	134.5	135.5	transparent
#8E8E8E	78	135	143	77.5	78.5	134.5	135.5	transparent
#858585	79	135	134	78.5	79.5	134.5	135.5	transparent
#7E7E7E	80	135	127	79.5	80.5	134.5	135.5	transparent
#7B7B7B	81	135	124	80.5	81.5	134.5	135.5	transparent
#6D6D6D	82	135	110	81.5	82.5	134.5	135.5	transparent
#636363	83	135	100	82.5	83.5	134.5	135.5	transparent
#646464	84	135	101	83.5	84.5	134.5	135.5	transparent
#636363	85	135	100	84.5	85.5	134.5	135.5	transparent
#616161	86	135	98	85.5	86.5	134.5	135.5	transparent
#606060	87	135	97	86.5	87.5	134.5	135.5	transparent
#5F5F5F	88	135	96	87.5	88.5	134.5	135.5	transparent
#5E5E5E	89	135	95	88.5	89.5	134.5	135.5	transparent
#565656	90	135	87	89.5	90.5	134.5	135.5	transparent
#3E3E3E	91	135	63	90.5	91.5	134.5	135.5	transparent
#2D2D2D	92	135	46	91.5	92.5	134.5	135.5	transparent
#282828	93	135	41	92.5	93.5	134.5	135.5	transparent
#272727	94	135	40	93.5	94.5	134.5	135.5	transparent
#242424	95	135	37	94.5	95.5	134.5	135.5	transparent
#212121	96	135	34	95.5	96.5	134.5	135.5	transparent
#202020	97	135	33	96.5	97.5	134.5	135.5	transparent
#1D1D1D	98	135	30	97.5	98.5	134.5	135.5	transparent
#1B1B1B	99	135	28	98.5	99.5	134.5	135.5	transparent
#191919	100	135	26	99.5	100.5	134.5	135.5	transparent
#181818	101	135	25	100.5	101.5	134.5	135.5	transparent
#151515	102	135	22	101.5	102.5	134.5	135.5	transparent
#141414	103	135	21	102.5	103.5	134.5	135.5	transparent
#0F0F0F	104	135	16	103.5	104.5	134.5	135.5	transparent
#0B0B0B	105	135	12	104.5	105.5	134.5	135.5	transparent
#090909	106	135	10	105.5	106.5	134.5	135.5	transparent
#040404	107	135	5	106.5	107.5	134.5	135.5	transparent
#020202	108	135	3	107.5	108.5	134.5	135.5	transparent
#000000	109	135	1	108.5	109.5	134.5	135.5	transparent
#000000	110	135	1	109.5	110.5	134.5	135.5	transparent
#000000	111	135	1	110.5	111.5	134.5	135.5	transparent
#000000	112	135	1	111.5	112.5	134.5	135.5	transparent
#000000	113	135	1	112.5	113.5	134.5	135.5	transparent
#000000	114	135	1	113.5	114.5	134.5	135.5	transparent
#000000	115	135	1	114.5	115.5	134.5	135.5	transparent
#000000	116	135	1	115.5	116.5	134.5	135.5	transparent
#000000	117	135	1	116.5	117.5	134.5	135.5	transparent
#000000	118	135	1	117.5	118.5	134.5	135.5	transparent
#000000	119	135	1	118.5	119.5	134.5	135.5	transparent
#000000	120	135	1	119.5	120.5	134.5	135.5	transparent
#000000	121	135	1	120.5	121.5	134.5	135.5	transparent
#000000	122	135	1	121.5	122.5	134.5	135.5	transparent
#000000	123	135	1	122.5	123.5	134.5	135.5	transparent
#000000	124	135	1	123.5	124.5	134.5	135.5	transparent
#000000	125	135	1	124.5	125.5	134.5	135.5	transparent
#000000	126	135	1	125.5	126.5	134.5	135.5	transparent
#000000	127	135	1	126.5	127.5	134.5	135.5	transparent
#000000	128	135	1	127.5	128.5	134.5	135.5	transparent
#000000	129	135	1	128.5	129.5	134.5	135.5	transparent
#000000	130	135	1	129.5	130.5	134.5	135.5	transparent
#000000	131	135	1	130.5	131.5	134.5	135.5	transparent
#000000	132	135	1	131.5	132.5	134.5	135.5	transparent
#000000	133	135	1	132.5	133.5	134.5	135.5	transparent
#000000	134	135	1	133.5	134.5	134.5	135.5	transparent
#000000	135	135	1	134.5	135.5	134.5	135.5	transparent
#000000	136	135	1	135.5	136.5	134.5	135.5	transparent
#000000	137	135	1	136.5	137.5	134.5	135.5	transparent
#000000	138	135	1	137.5	138.5	134.5	135.5	transparent
#000000	139	135	1	138.5	139.5	134.5	135.5	transparent
#0C0C0C	0	134	13	-0.5	0.5	133.5	134.5	transparent
#0C0C0C	1	134	13	0.5	1.5	133.5	134.5	transparent
#0C0C0C	2	134	13	1.5	2.5	133.5	134.5	transparent
#0C0C0C	3	134	13	2.5	3.5	133.5	134.5	transparent
#0C0C0C	4	134	13	3.5	4.5	133.5	134.5	transparent
#0C0C0C	5	134	13	4.5	5.5	133.5	134.5	transparent
#0D0D0D	6	134	14	5.5	6.5	133.5	134.5	transparent
#0D0D0D	7	134	14	6.5	7.5	133.5	134.5	transparent
#0D0D0D	8	134	14	7.5	8.5	133.5	134.5	transparent
#0D0D0D	9	134	14	8.5	9.5	133.5	134.5	transparent
#0D0D0D	10	134	14	9.5	10.5	133.5	134.5	transparent
#0D0D0D	11	134	14	10.5	11.5	133.5	134.5	transparent
#0C0C0C	12	134	13	11.5	12.5	133.5	134.5	transparent
#0C0C0C	13	134	13	12.5	13.5	133.5	134.5	transparent
#0C0C0C	14	134	13	13.5	14.5	133.5	134.5	transparent
#0C0C0C	15	134	13	14.5	15.5	133.5	134.5	transparent
#0C0C0C	16	134	13	15.5	16.5	133.5	134.5	transparent
#0C0C0C	17	134	13	16.5	17.5	133.5	134.5	transparent
#0B0B0B	18	134	12	17.5	18.5	133.5	134.5	transparent
#0B0B0B	19	134	12	18.5	19.5	133.5	134.5	transparent
#0B0B0B	20	134	12	19.5	20.5	133.5	134.5	transparent
#0B0B0B	21	134	12	20.5	21.5	133.5	134.5	transparent
#0A0A0A	22	134	11	21.5	22.5	133.5	134.5	transparent
#0A0A0A	23	134	11	22.5	23.5	133.5	134.5	transparent
#0A0A0A	24	134	11	23.5	24.5	133.5	134.5	transparent
#090909	25	134	10	24.5	25.5	133.5	134.5	transparent
#090909	26	134	10	25.5	26.5	133.5	134.5	transparent
#090909	27	134	10	26.5	27.5	133.5	134.5	transparent
#080808	28	134	9	27.5	28.5	133.5	134.5	transparent
#090909	29	134	10	28.5	29.5	133.5	134.5	transparent
#080808	30	134	9	29.5	30.5	133.5	134.5	transparent
#080808	31	134	9	30.5	31.5	133.5	134.5	transparent
#090909	32	134	10	31.5	32.5	133.5	134.5	transparent
#0A0A0A	33	134	11	32.5	33.5	133.5	134.5	transparent
#0B0B0B	34	134	12	33.5	34.5	133.5	134.5	transparent
#0C0C0C	35	134	13	34.5	35.5	133.5	134.5	transparent
#0F0F0F	36	134	16	35.5	36.5	133.5	134.5	transparent
#101010	37	134	17	36.5	37.5	133.5	134.5	transparent
#101010	38	134	17	37.5	38.5	133.5	134.5	transparent
#131313	39	134	20	38.5	39.5	133.5	134.5	transparent
#141414	40	134	21	39.5	40.5	133.5	134.5	transparent
#151515	41	134	22	40.5	41.5	133.5	134.5	transparent
#171717	42	134	24	41.5	42.5	133.5	134.5	transparent
#1A1A1A	43	134	27	42.5	43.5	133.5	134.5	transparent
#1C1C1C	44	134	29	43.5	44.5	133.5	134.5	transparent
#1E1E1E	45	134	31	44.5	45.5	133.5	134.5	transparent
#1F1F1F	46	134	32	45.5	46.5	133.5	134.5	transparent
#212121	47	134	34	46.5	47.5	133.5	134.5	transparent
#212121	48	134	34	47.5	48.5	133.5	134.5	transparent
#232323	49	134	36	48.5	49.5	133.5	134.5	transparent
#242424	50	134	37	49.5	50.5	133.5	134.5	transparent
#262626	51	134	39	50.5	51.5	133.5	134.5	transparent
#272727	52	134	40	51.5	52.5	133.5	134.5	transparent
#2C2C2C	53	134	45	52.5	53.5	133.5	134.5	transparent
#3D3D3D	54	134	62	53.5	54.5	133.5	134.5	transparent
#565656	55	134	87	54.5	55.5	133.5	134.5	transparent
#5E5E5E	56	134	95	55.5	56.5	133.5	134.5	transparent
#616161	57	134	98	56.5	57.5	133.5	134.5	transparent
#646464	58	134	101	57.5	58.5	133.5	134.5	transparent
#666666	59	134	103	58.5	59.5	133.5	134.5	transparent
#696969	60	134	106	59.5	60.5	133.5	134.5	transparent
#6A6A6A	61	134	107	60.5	61.5	133.5	134.5	transparent
#6D6D6D	62	134	110	61.5	62.5	133.5	134.5	transparent
#727272	63	134	115	62.5	63.5	133.5	134.5	transparent
#777777	64	134	120	63.5	64.5	133.5	134.5	transparent
#7C7C7C	65	134	125	64.5	65.5	133.5	134.5	transparent
#858585	66	134	134	65.5	66.5	133.5	134.5	transparent
#8F8F8F	67	134	144	66.5	67.5	133.5	134.5	transparent
#9A9A9A	68	134	155	67.5	68.5	133.5	134.5	transparent
#9D9D9D	69	134	158	68.5	69.5	133.5	134.5	transparent
#868686	70	134	135	69.5	70.5	133.5	134.5	transparent
#777777	71	134	120	70.5	71.5	133.5	134.5	transparent
#797979	72	134	122	71.5	72.5	133.5	134.5	transparent
#7B7B7B	73	134	124	72.5	73.5	133.5	134.5	transparent
#7B7B7B	74	134	124	73.5	74.5	133.5	134.5	transparent
#919191	75	134	146	74.5	75.5	133.5	134.5	transparent
#A2A2A2	76	134	163	75.5	76.5	133.5	134.5	transparent
#A3A3A3	77	134	164	76.5	77.5	133.5	134.5	transparent
#949494	78	134	149	77.5	78.5	133.5	134.5	transparent
#858585	79	134	134	78.5	79.5	133.5	134.5	transparent
#7C7C7C	80	134	125	79.5	80.5	133.5	134.5	transparent
#757575	81	134	118	80.5	81.5	133.5	134.5	transparent
#6D6D6D	82	134	110	81.5	82.5	133.5	134.5	transparent
#6B6B6B	83	134	108	82.5	83.5	133.5	134.5	transparent
#6C6C6C	84	134	109	83.5	84.5	133.5	134.5	transparent
#6A6A6A	85	134	107	84.5	85.5	133.5	134.5	transparent
#696969	86	134	106	85.5	86.5	133.5	134.5	transparent
#696969	87	134	106	86.5	87.5	133.5	134.5	transparent
#676767	88	134	104	87.5	88.5	133.5	134.5	transparent
#656565	89	134	102	88.5	89.5	133.5	134.5	transparent
#5E5E5E	90	134	95	89.5	90.5	133.5	134.5	transparent
#454545	91	134	70	90.5	91.5	133.5	134.5	transparent
#373737	92	134	56	91.5	92.5	133.5	134.5	transparent
#323232	93	134	51	92.5	93.5	133.5	134.5	transparent
#313131	94	134	50	93.5	94.5	133.5	134.5	transparent
#2E2E2E	95	134	47	94.5	95.5	133.5	134.5	transparent
#2B2B2B	96	134	44	95.5	96.5	133.5	134.5	transparent
#2A2A2A	97	134	43	96.5	97.5	133.5	134.5	transparent
#292929	98	134	42	97.5	98.5	133.5	134.5	transparent
#272727	99	134	40	98.5	99.5	133.5	134.5	transparent
#262626	100	134	39	99.5	100.5	133.5	134.5	transparent
#232323	101	134	36	100.5	101.5	133.5	134.5	transparent
#212121	102	134	34	101.5	102.5	133.5	134.5	transparent
#212121	103	134	34	102.5	103.5	133.5	134.5	transparent
#1E1E1E	104	134	31	103.5	104.5	133.5	134.5	transparent
#1B1B1B	105	134	28	104.5	105.5	133.5	134.5	transparent
#181818	106	134	25	105.5	106.5	133.5	134.5	transparent
#131313	107	134	20	106.5	107.5	133.5	134.5	transparent
#0F0F0F	108	134	16	107.5	108.5	133.5	134.5	transparent
#0C0C0C	109	134	13	108.5	109.5	133.5	134.5	transparent
#080808	110	134	9	109.5	110.5	133.5	134.5	transparent
#050505	111	134	6	110.5	111.5	133.5	134.5	transparent
#030303	112	134	4	111.5	112.5	133.5	134.5	transparent
#010101	113	134	2	112.5	113.5	133.5	134.5	transparent
#000000	114	134	1	113.5	114.5	133.5	134.5	transparent
#000000	115	134	1	114.5	115.5	133.5	134.5	transparent
#000000	116	134	1	115.5	116.5	133.5	134.5	transparent
#000000	117	134	1	116.5	117.5	133.5	134.5	transparent
#000000	118	134	1	117.5	118.5	133.5	134.5	transparent
#000000	119	134	1	118.5	119.5	133.5	134.5	transparent
#000000	120	134	1	119.5	120.5	133.5	134.5	transparent
#000000	121	134	1	120.5	121.5	133.5	134.5	transparent
#000000	122	134	1	121.5	122.5	133.5	134.5	transparent
#000000	123	134	1	122.5	123.5	133.5	134.5	transparent
#000000	124	134	1	123.5	124.5	133.5	134.5	transparent
#000000	125	134	1	124.5	125.5	133.5	134.5	transparent
#000000	126	134	1	125.5	126.5	133.5	134.5	transparent
#000000	127	134	1	126.5	127.5	133.5	134.5	transparent
#000000	128	134	1	127.5	128.5	133.5	134.5	transparent
#000000	129	134	1	128.5	129.5	133.5	134.5	transparent
#000000	130	134	1	129.5	130.5	133.5	134.5	transparent
#000000	131	134	1	130.5	131.5	133.5	134.5	transparent
#000000	132	134	1	131.5	132.5	133.5	134.5	transparent
#000000	133	134	1	132.5	133.5	133.5	134.5	transparent
#000000	134	134	1	133.5	134.5	133.5	134.5	transparent
#000000	135	134	1	134.5	135.5	133.5	134.5	transparent
#000000	136	134	1	135.5	136.5	133.5	134.5	transparent
#000000	137	134	1	136.5	137.5	133.5	134.5	transparent
#000000	138	134	1	137.5	138.5	133.5	134.5	transparent
#040404	139	134	5	138.5	139.5	133.5	134.5	transparent
#121212	0	133	19	-0.5	0.5	132.5	133.5	transparent
#121212	1	133	19	0.5	1.5	132.5	133.5	transparent
#121212	2	133	19	1.5	2.5	132.5	133.5	transparent
#121212	3	133	19	2.5	3.5	132.5	133.5	transparent
#121212	4	133	19	3.5	4.5	132.5	133.5	transparent
#121212	5	133	19	4.5	5.5	132.5	133.5	transparent
#121212	6	133	19	5.5	6.5	132.5	133.5	transparent
#121212	7	133	19	6.5	7.5	132.5	133.5	transparent
#121212	8	133	19	7.5	8.5	132.5	133.5	transparent
#121212	9	133	19	8.5	9.5	132.5	133.5	transparent
#121212	10	133	19	9.5	10.5	132.5	133.5	transparent
#121212	11	133	19	10.5	11.5	132.5	133.5	transparent
#111111	12	133	18	11.5	12.5	132.5	133.5	transparent
#111111	13	133	18	12.5	13.5	132.5	133.5	transparent
#111111	14	133	18	13.5	14.5	132.5	133.5	transparent
#111111	15	133	18	14.5	15.5	132.5	133.5	transparent
#101010	16	133	17	15.5	16.5	132.5	133.5	transparent
#101010	17	133	17	16.5	17.5	132.5	133.5	transparent
#101010	18	133	17	17.5	18.5	132.5	133.5	transparent
#0F0F0F	19	133	16	18.5	19.5	132.5	133.5	transparent
#0F0F0F	20	133	16	19.5	20.5	132.5	133.5	transparent
#0E0E0E	21	133	15	20.5	21.5	132.5	133.5	transparent
#0F0F0F	22	133	16	21.5	22.5	132.5	133.5	transparent
#0E0E0E	23	133	15	22.5	23.5	132.5	133.5	transparent
#0E0E0E	24	133	15	23.5	24.5	132.5	133.5	transparent
#0E0E0E	25	133	15	24.5	25.5	132.5	133.5	transparent
#0E0E0E	26	133	15	25.5	26.5	132.5	133.5	transparent
#0D0D0D	27	133	14	26.5	27.5	132.5	133.5	transparent
#0D0D0D	28	133	14	27.5	28.5	132.5	133.5	transparent
#0F0F0F	29	133	16	28.5	29.5	132.5	133.5	transparent
#0F0F0F	30	133	16	29.5	30.5	132.5	133.5	transparent
#101010	31	133	17	30.5	31.5	132.5	133.5	transparent
#121212	32	133	19	31.5	32.5	132.5	133.5	transparent
#131313	33	133	20	32.5	33.5	132.5	133.5	transparent
#151515	34	133	22	33.5	34.5	132.5	133.5	transparent
#171717	35	133	24	34.5	35.5	132.5	133.5	transparent
#191919	36	133	26	35.5	36.5	132.5	133.5	transparent
#191919	37	133	26	36.5	37.5	132.5	133.5	transparent
#1B1B1B	38	133	28	37.5	38.5	132.5	133.5	transparent
#1D1D1D	39	133	30	38.5	39.5	132.5	133.5	transparent
#202020	40	133	33	39.5	40.5	132.5	133.5	transparent
#202020	41	133	33	40.5	41.5	132.5	133.5	transparent
#212121	42	133	34	41.5	42.5	132.5	133.5	transparent
#232323	43	133	36	42.5	43.5	132.5	133.5	transparent
#262626	44	133	39	43.5	44.5	132.5	133.5	transparent
#282828	45	133	41	44.5	45.5	132.5	133.5	transparent
#282828	46	133	41	45.5	46.5	132.5	133.5	transparent
#2A2A2A	47	133	43	46.5	47.5	132.5	133.5	transparent
#2A2A2A	48	133	43	47.5	48.5	132.5	133.5	transparent
#2B2B2B	49	133	44	48.5	49.5	132.5	133.5	transparent
#2C2C2C	50	133	45	49.5	50.5	132.5	133.5	transparent
#2E2E2E	51	133	47	50.5	51.5	132.5	133.5	transparent
#2F2F2F	52	133	48	51.5	52.5	132.5	133.5	transparent
#353535	53	133	54	52.5	53.5	132.5	133.5	transparent
#464646	54	133	71	53.5	54.5	132.5	133.5	transparent
#5E5E5E	55	133	95	54.5	55.5	132.5	133.5	transparent
#666666	56	133	103	55.5	56.5	132.5	133.5	transparent
#6A6A6A	57	133	107	56.5	57.5	132.5	133.5	transparent
#6A6A6A	58	133	107	57.5	58.5	132.5	133.5	transparent
#6D6D6D	59	133	110	58.5	59.5	132.5	133.5	transparent
#6E6E6E	60	133	111	59.5	60.5	132.5	133.5	transparent
#6F6F6F	61	133	112	60.5	61.5	132.5	133.5	transparent
#737373	62	133	116	61.5	62.5	132.5	133.5	transparent
#767676	63	133	119	62.5	63.5	132.5	133.5	transparent
#7C7C7C	64	133	125	63.5	64.5	132.5	133.5	transparent
#7F7F7F	65	133	128	64.5	65.5	132.5	133.5	transparent
#888888	66	133	137	65.5	66.5	132.5	133.5	transparent
#939393	67	133	148	66.5	67.5	132.5	133.5	transparent
#A0A0A0	68	133	161	67.5	68.5	132.5	133.5	transparent
#9D9D9D	69	133	158	68.5	69.5	132.5	133.5	transparent
#858585	70	133	134	69.5	70.5	132.5	133.5	transparent
#747474	71	133	117	70.5	71.5	132.5	133.5	transparent
#6B6B6B	72	133	108	71.5	72.5	132.5	133.5	transparent
#707070	73	133	113	72.5	73.5	132.5	133.5	transparent
#7D7D7D	74	133	126	73.5	74.5	132.5	133.5	transparent
#939393	75	133	148	74.5	75.5	132.5	133.5	transparent
#A2A2A2	76	133	163	75.5	76.5	132.5	133.5	transparent
#A4A4A4	77	133	165	76.5	77.5	132.5	133.5	transparent
#979797	78	133	152	77.5	78.5	132.5	133.5	transparent
#878787	79	133	136	78.5	79.5	132.5	133.5	transparent
#7C7C7C	80	133	125	79.5	80.5	132.5	133.5	transparent
#747474	81	133	117	80.5	81.5	132.5	133.5	transparent
#6E6E6E	82	133	111	81.5	82.5	132.5	133.5	transparent
#6E6E6E	83	133	111	82.5	83.5	132.5	133.5	transparent
#717171	84	133	114	83.5	84.5	132.5	133.5	transparent
#717171	85	133	114	84.5	85.5	132.5	133.5	transparent
#6F6F6F	86	133	112	85.5	86.5	132.5	133.5	transparent
#707070	87	133	113	86.5	87.5	132.5	133.5	transparent
#6F6F6F	88	133	112	87.5	88.5	132.5	133.5	transparent
#6C6C6C	89	133	109	88.5	89.5	132.5	133.5	transparent
#646464	90	133	101	89.5	90.5	132.5	133.5	transparent
#4A4A4A	91	133	75	90.5	91.5	132.5	133.5	transparent
#3D3D3D	92	133	62	91.5	92.5	132.5	133.5	transparent
#3B3B3B	93	133	60	92.5	93.5	132.5	133.5	transparent
#3A3A3A	94	133	59	93.5	94.5	132.5	133.5	transparent
#373737	95	133	56	94.5	95.5	132.5	133.5	transparent
#353535	96	133	54	95.5	96.5	132.5	133.5	transparent
#343434	97	133	53	96.5	97.5	132.5	133.5	transparent
#323232	98	133	51	97.5	98.5	132.5	133.5	transparent
#303030	99	133	49	98.5	99.5	132.5	133.5	transparent
#313131	100	133	50	99.5	100.5	132.5	133.5	transparent
#2D2D2D	101	133	46	100.5	101.5	132.5	133.5	transparent
#2B2B2B	102	133	44	101.5	102.5	132.5	133.5	transparent
#2B2B2B	103	133	44	102.5	103.5	132.5	133.5	transparent
#292929	104	133	42	103.5	104.5	132.5	133.5	transparent
#282828	105	133	41	104.5	105.5	132.5	133.5	transparent
#252525	106	133	38	105.5	106.5	132.5	133.5	transparent
#202020	107	133	33	106.5	107.5	132.5	133.5	transparent
#1D1D1D	108	133	30	107.5	108.5	132.5	133.5	transparent
#1B1B1B	109	133	28	108.5	109.5	132.5	133.5	transparent
#181818	110	133	25	109.5	110.5	132.5	133.5	transparent
#151515	111	133	22	110.5	111.5	132.5	133.5	transparent
#101010	112	133	17	111.5	112.5	132.5	133.5	transparent
#0C0C0C	113	133	13	112.5	113.5	132.5	133.5	transparent
#090909	114	133	10	113.5	114.5	132.5	133.5	transparent
#060606	115	133	7	114.5	115.5	132.5	133.5	transparent
#030303	116	133	4	115.5	116.5	132.5	133.5	transparent
#010101	117	133	2	116.5	117.5	132.5	133.5	transparent
#000000	118	133	1	117.5	118.5	132.5	133.5	transparent
#000000	119	133	1	118.5	119.5	132.5	133.5	transparent
#000000	120	133	1	119.5	120.5	132.5	133.5	transparent
#000000	121	133	1	120.5	121.5	132.5	133.5	transparent
#000000	122	133	1	121.5	122.5	132.5	133.5	transparent
#000000	123	133	1	122.5	123.5	132.5	133.5	transparent
#000000	124	133	1	123.5	124.5	132.5	133.5	transparent
#000000	125	133	1	124.5	125.5	132.5	133.5	transparent
#000000	126	133	1	125.5	126.5	132.5	133.5	transparent
#000000	127	133	1	126.5	127.5	132.5	133.5	transparent
#000000	128	133	1	127.5	128.5	132.5	133.5	transparent
#000000	129	133	1	128.5	129.5	132.5	133.5	transparent
#000000	130	133	1	129.5	130.5	132.5	133.5	transparent
#000000	131	133	1	130.5	131.5	132.5	133.5	transparent
#010101	132	133	2	131.5	132.5	132.5	133.5	transparent
#010101	133	133	2	132.5	133.5	132.5	133.5	transparent
#010101	134	133	2	133.5	134.5	132.5	133.5	transparent
#010101	135	133	2	134.5	135.5	132.5	133.5	transparent
#010101	136	133	2	135.5	136.5	132.5	133.5	transparent
#010101	137	133	2	136.5	137.5	132.5	133.5	transparent
#030303	138	133	4	137.5	138.5	132.5	133.5	transparent
#0C0C0C	139	133	13	138.5	139.5	132.5	133.5	transparent
#131313	0	132	20	-0.5	0.5	131.5	132.5	transparent
#131313	1	132	20	0.5	1.5	131.5	132.5	transparent
#131313	2	132	20	1.5	2.5	131.5	132.5	transparent
#131313	3	132	20	2.5	3.5	131.5	132.5	transparent
#131313	4	132	20	3.5	4.5	131.5	132.5	transparent
#131313	5	132	20	4.5	5.5	131.5	132.5	transparent
#131313	6	132	20	5.5	6.5	131.5	132.5	transparent
#131313	7	132	20	6.5	7.5	131.5	132.5	transparent
#131313	8	132	20	7.5	8.5	131.5	132.5	transparent
#131313	9	132	20	8.5	9.5	131.5	132.5	transparent
#131313	10	132	20	9.5	10.5	131.5	132.5	transparent
#131313	11	132	20	10.5	11.5	131.5	132.5	transparent
#131313	12	132	20	11.5	12.5	131.5	132.5	transparent
#131313	13	132	20	12.5	13.5	131.5	132.5	transparent
#121212	14	132	19	13.5	14.5	131.5	132.5	transparent
#121212	15	132	19	14.5	15.5	131.5	132.5	transparent
#121212	16	132	19	15.5	16.5	131.5	132.5	transparent
#121212	17	132	19	16.5	17.5	131.5	132.5	transparent
#111111	18	132	18	17.5	18.5	131.5	132.5	transparent
#111111	19	132	18	18.5	19.5	131.5	132.5	transparent
#111111	20	132	18	19.5	20.5	131.5	132.5	transparent
#101010	21	132	17	20.5	21.5	131.5	132.5	transparent
#101010	22	132	17	21.5	22.5	131.5	132.5	transparent
#101010	23	132	17	22.5	23.5	131.5	132.5	transparent
#101010	24	132	17	23.5	24.5	131.5	132.5	transparent
#111111	25	132	18	24.5	25.5	131.5	132.5	transparent
#111111	26	132	18	25.5	26.5	131.5	132.5	transparent
#121212	27	132	19	26.5	27.5	131.5	132.5	transparent
#121212	28	132	19	27.5	28.5	131.5	132.5	transparent
#151515	29	132	22	28.5	29.5	131.5	132.5	transparent
#151515	30	132	22	29.5	30.5	131.5	132.5	transparent
#171717	31	132	24	30.5	31.5	131.5	132.5	transparent
#191919	32	132	26	31.5	32.5	131.5	132.5	transparent
#1A1A1A	33	132	27	32.5	33.5	131.5	132.5	transparent
#1C1C1C	34	132	29	33.5	34.5	131.5	132.5	transparent
#1F1F1F	35	132	32	34.5	35.5	131.5	132.5	transparent
#212121	36	132	34	35.5	36.5	131.5	132.5	transparent
#232323	37	132	36	36.5	37.5	131.5	132.5	transparent
#242424	38	132	37	37.5	38.5	131.5	132.5	transparent
#272727	39	132	40	38.5	39.5	131.5	132.5	transparent
#292929	40	132	42	39.5	40.5	131.5	132.5	transparent
#292929	41	132	42	40.5	41.5	131.5	132.5	transparent
#2B2B2B	42	132	44	41.5	42.5	131.5	132.5	transparent
#2C2C2C	43	132	45	42.5	43.5	131.5	132.5	transparent
#2E2E2E	44	132	47	43.5	44.5	131.5	132.5	transparent
#303030	45	132	49	44.5	45.5	131.5	132.5	transparent
#303030	46	132	49	45.5	46.5	131.5	132.5	transparent
#313131	47	132	50	46.5	47.5	131.5	132.5	transparent
#323232	48	132	51	47.5	48.5	131.5	132.5	transparent
#323232	49	132	51	48.5	49.5	131.5	132.5	transparent
#333333	50	132	52	49.5	50.5	131.5	132.5	transparent
#353535	51	132	54	50.5	51.5	131.5	132.5	transparent
#383838	52	132	57	51.5	52.5	131.5	132.5	transparent
#3F3F3F	53	132	64	52.5	53.5	131.5	132.5	transparent
#4E4E4E	54	132	79	53.5	54.5	131.5	132.5	transparent
#666666	55	132	103	54.5	55.5	131.5	132.5	transparent
#6E6E6E	56	132	111	55.5	56.5	131.5	132.5	transparent
#707070	57	132	113	56.5	57.5	131.5	132.5	transparent
#757575	58	132	118	57.5	58.5	131.5	132.5	transparent
#777777	59	132	120	58.5	59.5	131.5	132.5	transparent
#797979	60	132	122	59.5	60.5	131.5	132.5	transparent
#7C7C7C	61	132	125	60.5	61.5	131.5	132.5	transparent
#7A7A7A	62	132	123	61.5	62.5	131.5	132.5	transparent
#7B7B7B	63	132	124	62.5	63.5	131.5	132.5	transparent
#838383	64	132	132	63.5	64.5	131.5	132.5	transparent
#888888	65	132	137	64.5	65.5	131.5	132.5	transparent
#939393	66	132	148	65.5	66.5	131.5	132.5	transparent
#A0A0A0	67	132	161	66.5	67.5	131.5	132.5	transparent
#A3A3A3	68	132	164	67.5	68.5	131.5	132.5	transparent
#9A9A9A	69	132	155	68.5	69.5	131.5	132.5	transparent
#7C7C7C	70	132	125	69.5	70.5	131.5	132.5	transparent
#696969	71	132	106	70.5	71.5	131.5	132.5	transparent
#666666	72	132	103	71.5	72.5	131.5	132.5	transparent
#666666	73	132	103	72.5	73.5	131.5	132.5	transparent
#727272	74	132	115	73.5	74.5	131.5	132.5	transparent
#8C8C8C	75	132	141	74.5	75.5	131.5	132.5	transparent
#A0A0A0	76	132	161	75.5	76.5	131.5	132.5	transparent
#A1A1A1	77	132	162	76.5	77.5	131.5	132.5	transparent
#9A9A9A	78	132	155	77.5	78.5	131.5	132.5	transparent
#8F8F8F	79	132	144	78.5	79.5	131.5	132.5	transparent
#868686	80	132	135	79.5	80.5	131.5	132.5	transparent
#7C7C7C	81	132	125	80.5	81.5	131.5	132.5	transparent
#727272	82	132	115	81.5	82.5	131.5	132.5	transparent
#757575	83	132	118	82.5	83.5	131.5	132.5	transparent
#787878	84	132	121	83.5	84.5	131.5	132.5	transparent
#7B7B7B	85	132	124	84.5	85.5	131.5	132.5	transparent
#7B7B7B	86	132	124	85.5	86.5	131.5	132.5	transparent
#777777	87	132	120	86.5	87.5	131.5	132.5	transparent
#767676	88	132	119	87.5	88.5	131.5	132.5	transparent
#747474	89	132	117	88.5	89.5	131.5	132.5	transparent
#6A6A6A	90	132	107	89.5	90.5	131.5	132.5	transparent
#535353	91	132	84	90.5	91.5	131.5	132.5	transparent
#484848	92	132	73	91.5	92.5	131.5	132.5	transparent
#444444	93	132	69	92.5	93.5	131.5	132.5	transparent
#414141	94	132	66	93.5	94.5	131.5	132.5	transparent
#3F3F3F	95	132	64	94.5	95.5	131.5	132.5	transparent
#3E3E3E	96	132	63	95.5	96.5	131.5	132.5	transparent
#3D3D3D	97	132	62	96.5	97.5	131.5	132.5	transparent
#3A3A3A	98	132	59	97.5	98.5	131.5	132.5	transparent
#393939	99	132	58	98.5	99.5	131.5	132.5	transparent
#3A3A3A	100	132	59	99.5	100.5	131.5	132.5	transparent
#383838	101	132	57	100.5	101.5	131.5	132.5	transparent
#383838	102	132	57	101.5	102.5	131.5	132.5	transparent
#363636	103	132	55	102.5	103.5	131.5	132.5	transparent
#333333	104	132	52	103.5	104.5	131.5	132.5	transparent
#333333	105	132	52	104.5	105.5	131.5	132.5	transparent
#333333	106	132	52	105.5	106.5	131.5	132.5	transparent
#2F2F2F	107	132	48	106.5	107.5	131.5	132.5	transparent
#2C2C2C	108	132	45	107.5	108.5	131.5	132.5	transparent
#292929	109	132	42	108.5	109.5	131.5	132.5	transparent
#252525	110	132	38	109.5	110.5	131.5	132.5	transparent
#242424	111	132	37	110.5	111.5	131.5	132.5	transparent
#222222	112	132	35	111.5	112.5	131.5	132.5	transparent
#1D1D1D	113	132	30	112.5	113.5	131.5	132.5	transparent
#191919	114	132	26	113.5	114.5	131.5	132.5	transparent
#141414	115	132	21	114.5	115.5	131.5	132.5	transparent
#111111	116	132	18	115.5	116.5	131.5	132.5	transparent
#0D0D0D	117	132	14	116.5	117.5	131.5	132.5	transparent
#080808	118	132	9	117.5	118.5	131.5	132.5	transparent
#040404	119	132	5	118.5	119.5	131.5	132.5	transparent
#010101	120	132	2	119.5	120.5	131.5	132.5	transparent
#010101	121	132	2	120.5	121.5	131.5	132.5	transparent
#010101	122	132	2	121.5	122.5	131.5	132.5	transparent
#000000	123	132	1	122.5	123.5	131.5	132.5	transparent
#010101	124	132	2	123.5	124.5	131.5	132.5	transparent
#000000	125	132	1	124.5	125.5	131.5	132.5	transparent
#000000	126	132	1	125.5	126.5	131.5	132.5	transparent
#020202	127	132	3	126.5	127.5	131.5	132.5	transparent
#000000	128	132	1	127.5	128.5	131.5	132.5	transparent
#020202	129	132	3	128.5	129.5	131.5	132.5	transparent
#030303	130	132	4	129.5	130.5	131.5	132.5	transparent
#040404	131	132	5	130.5	131.5	131.5	132.5	transparent
#060606	132	132	7	131.5	132.5	131.5	132.5	transparent
#060606	133	132	7	132.5	133.5	131.5	132.5	transparent
#050505	134	132	6	133.5	134.5	131.5	132.5	transparent
#060606	135	132	7	134.5	135.5	131.5	132.5	transparent
#080808	136	132	9	135.5	136.5	131.5	132.5	transparent
#090909	137	132	10	136.5	137.5	131.5	132.5	transparent
#0B0B0B	138	132	12	137.5	138.5	131.5	132.5	transparent
#131313	139	132	20	138.5	139.5	131.5	132.5	transparent
#131313	0	131	20	-0.5	0.5	130.5	131.5	transparent
#131313	1	131	20	0.5	1.5	130.5	131.5	transparent
#131313	2	131	20	1.5	2.5	130.5	131.5	transparent
#131313	3	131	20	2.5	3.5	130.5	131.5	transparent
#131313	4	131	20	3.5	4.5	130.5	131.5	transparent
#131313	5	131	20	4.5	5.5	130.5	131.5	transparent
#131313	6	131	20	5.5	6.5	130.5	131.5	transparent
#131313	7	131	20	6.5	7.5	130.5	131.5	transparent
#131313	8	131	20	7.5	8.5	130.5	131.5	transparent
#131313	9	131	20	8.5	9.5	130.5	131.5	transparent
#121212	10	131	19	9.5	10.5	130.5	131.5	transparent
#131313	11	131	20	10.5	11.5	130.5	131.5	transparent
#121212	12	131	19	11.5	12.5	130.5	131.5	transparent
#111111	13	131	18	12.5	13.5	130.5	131.5	transparent
#121212	14	131	19	13.5	14.5	130.5	131.5	transparent
#111111	15	131	18	14.5	15.5	130.5	131.5	transparent
#111111	16	131	18	15.5	16.5	130.5	131.5	transparent
#101010	17	131	17	16.5	17.5	130.5	131.5	transparent
#101010	18	131	17	17.5	18.5	130.5	131.5	transparent
#0F0F0F	19	131	16	18.5	19.5	130.5	131.5	transparent
#0F0F0F	20	131	16	19.5	20.5	130.5	131.5	transparent
#0F0F0F	21	131	16	20.5	21.5	130.5	131.5	transparent
#0F0F0F	22	131	16	21.5	22.5	130.5	131.5	transparent
#111111	23	131	18	22.5	23.5	130.5	131.5	transparent
#121212	24	131	19	23.5	24.5	130.5	131.5	transparent
#131313	25	131	20	24.5	25.5	130.5	131.5	transparent
#141414	26	131	21	25.5	26.5	130.5	131.5	transparent
#151515	27	131	22	26.5	27.5	130.5	131.5	transparent
#161616	28	131	23	27.5	28.5	130.5	131.5	transparent
#191919	29	131	26	28.5	29.5	130.5	131.5	transparent
#1A1A1A	30	131	27	29.5	30.5	130.5	131.5	transparent
#1C1C1C	31	131	29	30.5	31.5	130.5	131.5	transparent
#1E1E1E	32	131	31	31.5	32.5	130.5	131.5	transparent
#202020	33	131	33	32.5	33.5	130.5	131.5	transparent
#232323	34	131	36	33.5	34.5	130.5	131.5	transparent
#252525	35	131	38	34.5	35.5	130.5	131.5	transparent
#282828	36	131	41	35.5	36.5	130.5	131.5	transparent
#292929	37	131	42	36.5	37.5	130.5	131.5	transparent
#292929	38	131	42	37.5	38.5	130.5	131.5	transparent
#2C2C2C	39	131	45	38.5	39.5	130.5	131.5	transparent
#2D2D2D	40	131	46	39.5	40.5	130.5	131.5	transparent
#2E2E2E	41	131	47	40.5	41.5	130.5	131.5	transparent
#303030	42	131	49	41.5	42.5	130.5	131.5	transparent
#313131	43	131	50	42.5	43.5	130.5	131.5	transparent
#323232	44	131	51	43.5	44.5	130.5	131.5	transparent
#343434	45	131	53	44.5	45.5	130.5	131.5	transparent
#363636	46	131	55	45.5	46.5	130.5	131.5	transparent
#363636	47	131	55	46.5	47.5	130.5	131.5	transparent
#363636	48	131	55	47.5	48.5	130.5	131.5	transparent
#373737	49	131	56	48.5	49.5	130.5	131.5	transparent
#383838	50	131	57	49.5	50.5	130.5	131.5	transparent
#3B3B3B	51	131	60	50.5	51.5	130.5	131.5	transparent
#404040	52	131	65	51.5	52.5	130.5	131.5	transparent
#474747	53	131	72	52.5	53.5	130.5	131.5	transparent
#535353	54	131	84	53.5	54.5	130.5	131.5	transparent
#696969	55	131	106	54.5	55.5	130.5	131.5	transparent
#737373	56	131	116	55.5	56.5	130.5	131.5	transparent
#747474	57	131	117	56.5	57.5	130.5	131.5	transparent
#7E7E7E	58	131	127	57.5	58.5	130.5	131.5	transparent
#7E7E7E	59	131	127	58.5	59.5	130.5	131.5	transparent
#7D7D7D	60	131	126	59.5	60.5	130.5	131.5	transparent
#808080	61	131	129	60.5	61.5	130.5	131.5	transparent
#828282	62	131	131	61.5	62.5	130.5	131.5	transparent
#868686	63	131	135	62.5	63.5	130.5	131.5	transparent
#8A8A8A	64	131	139	63.5	64.5	130.5	131.5	transparent
#8C8C8C	65	131	141	64.5	65.5	130.5	131.5	transparent
#939393	66	131	148	65.5	66.5	130.5	131.5	transparent
#9E9E9E	67	131	159	66.5	67.5	130.5	131.5	transparent
#A3A3A3	68	131	164	67.5	68.5	130.5	131.5	transparent
#939393	69	131	148	68.5	69.5	130.5	131.5	transparent
#7B7B7B	70	131	124	69.5	70.5	130.5	131.5	transparent
#838383	71	131	132	70.5	71.5	130.5	131.5	transparent
#868686	72	131	135	71.5	72.5	130.5	131.5	transparent
#757575	73	131	118	72.5	73.5	130.5	131.5	transparent
#717171	74	131	114	73.5	74.5	130.5	131.5	transparent
#838383	75	131	132	74.5	75.5	130.5	131.5	transparent
#A0A0A0	76	131	161	75.5	76.5	130.5	131.5	transparent
#A5A5A5	77	131	166	76.5	77.5	130.5	131.5	transparent
#9E9E9E	78	131	159	77.5	78.5	130.5	131.5	transparent
#939393	79	131	148	78.5	79.5	130.5	131.5	transparent
#898989	80	131	138	79.5	80.5	130.5	131.5	transparent
#818181	81	131	130	80.5	81.5	130.5	131.5	transparent
#7C7C7C	82	131	125	81.5	82.5	130.5	131.5	transparent
#7D7D7D	83	131	126	82.5	83.5	130.5	131.5	transparent
#7E7E7E	84	131	127	83.5	84.5	130.5	131.5	transparent
#818181	85	131	130	84.5	85.5	130.5	131.5	transparent
#858585	86	131	134	85.5	86.5	130.5	131.5	transparent
#7D7D7D	87	131	126	86.5	87.5	130.5	131.5	transparent
#7B7B7B	88	131	124	87.5	88.5	130.5	131.5	transparent
#797979	89	131	122	88.5	89.5	130.5	131.5	transparent
#6E6E6E	90	131	111	89.5	90.5	130.5	131.5	transparent
#585858	91	131	89	90.5	91.5	130.5	131.5	transparent
#515151	92	131	82	91.5	92.5	130.5	131.5	transparent
#4E4E4E	93	131	79	92.5	93.5	130.5	131.5	transparent
#484848	94	131	73	93.5	94.5	130.5	131.5	transparent
#464646	95	131	71	94.5	95.5	130.5	131.5	transparent
#464646	96	131	71	95.5	96.5	130.5	131.5	transparent
#444444	97	131	69	96.5	97.5	130.5	131.5	transparent
#424242	98	131	67	97.5	98.5	130.5	131.5	transparent
#414141	99	131	66	98.5	99.5	130.5	131.5	transparent
#414141	100	131	66	99.5	100.5	130.5	131.5	transparent
#404040	101	131	65	100.5	101.5	130.5	131.5	transparent
#414141	102	131	66	101.5	102.5	130.5	131.5	transparent
#404040	103	131	65	102.5	103.5	130.5	131.5	transparent
#3D3D3D	104	131	62	103.5	104.5	130.5	131.5	transparent
#3B3B3B	105	131	60	104.5	105.5	130.5	131.5	transparent
#3C3C3C	106	131	61	105.5	106.5	130.5	131.5	transparent
#3B3B3B	107	131	60	106.5	107.5	130.5	131.5	transparent
#383838	108	131	57	107.5	108.5	130.5	131.5	transparent
#343434	109	131	53	108.5	109.5	130.5	131.5	transparent
#313131	110	131	50	109.5	110.5	130.5	131.5	transparent
#2E2E2E	111	131	47	110.5	111.5	130.5	131.5	transparent
#2D2D2D	112	131	46	111.5	112.5	130.5	131.5	transparent
#2B2B2B	113	131	44	112.5	113.5	130.5	131.5	transparent
#272727	114	131	40	113.5	114.5	130.5	131.5	transparent
#232323	115	131	36	114.5	115.5	130.5	131.5	transparent
#202020	116	131	33	115.5	116.5	130.5	131.5	transparent
#1C1C1C	117	131	29	116.5	117.5	130.5	131.5	transparent
#181818	118	131	25	117.5	118.5	130.5	131.5	transparent
#121212	119	131	19	118.5	119.5	130.5	131.5	transparent
#0D0D0D	120	131	14	119.5	120.5	130.5	131.5	transparent
#080808	121	131	9	120.5	121.5	130.5	131.5	transparent
#010101	122	131	2	121.5	122.5	130.5	131.5	transparent
#0F0F0F	123	131	16	122.5	123.5	130.5	131.5	transparent
#767676	124	131	119	123.5	124.5	130.5	131.5	transparent
#4B4B4B	125	131	76	124.5	125.5	130.5	131.5	transparent
#060606	126	131	7	125.5	126.5	130.5	131.5	transparent
#020202	127	131	3	126.5	127.5	130.5	131.5	transparent
#040404	128	131	5	127.5	128.5	130.5	131.5	transparent
#040404	129	131	5	128.5	129.5	130.5	131.5	transparent
#060606	130	131	7	129.5	130.5	130.5	131.5	transparent
#080808	131	131	9	130.5	131.5	130.5	131.5	transparent
#0A0A0A	132	131	11	131.5	132.5	130.5	131.5	transparent
#0A0A0A	133	131	11	132.5	133.5	130.5	131.5	transparent
#0A0A0A	134	131	11	133.5	134.5	130.5	131.5	transparent
#0B0B0B	135	131	12	134.5	135.5	130.5	131.5	transparent
#0D0D0D	136	131	14	135.5	136.5	130.5	131.5	transparent
#0E0E0E	137	131	15	136.5	137.5	130.5	131.5	transparent
#101010	138	131	17	137.5	138.5	130.5	131.5	transparent
#181818	139	131	25	138.5	139.5	130.5	131.5	transparent
#131313	0	130	20	-0.5	0.5	129.5	130.5	transparent
#131313	1	130	20	0.5	1.5	129.5	130.5	transparent
#131313	2	130	20	1.5	2.5	129.5	130.5	transparent
#131313	3	130	20	2.5	3.5	129.5	130.5	transparent
#131313	4	130	20	3.5	4.5	129.5	130.5	transparent
#131313	5	130	20	4.5	5.5	129.5	130.5	transparent
#121212	6	130	19	5.5	6.5	129.5	130.5	transparent
#121212	7	130	19	6.5	7.5	129.5	130.5	transparent
#111111	8	130	18	7.5	8.5	129.5	130.5	transparent
#111111	9	130	18	8.5	9.5	129.5	130.5	transparent
#111111	10	130	18	9.5	10.5	129.5	130.5	transparent
#101010	11	130	17	10.5	11.5	129.5	130.5	transparent
#101010	12	130	17	11.5	12.5	129.5	130.5	transparent
#101010	13	130	17	12.5	13.5	129.5	130.5	transparent
#0F0F0F	14	130	16	13.5	14.5	129.5	130.5	transparent
#0F0F0F	15	130	16	14.5	15.5	129.5	130.5	transparent
#0E0E0E	16	130	15	15.5	16.5	129.5	130.5	transparent
#0E0E0E	17	130	15	16.5	17.5	129.5	130.5	transparent
#0E0E0E	18	130	15	17.5	18.5	129.5	130.5	transparent
#101010	19	130	17	18.5	19.5	129.5	130.5	transparent
#111111	20	130	18	19.5	20.5	129.5	130.5	transparent
#131313	21	130	20	20.5	21.5	129.5	130.5	transparent
#151515	22	130	22	21.5	22.5	129.5	130.5	transparent
#161616	23	130	23	22.5	23.5	129.5	130.5	transparent
#171717	24	130	24	23.5	24.5	129.5	130.5	transparent
#181818	25	130	25	24.5	25.5	129.5	130.5	transparent
#1A1A1A	26	130	27	25.5	26.5	129.5	130.5	transparent
#1C1C1C	27	130	29	26.5	27.5	129.5	130.5	transparent
#1C1C1C	28	130	29	27.5	28.5	129.5	130.5	transparent
#1F1F1F	29	130	32	28.5	29.5	129.5	130.5	transparent
#212121	30	130	34	29.5	30.5	129.5	130.5	transparent
#232323	31	130	36	30.5	31.5	129.5	130.5	transparent
#242424	32	130	37	31.5	32.5	129.5	130.5	transparent
#272727	33	130	40	32.5	33.5	129.5	130.5	transparent
#282828	34	130	41	33.5	34.5	129.5	130.5	transparent
#2A2A2A	35	130	43	34.5	35.5	129.5	130.5	transparent
#2C2C2C	36	130	45	35.5	36.5	129.5	130.5	transparent
#2B2B2B	37	130	44	36.5	37.5	129.5	130.5	transparent
#2D2D2D	38	130	46	37.5	38.5	129.5	130.5	transparent
#2F2F2F	39	130	48	38.5	39.5	129.5	130.5	transparent
#313131	40	130	50	39.5	40.5	129.5	130.5	transparent
#323232	41	130	51	40.5	41.5	129.5	130.5	transparent
#333333	42	130	52	41.5	42.5	129.5	130.5	transparent
#333333	43	130	52	42.5	43.5	129.5	130.5	transparent
#333333	44	130	52	43.5	44.5	129.5	130.5	transparent
#373737	45	130	56	44.5	45.5	129.5	130.5	transparent
#393939	46	130	58	45.5	46.5	129.5	130.5	transparent
#393939	47	130	58	46.5	47.5	129.5	130.5	transparent
#383838	48	130	57	47.5	48.5	129.5	130.5	transparent
#393939	49	130	58	48.5	49.5	129.5	130.5	transparent
#3D3D3D	50	130	62	49.5	50.5	129.5	130.5	transparent
#404040	51	130	65	50.5	51.5	129.5	130.5	transparent
#454545	52	130	70	51.5	52.5	129.5	130.5	transparent
#4C4C4C	53	130	77	52.5	53.5	129.5	130.5	transparent
#555555	54	130	86	53.5	54.5	129.5	130.5	transparent
#686868	55	130	105	54.5	55.5	129.5	130.5	transparent
#747474	56	130	117	55.5	56.5	129.5	130.5	transparent
#7A7A7A	57	130	123	56.5	57.5	129.5	130.5	transparent
#808080	58	130	129	57.5	58.5	129.5	130.5	transparent
#828282	59	130	131	58.5	59.5	129.5	130.5	transparent
#818181	60	130	130	59.5	60.5	129.5	130.5	transparent
#808080	61	130	129	60.5	61.5	129.5	130.5	transparent
#818181	62	130	130	61.5	62.5	129.5	130.5	transparent
#868686	63	130	135	62.5	63.5	129.5	130.5	transparent
#8A8A8A	64	130	139	63.5	64.5	129.5	130.5	transparent
#8D8D8D	65	130	142	64.5	65.5	129.5	130.5	transparent
#949494	66	130	149	65.5	66.5	129.5	130.5	transparent
#9E9E9E	67	130	159	66.5	67.5	129.5	130.5	transparent
#A5A5A5	68	130	166	67.5	68.5	129.5	130.5	transparent
#9B9B9B	69	130	156	68.5	69.5	129.5	130.5	transparent
#969696	70	130	151	69.5	70.5	129.5	130.5	transparent
#969696	71	130	151	70.5	71.5	129.5	130.5	transparent
#898989	72	130	138	71.5	72.5	129.5	130.5	transparent
#8B8B8B	73	130	140	72.5	73.5	129.5	130.5	transparent
#888888	74	130	137	73.5	74.5	129.5	130.5	transparent
#929292	75	130	147	74.5	75.5	129.5	130.5	transparent
#A3A3A3	76	130	164	75.5	76.5	129.5	130.5	transparent
#A2A2A2	77	130	163	76.5	77.5	129.5	130.5	transparent
#989898	78	130	153	77.5	78.5	129.5	130.5	transparent
#909090	79	130	145	78.5	79.5	129.5	130.5	transparent
#8B8B8B	80	130	140	79.5	80.5	129.5	130.5	transparent
#848484	81	130	133	80.5	81.5	129.5	130.5	transparent
#7E7E7E	82	130	127	81.5	82.5	129.5	130.5	transparent
#7F7F7F	83	130	128	82.5	83.5	129.5	130.5	transparent
#818181	84	130	130	83.5	84.5	129.5	130.5	transparent
#858585	85	130	134	84.5	85.5	129.5	130.5	transparent
#878787	86	130	136	85.5	86.5	129.5	130.5	transparent
#838383	87	130	132	86.5	87.5	129.5	130.5	transparent
#808080	88	130	129	87.5	88.5	129.5	130.5	transparent
#7B7B7B	89	130	124	88.5	89.5	129.5	130.5	transparent
#6E6E6E	90	130	111	89.5	90.5	129.5	130.5	transparent
#5A5A5A	91	130	91	90.5	91.5	129.5	130.5	transparent
#555555	92	130	86	91.5	92.5	129.5	130.5	transparent
#545454	93	130	85	92.5	93.5	129.5	130.5	transparent
#505050	94	130	81	93.5	94.5	129.5	130.5	transparent
#4B4B4B	95	130	76	94.5	95.5	129.5	130.5	transparent
#494949	96	130	74	95.5	96.5	129.5	130.5	transparent
#484848	97	130	73	96.5	97.5	129.5	130.5	transparent
#464646	98	130	71	97.5	98.5	129.5	130.5	transparent
#464646	99	130	71	98.5	99.5	129.5	130.5	transparent
#454545	100	130	70	99.5	100.5	129.5	130.5	transparent
#454545	101	130	70	100.5	101.5	129.5	130.5	transparent
#474747	102	130	72	101.5	102.5	129.5	130.5	transparent
#464646	103	130	71	102.5	103.5	129.5	130.5	transparent
#434343	104	130	68	103.5	104.5	129.5	130.5	transparent
#424242	105	130	67	104.5	105.5	129.5	130.5	transparent
#404040	106	130	65	105.5	106.5	129.5	130.5	transparent
#3F3F3F	107	130	64	106.5	107.5	129.5	130.5	transparent
#3F3F3F	108	130	64	107.5	108.5	129.5	130.5	transparent
#3D3D3D	109	130	62	108.5	109.5	129.5	130.5	transparent
#3A3A3A	110	130	59	109.5	110.5	129.5	130.5	transparent
#373737	111	130	56	110.5	111.5	129.5	130.5	transparent
#363636	112	130	55	111.5	112.5	129.5	130.5	transparent
#333333	113	130	52	112.5	113.5	129.5	130.5	transparent
#313131	114	130	50	113.5	114.5	129.5	130.5	transparent
#2D2D2D	115	130	46	114.5	115.5	129.5	130.5	transparent
#2B2B2B	116	130	44	115.5	116.5	129.5	130.5	transparent
#282828	117	130	41	116.5	117.5	129.5	130.5	transparent
#242424	118	130	37	117.5	118.5	129.5	130.5	transparent
#1F1F1F	119	130	32	118.5	119.5	129.5	130.5	transparent
#1B1B1B	120	130	28	119.5	120.5	129.5	130.5	transparent
#161616	121	130	23	120.5	121.5	129.5	130.5	transparent
#090909	122	130	10	121.5	122.5	129.5	130.5	transparent
#5A5A5A	123	130	91	122.5	123.5	129.5	130.5	transparent
#DADADA	124	130	219	123.5	124.5	129.5	130.5	transparent
#CFCFCF	125	130	208	124.5	125.5	129.5	130.5	transparent
#666666	126	130	103	125.5	126.5	129.5	130.5	transparent
#000000	127	130	1	126.5	127.5	129.5	130.5	transparent
#020202	128	130	3	127.5	128.5	129.5	130.5	transparent
#020202	129	130	3	128.5	129.5	129.5	130.5	transparent
#050505	130	130	6	129.5	130.5	129.5	130.5	transparent
#080808	131	130	9	130.5	131.5	129.5	130.5	transparent
#090909	132	130	10	131.5	132.5	129.5	130.5	transparent
#0B0B0B	133	130	12	132.5	133.5	129.5	130.5	transparent
#0B0B0B	134	130	12	133.5	134.5	129.5	130.5	transparent
#0C0C0C	135	130	13	134.5	135.5	129.5	130.5	transparent
#0E0E0E	136	130	15	135.5	136.5	129.5	130.5	transparent
#0F0F0F	137	130	16	136.5	137.5	129.5	130.5	transparent
#111111	138	130	18	137.5	138.5	129.5	130.5	transparent
#191919	139	130	26	138.5	139.5	129.5	130.5	transparent
#131313	0	129	20	-0.5	0.5	128.5	129.5	transparent
#131313	1	129	20	0.5	1.5	128.5	129.5	transparent
#131313	2	129	20	1.5	2.5	128.5	129.5	transparent
#131313	3	129	20	2.5	3.5	128.5	129.5	transparent
#121212	4	129	19	3.5	4.5	128.5	129.5	transparent
#121212	5	129	19	4.5	5.5	128.5	129.5	transparent
#111111	6	129	18	5.5	6.5	128.5	129.5	transparent
#101010	7	129	17	6.5	7.5	128.5	129.5	transparent
#101010	8	129	17	7.5	8.5	128.5	129.5	transparent
#101010	9	129	17	8.5	9.5	128.5	129.5	transparent
#0F0F0F	10	129	16	9.5	10.5	128.5	129.5	transparent
#0F0F0F	11	129	16	10.5	11.5	128.5	129.5	transparent
#0D0D0D	12	129	14	11.5	12.5	128.5	129.5	transparent
#0D0D0D	13	129	14	12.5	13.5	128.5	129.5	transparent
#0D0D0D	14	129	14	13.5	14.5	128.5	129.5	transparent
#0D0D0D	15	129	14	14.5	15.5	128.5	129.5	transparent
#0F0F0F	16	129	16	15.5	16.5	128.5	129.5	transparent
#101010	17	129	17	16.5	17.5	128.5	129.5	transparent
#121212	18	129	19	17.5	18.5	128.5	129.5	transparent
#141414	19	129	21	18.5	19.5	128.5	129.5	transparent
#161616	20	129	23	19.5	20.5	128.5	129.5	transparent
#171717	21	129	24	20.5	21.5	128.5	129.5	transparent
#191919	22	129	26	21.5	22.5	128.5	129.5	transparent
#1C1C1C	23	129	29	22.5	23.5	128.5	129.5	transparent
#1D1D1D	24	129	30	23.5	24.5	128.5	129.5	transparent
#202020	25	129	33	24.5	25.5	128.5	129.5	transparent
#212121	26	129	34	25.5	26.5	128.5	129.5	transparent
#222222	27	129	35	26.5	27.5	128.5	129.5	transparent
#242424	28	129	37	27.5	28.5	128.5	129.5	transparent
#262626	29	129	39	28.5	29.5	128.5	129.5	transparent
#272727	30	129	40	29.5	30.5	128.5	129.5	transparent
#292929	31	129	42	30.5	31.5	128.5	129.5	transparent
#2B2B2B	32	129	44	31.5	32.5	128.5	129.5	transparent
#2C2C2C	33	129	45	32.5	33.5	128.5	129.5	transparent
#2D2D2D	34	129	46	33.5	34.5	128.5	129.5	transparent
#2D2D2D	35	129	46	34.5	35.5	128.5	129.5	transparent
#2D2D2D	36	129	46	35.5	36.5	128.5	129.5	transparent
#2F2F2F	37	129	48	36.5	37.5	128.5	129.5	transparent
#323232	38	129	51	37.5	38.5	128.5	129.5	transparent
#333333	39	129	52	38.5	39.5	128.5	129.5	transparent
#343434	40	129	53	39.5	40.5	128.5	129.5	transparent
#353535	41	129	54	40.5	41.5	128.5	129.5	transparent
#363636	42	129	55	41.5	42.5	128.5	129.5	transparent
#363636	43	129	55	42.5	43.5	128.5	129.5	transparent
#373737	44	129	56	43.5	44.5	128.5	129.5	transparent
#3A3A3A	45	129	59	44.5	45.5	128.5	129.5	transparent
#3C3C3C	46	129	61	45.5	46.5	128.5	129.5	transparent
#3B3B3B	47	129	60	46.5	47.5	128.5	129.5	transparent
#3C3C3C	48	129	61	47.5	48.5	128.5	129.5	transparent
#3E3E3E	49	129	63	48.5	49.5	128.5	129.5	transparent
#3F3F3F	50	129	64	49.5	50.5	128.5	129.5	transparent
#444444	51	129	69	50.5	51.5	128.5	129.5	transparent
#4C4C4C	52	129	77	51.5	52.5	128.5	129.5	transparent
#4F4F4F	53	129	80	52.5	53.5	128.5	129.5	transparent
#555555	54	129	86	53.5	54.5	128.5	129.5	transparent
#6D6D6D	55	129	110	54.5	55.5	128.5	129.5	transparent
#7D7D7D	56	129	126	55.5	56.5	128.5	129.5	transparent
#818181	57	129	130	56.5	57.5	128.5	129.5	transparent
#818181	58	129	130	57.5	58.5	128.5	129.5	transparent
#838383	59	129	132	58.5	59.5	128.5	129.5	transparent
#848484	60	129	133	59.5	60.5	128.5	129.5	transparent
#808080	61	129	129	60.5	61.5	128.5	129.5	transparent
#808080	62	129	129	61.5	62.5	128.5	129.5	transparent
#808080	63	129	129	62.5	63.5	128.5	129.5	transparent
#848484	64	129	133	63.5	64.5	128.5	129.5	transparent
#898989	65	129	138	64.5	65.5	128.5	129.5	transparent
#949494	66	129	149	65.5	66.5	128.5	129.5	transparent
#A4A4A4	67	129	165	66.5	67.5	128.5	129.5	transparent
#ADADAD	68	129	174	67.5	68.5	128.5	129.5	transparent
#A2A2A2	69	129	163	68.5	69.5	128.5	129.5	transparent
#919191	70	129	146	69.5	70.5	128.5	129.5	transparent
#888888	71	129	137	70.5	71.5	128.5	129.5	transparent
#7F7F7F	72	129	128	71.5	72.5	128.5	129.5	transparent
#818181	73	129	130	72.5	73.5	128.5	129.5	transparent
#878787	74	129	136	73.5	74.5	128.5	129.5	transparent
#979797	75	129	152	74.5	75.5	128.5	129.5	transparent
#A7A7A7	76	129	168	75.5	76.5	128.5	129.5	transparent
#A6A6A6	77	129	167	76.5	77.5	128.5	129.5	transparent
#9C9C9C	78	129	157	77.5	78.5	128.5	129.5	transparent
#909090	79	129	145	78.5	79.5	128.5	129.5	transparent
#858585	80	129	134	79.5	80.5	128.5	129.5	transparent
#7E7E7E	81	129	127	80.5	81.5	128.5	129.5	transparent
#7B7B7B	82	129	124	81.5	82.5	128.5	129.5	transparent
#7E7E7E	83	129	127	82.5	83.5	128.5	129.5	transparent
#868686	84	129	135	83.5	84.5	128.5	129.5	transparent
#898989	85	129	138	84.5	85.5	128.5	129.5	transparent
#888888	86	129	137	85.5	86.5	128.5	129.5	transparent
#898989	87	129	138	86.5	87.5	128.5	129.5	transparent
#888888	88	129	137	87.5	88.5	128.5	129.5	transparent
#828282	89	129	131	88.5	89.5	128.5	129.5	transparent
#727272	90	129	115	89.5	90.5	128.5	129.5	transparent
#5C5C5C	91	129	93	90.5	91.5	128.5	129.5	transparent
#575757	92	129	88	91.5	92.5	128.5	129.5	transparent
#565656	93	129	87	92.5	93.5	128.5	129.5	transparent
#555555	94	129	86	93.5	94.5	128.5	129.5	transparent
#515151	95	129	82	94.5	95.5	128.5	129.5	transparent
#4C4C4C	96	129	77	95.5	96.5	128.5	129.5	transparent
#494949	97	129	74	96.5	97.5	128.5	129.5	transparent
#494949	98	129	74	97.5	98.5	128.5	129.5	transparent
#494949	99	129	74	98.5	99.5	128.5	129.5	transparent
#484848	100	129	73	99.5	100.5	128.5	129.5	transparent
#484848	101	129	73	100.5	101.5	128.5	129.5	transparent
#484848	102	129	73	101.5	102.5	128.5	129.5	transparent
#484848	103	129	73	102.5	103.5	128.5	129.5	transparent
#484848	104	129	73	103.5	104.5	128.5	129.5	transparent
#484848	105	129	73	104.5	105.5	128.5	129.5	transparent
#464646	106	129	71	105.5	106.5	128.5	129.5	transparent
#424242	107	129	67	106.5	107.5	128.5	129.5	transparent
#414141	108	129	66	107.5	108.5	128.5	129.5	transparent
#414141	109	129	66	108.5	109.5	128.5	129.5	transparent
#424242	110	129	67	109.5	110.5	128.5	129.5	transparent
#404040	111	129	65	110.5	111.5	128.5	129.5	transparent
#3D3D3D	112	129	62	111.5	112.5	128.5	129.5	transparent
#3A3A3A	113	129	59	112.5	113.5	128.5	129.5	transparent
#373737	114	129	56	113.5	114.5	128.5	129.5	transparent
#353535	115	129	54	114.5	115.5	128.5	129.5	transparent
#333333	116	129	52	115.5	116.5	128.5	129.5	transparent
#303030	117	129	49	116.5	117.5	128.5	129.5	transparent
#2C2C2C	118	129	45	117.5	118.5	128.5	129.5	transparent
#292929	119	129	42	118.5	119.5	128.5	129.5	transparent
#252525	120	129	38	119.5	120.5	128.5	129.5	transparent
#1F1F1F	121	129	32	120.5	121.5	128.5	129.5	transparent
#363636	122	129	55	121.5	122.5	128.5	129.5	transparent
#C9C9C9	123	129	202	122.5	123.5	128.5	129.5	transparent
#999999	124	129	154	123.5	124.5	128.5	129.5	transparent
#565656	125	129	87	124.5	125.5	128.5	129.5	transparent
#515151	126	129	82	125.5	126.5	128.5	129.5	transparent
#0A0A0A	127	129	11	126.5	127.5	128.5	129.5	transparent
#090909	128	129	10	127.5	128.5	128.5	129.5	transparent
#060606	129	129	7	128.5	129.5	128.5	129.5	transparent
#000000	130	129	1	129.5	130.5	128.5	129.5	transparent
#030303	131	129	4	130.5	131.5	128.5	129.5	transparent
#060606	132	129	7	131.5	132.5	128.5	129.5	transparent
#070707	133	129	8	132.5	133.5	128.5	129.5	transparent
#090909	134	129	10	133.5	134.5	128.5	129.5	transparent
#0A0A0A	135	129	11	134.5	135.5	128.5	129.5	transparent
#0B0B0B	136	129	12	135.5	136.5	128.5	129.5	transparent
#0C0C0C	137	129	13	136.5	137.5	128.5	129.5	transparent
#0F0F0F	138	129	16	137.5	138.5	128.5	129.5	transparent
#181818	139	129	25	138.5	139.5	128.5	129.5	transparent
#131313	0	128	20	-0.5	0.5	127.5	128.5	transparent
#131313	1	128	20	0.5	1.5	127.5	128.5	transparent
#131313	2	128	20	1.5	2.5	127.5	128.5	transparent
#121212	3	128	19	2.5	3.5	127.5	128.5	transparent
#121212	4	128	19	3.5	4.5	127.5	128.5	transparent
#111111	5	128	18	4.5	5.5	127.5	128.5	transparent
#101010	6	128	17	5.5	6.5	127.5	128.5	transparent
#0F0F0F	7	128	16	6.5	7.5	127.5	128.5	transparent
#0F0F0F	8	128	16	7.5	8.5	127.5	128.5	transparent
#0E0E0E	9	128	15	8.5	9.5	127.5	128.5	transparent
#0D0D0D	10	128	14	9.5	10.5	127.5	128.5	transparent
#0C0C0C	11	128	13	10.5	11.5	127.5	128.5	transparent
#0C0C0C	12	128	13	11.5	12.5	127.5	128.5	transparent
#0E0E0E	13	128	15	12.5	13.5	127.5	128.5	transparent
#101010	14	128	17	13.5	14.5	127.5	128.5	transparent
#121212	15	128	19	14.5	15.5	127.5	128.5	transparent
#151515	16	128	22	15.5	16.5	127.5	128.5	transparent
#171717	17	128	24	16.5	17.5	127.5	128.5	transparent
#191919	18	128	26	17.5	18.5	127.5	128.5	transparent
#1B1B1B	19	128	28	18.5	19.5	127.5	128.5	transparent
#1D1D1D	20	128	30	19.5	20.5	127.5	128.5	transparent
#1F1F1F	21	128	32	20.5	21.5	127.5	128.5	transparent
#212121	22	128	34	21.5	22.5	127.5	128.5	transparent
#242424	23	128	37	22.5	23.5	127.5	128.5	transparent
#252525	24	128	38	23.5	24.5	127.5	128.5	transparent
#272727	25	128	40	24.5	25.5	127.5	128.5	transparent
#282828	26	128	41	25.5	26.5	127.5	128.5	transparent
#2A2A2A	27	128	43	26.5	27.5	127.5	128.5	transparent
#2A2A2A	28	128	43	27.5	28.5	127.5	128.5	transparent
#2B2B2B	29	128	44	28.5	29.5	127.5	128.5	transparent
#2D2D2D	30	128	46	29.5	30.5	127.5	128.5	transparent
#2F2F2F	31	128	48	30.5	31.5	127.5	128.5	transparent
#2F2F2F	32	128	48	31.5	32.5	127.5	128.5	transparent
#2E2E2E	33	128	47	32.5	33.5	127.5	128.5	transparent
#2E2E2E	34	128	47	33.5	34.5	127.5	128.5	transparent
#313131	35	128	50	34.5	35.5	127.5	128.5	transparent
#323232	36	128	51	35.5	36.5	127.5	128.5	transparent
#353535	37	128	54	36.5	37.5	127.5	128.5	transparent
#363636	38	128	55	37.5	38.5	127.5	128.5	transparent
#363636	39	128	55	38.5	39.5	127.5	128.5	transparent
#363636	40	128	55	39.5	40.5	127.5	128.5	transparent
#363636	41	128	55	40.5	41.5	127.5	128.5	transparent
#393939	42	128	58	41.5	42.5	127.5	128.5	transparent
#3A3A3A	43	128	59	42.5	43.5	127.5	128.5	transparent
#393939	44	128	58	43.5	44.5	127.5	128.5	transparent
#3A3A3A	45	128	59	44.5	45.5	127.5	128.5	transparent
#3E3E3E	46	128	63	45.5	46.5	127.5	128.5	transparent
#3F3F3F	47	128	64	46.5	47.5	127.5	128.5	transparent
#3F3F3F	48	128	64	47.5	48.5	127.5	128.5	transparent
#404040	49	128	65	48.5	49.5	127.5	128.5	transparent
#444444	50	128	69	49.5	50.5	127.5	128.5	transparent
#4C4C4C	51	128	77	50.5	51.5	127.5	128.5	transparent
#515151	52	128	82	51.5	52.5	127.5	128.5	transparent
#545454	53	128	85	52.5	53.5	127.5	128.5	transparent
#5F5F5F	54	128	96	53.5	54.5	127.5	128.5	transparent
#747474	55	128	117	54.5	55.5	127.5	128.5	transparent
#818181	56	128	130	55.5	56.5	127.5	128.5	transparent
#828282	57	128	131	56.5	57.5	127.5	128.5	transparent
#818181	58	128	130	57.5	58.5	127.5	128.5	transparent
#818181	59	128	130	58.5	59.5	127.5	128.5	transparent
#878787	60	128	136	59.5	60.5	127.5	128.5	transparent
#878787	61	128	136	60.5	61.5	127.5	128.5	transparent
#838383	62	128	132	61.5	62.5	127.5	128.5	transparent
#838383	63	128	132	62.5	63.5	127.5	128.5	transparent
#878787	64	128	136	63.5	64.5	127.5	128.5	transparent
#888888	65	128	137	64.5	65.5	127.5	128.5	transparent
#909090	66	128	145	65.5	66.5	127.5	128.5	transparent
#9C9C9C	67	128	157	66.5	67.5	127.5	128.5	transparent
#A9A9A9	68	128	170	67.5	68.5	127.5	128.5	transparent
#A1A1A1	69	128	162	68.5	69.5	127.5	128.5	transparent
#888888	70	128	137	69.5	70.5	127.5	128.5	transparent
#838383	71	128	132	70.5	71.5	127.5	128.5	transparent
#828282	72	128	131	71.5	72.5	127.5	128.5	transparent
#7D7D7D	73	128	126	72.5	73.5	127.5	128.5	transparent
#828282	74	128	131	73.5	74.5	127.5	128.5	transparent
#929292	75	128	147	74.5	75.5	127.5	128.5	transparent
#A6A6A6	76	128	167	75.5	76.5	127.5	128.5	transparent
#A2A2A2	77	128	163	76.5	77.5	127.5	128.5	transparent
#929292	78	128	147	77.5	78.5	127.5	128.5	transparent
#868686	79	128	135	78.5	79.5	127.5	128.5	transparent
#7F7F7F	80	128	128	79.5	80.5	127.5	128.5	transparent
#7C7C7C	81	128	125	80.5	81.5	127.5	128.5	transparent
#7D7D7D	82	128	126	81.5	82.5	127.5	128.5	transparent
#848484	83	128	133	82.5	83.5	127.5	128.5	transparent
#898989	84	128	138	83.5	84.5	127.5	128.5	transparent
#898989	85	128	138	84.5	85.5	127.5	128.5	transparent
#888888	86	128	137	85.5	86.5	127.5	128.5	transparent
#8B8B8B	87	128	140	86.5	87.5	127.5	128.5	transparent
#8B8B8B	88	128	140	87.5	88.5	127.5	128.5	transparent
#898989	89	128	138	88.5	89.5	127.5	128.5	transparent
#7C7C7C	90	128	125	89.5	90.5	127.5	128.5	transparent
#686868	91	128	105	90.5	91.5	127.5	128.5	transparent
#5F5F5F	92	128	96	91.5	92.5	127.5	128.5	transparent
#5B5B5B	93	128	92	92.5	93.5	127.5	128.5	transparent
#575757	94	128	88	93.5	94.5	127.5	128.5	transparent
#545454	95	128	85	94.5	95.5	127.5	128.5	transparent
#515151	96	128	82	95.5	96.5	127.5	128.5	transparent
#4D4D4D	97	128	78	96.5	97.5	127.5	128.5	transparent
#4B4B4B	98	128	76	97.5	98.5	127.5	128.5	transparent
#4A4A4A	99	128	75	98.5	99.5	127.5	128.5	transparent
#4A4A4A	100	128	75	99.5	100.5	127.5	128.5	transparent
#4B4B4B	101	128	76	100.5	101.5	127.5	128.5	transparent
#4B4B4B	102	128	76	101.5	102.5	127.5	128.5	transparent
#4A4A4A	103	128	75	102.5	103.5	127.5	128.5	transparent
#4A4A4A	104	128	75	103.5	104.5	127.5	128.5	transparent
#4B4B4B	105	128	76	104.5	105.5	127.5	128.5	transparent
#4A4A4A	106	128	75	105.5	106.5	127.5	128.5	transparent
#4A4A4A	107	128	75	106.5	107.5	127.5	128.5	transparent
#474747	108	128	72	107.5	108.5	127.5	128.5	transparent
#444444	109	128	69	108.5	109.5	127.5	128.5	transparent
#444444	110	128	69	109.5	110.5	127.5	128.5	transparent
#464646	111	128	71	110.5	111.5	127.5	128.5	transparent
#434343	112	128	68	111.5	112.5	127.5	128.5	transparent
#414141	113	128	66	112.5	113.5	127.5	128.5	transparent
#3F3F3F	114	128	64	113.5	114.5	127.5	128.5	transparent
#3D3D3D	115	128	62	114.5	115.5	127.5	128.5	transparent
#3C3C3C	116	128	61	115.5	116.5	127.5	128.5	transparent
#393939	117	128	58	116.5	117.5	127.5	128.5	transparent
#363636	118	128	55	117.5	118.5	127.5	128.5	transparent
#343434	119	128	53	118.5	119.5	127.5	128.5	transparent
#323232	120	128	51	119.5	120.5	127.5	128.5	transparent
#2D2D2D	121	128	46	120.5	121.5	127.5	128.5	transparent
#555555	122	128	86	121.5	122.5	127.5	128.5	transparent
#B1B1B1	123	128	178	122.5	123.5	127.5	128.5	transparent
#4A4A4A	124	128	75	123.5	124.5	127.5	128.5	transparent
#3B3B3B	125	128	60	124.5	125.5	127.5	128.5	transparent
#7E7E7E	126	128	127	125.5	126.5	127.5	128.5	transparent
#575757	127	128	88	126.5	127.5	127.5	128.5	transparent
#464646	128	128	71	127.5	128.5	127.5	128.5	transparent
#909090	129	128	145	128.5	129.5	127.5	128.5	transparent
#373737	130	128	56	129.5	130.5	127.5	128.5	transparent
#0A0A0A	131	128	11	130.5	131.5	127.5	128.5	transparent
#090909	132	128	10	131.5	132.5	127.5	128.5	transparent
#060606	133	128	7	132.5	133.5	127.5	128.5	transparent
#050505	134	128	6	133.5	134.5	127.5	128.5	transparent
#070707	135	128	8	134.5	135.5	127.5	128.5	transparent
#090909	136	128	10	135.5	136.5	127.5	128.5	transparent
#0A0A0A	137	128	11	136.5	137.5	127.5	128.5	transparent
#0E0E0E	138	128	15	137.5	138.5	127.5	128.5	transparent
#171717	139	128	24	138.5	139.5	127.5	128.5	transparent
#121212	0	127	19	-0.5	0.5	126.5	127.5	transparent
#121212	1	127	19	0.5	1.5	126.5	127.5	transparent
#121212	2	127	19	1.5	2.5	126.5	127.5	transparent
#111111	3	127	18	2.5	3.5	126.5	127.5	transparent
#0F0F0F	4	127	16	3.5	4.5	126.5	127.5	transparent
#0F0F0F	5	127	16	4.5	5.5	126.5	127.5	transparent
#0D0D0D	6	127	14	5.5	6.5	126.5	127.5	transparent
#0C0C0C	7	127	13	6.5	7.5	126.5	127.5	transparent
#0B0B0B	8	127	12	7.5	8.5	126.5	127.5	transparent
#0C0C0C	9	127	13	8.5	9.5	126.5	127.5	transparent
#0E0E0E	10	127	15	9.5	10.5	126.5	127.5	transparent
#0E0E0E	11	127	15	10.5	11.5	126.5	127.5	transparent
#101010	12	127	17	11.5	12.5	126.5	127.5	transparent
#121212	13	127	19	12.5	13.5	126.5	127.5	transparent
#161616	14	127	23	13.5	14.5	126.5	127.5	transparent
#181818	15	127	25	14.5	15.5	126.5	127.5	transparent
#1B1B1B	16	127	28	15.5	16.5	126.5	127.5	transparent
#1F1F1F	17	127	32	16.5	17.5	126.5	127.5	transparent
#212121	18	127	34	17.5	18.5	126.5	127.5	transparent
#242424	19	127	37	18.5	19.5	126.5	127.5	transparent
#272727	20	127	40	19.5	20.5	126.5	127.5	transparent
#292929	21	127	42	20.5	21.5	126.5	127.5	transparent
#2C2C2C	22	127	45	21.5	22.5	126.5	127.5	transparent
#2D2D2D	23	127	46	22.5	23.5	126.5	127.5	transparent
#2D2D2D	24	127	46	23.5	24.5	126.5	127.5	transparent
#2E2E2E	25	127	47	24.5	25.5	126.5	127.5	transparent
#2F2F2F	26	127	48	25.5	26.5	126.5	127.5	transparent
#303030	27	127	49	26.5	27.5	126.5	127.5	transparent
#313131	28	127	50	27.5	28.5	126.5	127.5	transparent
#313131	29	127	50	28.5	29.5	126.5	127.5	transparent
#313131	30	127	50	29.5	30.5	126.5	127.5	transparent
#303030	31	127	49	30.5	31.5	126.5	127.5	transparent
#303030	32	127	49	31.5	32.5	126.5	127.5	transparent
#303030	33	127	49	32.5	33.5	126.5	127.5	transparent
#333333	34	127	52	33.5	34.5	126.5	127.5	transparent
#353535	35	127	54	34.5	35.5	126.5	127.5	transparent
#383838	36	127	57	35.5	36.5	126.5	127.5	transparent
#383838	37	127	57	36.5	37.5	126.5	127.5	transparent
#373737	38	127	56	37.5	38.5	126.5	127.5	transparent
#383838	39	127	57	38.5	39.5	126.5	127.5	transparent
#373737	40	127	56	39.5	40.5	126.5	127.5	transparent
#393939	41	127	58	40.5	41.5	126.5	127.5	transparent
#3C3C3C	42	127	61	41.5	42.5	126.5	127.5	transparent
#3C3C3C	43	127	61	42.5	43.5	126.5	127.5	transparent
#3D3D3D	44	127	62	43.5	44.5	126.5	127.5	transparent
#3F3F3F	45	127	64	44.5	45.5	126.5	127.5	transparent
#424242	46	127	67	45.5	46.5	126.5	127.5	transparent
#424242	47	127	67	46.5	47.5	126.5	127.5	transparent
#414141	48	127	66	47.5	48.5	126.5	127.5	transparent
#454545	49	127	70	48.5	49.5	126.5	127.5	transparent
#4C4C4C	50	127	77	49.5	50.5	126.5	127.5	transparent
#545454	51	127	85	50.5	51.5	126.5	127.5	transparent
#5D5D5D	52	127	94	51.5	52.5	126.5	127.5	transparent
#676767	53	127	104	52.5	53.5	126.5	127.5	transparent
#6F6F6F	54	127	112	53.5	54.5	126.5	127.5	transparent
#808080	55	127	129	54.5	55.5	126.5	127.5	transparent
#888888	56	127	137	55.5	56.5	126.5	127.5	transparent
#898989	57	127	138	56.5	57.5	126.5	127.5	transparent
#878787	58	127	136	57.5	58.5	126.5	127.5	transparent
#848484	59	127	133	58.5	59.5	126.5	127.5	transparent
#8A8A8A	60	127	139	59.5	60.5	126.5	127.5	transparent
#8B8B8B	61	127	140	60.5	61.5	126.5	127.5	transparent
#898989	62	127	138	61.5	62.5	126.5	127.5	transparent
#898989	63	127	138	62.5	63.5	126.5	127.5	transparent
#8C8C8C	64	127	141	63.5	64.5	126.5	127.5	transparent
#909090	65	127	145	64.5	65.5	126.5	127.5	transparent
#979797	66	127	152	65.5	66.5	126.5	127.5	transparent
#9C9C9C	67	127	157	66.5	67.5	126.5	127.5	transparent
#A5A5A5	68	127	166	67.5	68.5	126.5	127.5	transparent
#A0A0A0	69	127	161	68.5	69.5	126.5	127.5	transparent
#888888	70	127	137	69.5	70.5	126.5	127.5	transparent
#7F7F7F	71	127	128	70.5	71.5	126.5	127.5	transparent
#7E7E7E	72	127	127	71.5	72.5	126.5	127.5	transparent
#7F7F7F	73	127	128	72.5	73.5	126.5	127.5	transparent
#808080	74	127	129	73.5	74.5	126.5	127.5	transparent
#929292	75	127	147	74.5	75.5	126.5	127.5	transparent
#A5A5A5	76	127	166	75.5	76.5	126.5	127.5	transparent
#9D9D9D	77	127	158	76.5	77.5	126.5	127.5	transparent
#909090	78	127	145	77.5	78.5	126.5	127.5	transparent
#888888	79	127	137	78.5	79.5	126.5	127.5	transparent
#858585	80	127	134	79.5	80.5	126.5	127.5	transparent
#848484	81	127	133	80.5	81.5	126.5	127.5	transparent
#838383	82	127	132	81.5	82.5	126.5	127.5	transparent
#858585	83	127	134	82.5	83.5	126.5	127.5	transparent
#8C8C8C	84	127	141	83.5	84.5	126.5	127.5	transparent
#8C8C8C	85	127	141	84.5	85.5	126.5	127.5	transparent
#8A8A8A	86	127	139	85.5	86.5	126.5	127.5	transparent
#8F8F8F	87	127	144	86.5	87.5	126.5	127.5	transparent
#909090	88	127	145	87.5	88.5	126.5	127.5	transparent
#919191	89	127	146	88.5	89.5	126.5	127.5	transparent
#848484	90	127	133	89.5	90.5	126.5	127.5	transparent
#737373	91	127	116	90.5	91.5	126.5	127.5	transparent
#6C6C6C	92	127	109	91.5	92.5	126.5	127.5	transparent
#656565	93	127	102	92.5	93.5	126.5	127.5	transparent
#5C5C5C	94	127	93	93.5	94.5	126.5	127.5	transparent
#585858	95	127	89	94.5	95.5	126.5	127.5	transparent
#555555	96	127	86	95.5	96.5	126.5	127.5	transparent
#535353	97	127	84	96.5	97.5	126.5	127.5	transparent
#505050	98	127	81	97.5	98.5	126.5	127.5	transparent
#4F4F4F	99	127	80	98.5	99.5	126.5	127.5	transparent
#4E4E4E	100	127	79	99.5	100.5	126.5	127.5	transparent
#4D4D4D	101	127	78	100.5	101.5	126.5	127.5	transparent
#4D4D4D	102	127	78	101.5	102.5	126.5	127.5	transparent
#4E4E4E	103	127	79	102.5	103.5	126.5	127.5	transparent
#4D4D4D	104	127	78	103.5	104.5	126.5	127.5	transparent
#4E4E4E	105	127	79	104.5	105.5	126.5	127.5	transparent
#4F4F4F	106	127	80	105.5	106.5	126.5	127.5	transparent
#505050	107	127	81	106.5	107.5	126.5	127.5	transparent
#4E4E4E	108	127	79	107.5	108.5	126.5	127.5	transparent
#4C4C4C	109	127	77	108.5	109.5	126.5	127.5	transparent
#494949	110	127	74	109.5	110.5	126.5	127.5	transparent
#474747	111	127	72	110.5	111.5	126.5	127.5	transparent
#474747	112	127	72	111.5	112.5	126.5	127.5	transparent
#464646	113	127	71	112.5	113.5	126.5	127.5	transparent
#474747	114	127	72	113.5	114.5	126.5	127.5	transparent
#454545	115	127	70	114.5	115.5	126.5	127.5	transparent
#464646	116	127	71	115.5	116.5	126.5	127.5	transparent
#454545	117	127	70	116.5	117.5	126.5	127.5	transparent
#424242	118	127	67	117.5	118.5	126.5	127.5	transparent
#404040	119	127	65	118.5	119.5	126.5	127.5	transparent
#3E3E3E	120	127	63	119.5	120.5	126.5	127.5	transparent
#3E3E3E	121	127	63	120.5	121.5	126.5	127.5	transparent
#3C3C3C	122	127	61	121.5	122.5	126.5	127.5	transparent
#3D3D3D	123	127	62	122.5	123.5	126.5	127.5	transparent
#404040	124	127	65	123.5	124.5	126.5	127.5	transparent
#8A8A8A	125	127	139	124.5	125.5	126.5	127.5	transparent
#8C8C8C	126	127	141	125.5	126.5	126.5	127.5	transparent
#9F9F9F	127	127	160	126.5	127.5	126.5	127.5	transparent
#B5B5B5	128	127	182	127.5	128.5	126.5	127.5	transparent
#EAEAEA	129	127	235	128.5	129.5	126.5	127.5	transparent
#CCCCCC	130	127	205	129.5	130.5	126.5	127.5	transparent
#4F4F4F	131	127	80	130.5	131.5	126.5	127.5	transparent
#141414	132	127	21	131.5	132.5	126.5	127.5	transparent
#151515	133	127	22	132.5	133.5	126.5	127.5	transparent
#0F0F0F	134	127	16	133.5	134.5	126.5	127.5	transparent
#0A0A0A	135	127	11	134.5	135.5	126.5	127.5	transparent
#050505	136	127	6	135.5	136.5	126.5	127.5	transparent
#050505	137	127	6	136.5	137.5	126.5	127.5	transparent
#0B0B0B	138	127	12	137.5	138.5	126.5	127.5	transparent
#161616	139	127	23	138.5	139.5	126.5	127.5	transparent
#101010	0	126	17	-0.5	0.5	125.5	126.5	transparent
#0F0F0F	1	126	16	0.5	1.5	125.5	126.5	transparent
#0F0F0F	2	126	16	1.5	2.5	125.5	126.5	transparent
#0E0E0E	3	126	15	2.5	3.5	125.5	126.5	transparent
#0D0D0D	4	126	14	3.5	4.5	125.5	126.5	transparent
#0C0C0C	5	126	13	4.5	5.5	125.5	126.5	transparent
#0B0B0B	6	126	12	5.5	6.5	125.5	126.5	transparent
#0C0C0C	7	126	13	6.5	7.5	125.5	126.5	transparent
#101010	8	126	17	7.5	8.5	125.5	126.5	transparent
#131313	9	126	20	8.5	9.5	125.5	126.5	transparent
#181818	10	126	25	9.5	10.5	125.5	126.5	transparent
#1B1B1B	11	126	28	10.5	11.5	125.5	126.5	transparent
#1D1D1D	12	126	30	11.5	12.5	125.5	126.5	transparent
#1D1D1D	13	126	30	12.5	13.5	125.5	126.5	transparent
#1E1E1E	14	126	31	13.5	14.5	125.5	126.5	transparent
#1F1F1F	15	126	32	14.5	15.5	125.5	126.5	transparent
#232323	16	126	36	15.5	16.5	125.5	126.5	transparent
#272727	17	126	40	16.5	17.5	125.5	126.5	transparent
#292929	18	126	42	17.5	18.5	125.5	126.5	transparent
#2C2C2C	19	126	45	18.5	19.5	125.5	126.5	transparent
#2F2F2F	20	126	48	19.5	20.5	125.5	126.5	transparent
#323232	21	126	51	20.5	21.5	125.5	126.5	transparent
#343434	22	126	53	21.5	22.5	125.5	126.5	transparent
#363636	23	126	55	22.5	23.5	125.5	126.5	transparent
#373737	24	126	56	23.5	24.5	125.5	126.5	transparent
#383838	25	126	57	24.5	25.5	125.5	126.5	transparent
#393939	26	126	58	25.5	26.5	125.5	126.5	transparent
#3A3A3A	27	126	59	26.5	27.5	125.5	126.5	transparent
#393939	28	126	58	27.5	28.5	125.5	126.5	transparent
#383838	29	126	57	28.5	29.5	125.5	126.5	transparent
#363636	30	126	55	29.5	30.5	125.5	126.5	transparent
#373737	31	126	56	30.5	31.5	125.5	126.5	transparent
#3A3A3A	32	126	59	31.5	32.5	125.5	126.5	transparent
#3A3A3A	33	126	59	32.5	33.5	125.5	126.5	transparent
#393939	34	126	58	33.5	34.5	125.5	126.5	transparent
#3B3B3B	35	126	60	34.5	35.5	125.5	126.5	transparent
#3D3D3D	36	126	62	35.5	36.5	125.5	126.5	transparent
#3D3D3D	37	126	62	36.5	37.5	125.5	126.5	transparent
#3C3C3C	38	126	61	37.5	38.5	125.5	126.5	transparent
#3D3D3D	39	126	62	38.5	39.5	125.5	126.5	transparent
#3D3D3D	40	126	62	39.5	40.5	125.5	126.5	transparent
#3E3E3E	41	126	63	40.5	41.5	125.5	126.5	transparent
#3F3F3F	42	126	64	41.5	42.5	125.5	126.5	transparent
#404040	43	126	65	42.5	43.5	125.5	126.5	transparent
#434343	44	126	68	43.5	44.5	125.5	126.5	transparent
#444444	45	126	69	44.5	45.5	125.5	126.5	transparent
#464646	46	126	71	45.5	46.5	125.5	126.5	transparent
#464646	47	126	71	46.5	47.5	125.5	126.5	transparent
#4A4A4A	48	126	75	47.5	48.5	125.5	126.5	transparent
#535353	49	126	84	48.5	49.5	125.5	126.5	transparent
#5B5B5B	50	126	92	49.5	50.5	125.5	126.5	transparent
#636363	51	126	100	50.5	51.5	125.5	126.5	transparent
#6C6C6C	52	126	109	51.5	52.5	125.5	126.5	transparent
#717171	53	126	114	52.5	53.5	125.5	126.5	transparent
#767676	54	126	119	53.5	54.5	125.5	126.5	transparent
#868686	55	126	135	54.5	55.5	125.5	126.5	transparent
#8E8E8E	56	126	143	55.5	56.5	125.5	126.5	transparent
#8F8F8F	57	126	144	56.5	57.5	125.5	126.5	transparent
#8D8D8D	58	126	142	57.5	58.5	125.5	126.5	transparent
#8C8C8C	59	126	141	58.5	59.5	125.5	126.5	transparent
#8D8D8D	60	126	142	59.5	60.5	125.5	126.5	transparent
#8A8A8A	61	126	139	60.5	61.5	125.5	126.5	transparent
#898989	62	126	138	61.5	62.5	125.5	126.5	transparent
#8B8B8B	63	126	140	62.5	63.5	125.5	126.5	transparent
#8D8D8D	64	126	142	63.5	64.5	125.5	126.5	transparent
#949494	65	126	149	64.5	65.5	125.5	126.5	transparent
#A2A2A2	66	126	163	65.5	66.5	125.5	126.5	transparent
#A9A9A9	67	126	170	66.5	67.5	125.5	126.5	transparent
#A4A4A4	68	126	165	67.5	68.5	125.5	126.5	transparent
#9B9B9B	69	126	156	68.5	69.5	125.5	126.5	transparent
#838383	70	126	132	69.5	70.5	125.5	126.5	transparent
#717171	71	126	114	70.5	71.5	125.5	126.5	transparent
#6E6E6E	72	126	111	71.5	72.5	125.5	126.5	transparent
#757575	73	126	118	72.5	73.5	125.5	126.5	transparent
#7F7F7F	74	126	128	73.5	74.5	125.5	126.5	transparent
#8E8E8E	75	126	143	74.5	75.5	125.5	126.5	transparent
#A2A2A2	76	126	163	75.5	76.5	125.5	126.5	transparent
#A4A4A4	77	126	165	76.5	77.5	125.5	126.5	transparent
#9B9B9B	78	126	156	77.5	78.5	125.5	126.5	transparent
#8F8F8F	79	126	144	78.5	79.5	125.5	126.5	transparent
#878787	80	126	136	79.5	80.5	125.5	126.5	transparent
#868686	81	126	135	80.5	81.5	125.5	126.5	transparent
#838383	82	126	132	81.5	82.5	125.5	126.5	transparent
#858585	83	126	134	82.5	83.5	125.5	126.5	transparent
#8E8E8E	84	126	143	83.5	84.5	125.5	126.5	transparent
#909090	85	126	145	84.5	85.5	125.5	126.5	transparent
#929292	86	126	147	85.5	86.5	125.5	126.5	transparent
#979797	87	126	152	86.5	87.5	125.5	126.5	transparent
#9A9A9A	88	126	155	87.5	88.5	125.5	126.5	transparent
#9A9A9A	89	126	155	88.5	89.5	125.5	126.5	transparent
#8D8D8D	90	126	142	89.5	90.5	125.5	126.5	transparent
#7A7A7A	91	126	123	90.5	91.5	125.5	126.5	transparent
#767676	92	126	119	91.5	92.5	125.5	126.5	transparent
#737373	93	126	116	92.5	93.5	125.5	126.5	transparent
#6D6D6D	94	126	110	93.5	94.5	125.5	126.5	transparent
#636363	95	126	100	94.5	95.5	125.5	126.5	transparent
#5C5C5C	96	126	93	95.5	96.5	125.5	126.5	transparent
#575757	97	126	88	96.5	97.5	125.5	126.5	transparent
#555555	98	126	86	97.5	98.5	125.5	126.5	transparent
#535353	99	126	84	98.5	99.5	125.5	126.5	transparent
#525252	100	126	83	99.5	100.5	125.5	126.5	transparent
#515151	101	126	82	100.5	101.5	125.5	126.5	transparent
#525252	102	126	83	101.5	102.5	125.5	126.5	transparent
#525252	103	126	83	102.5	103.5	125.5	126.5	transparent
#535353	104	126	84	103.5	104.5	125.5	126.5	transparent
#525252	105	126	83	104.5	105.5	125.5	126.5	transparent
#545454	106	126	85	105.5	106.5	125.5	126.5	transparent
#545454	107	126	85	106.5	107.5	125.5	126.5	transparent
#535353	108	126	84	107.5	108.5	125.5	126.5	transparent
#525252	109	126	83	108.5	109.5	125.5	126.5	transparent
#515151	110	126	82	109.5	110.5	125.5	126.5	transparent
#4F4F4F	111	126	80	110.5	111.5	125.5	126.5	transparent
#4D4D4D	112	126	78	111.5	112.5	125.5	126.5	transparent
#4E4E4E	113	126	79	112.5	113.5	125.5	126.5	transparent
#4F4F4F	114	126	80	113.5	114.5	125.5	126.5	transparent
#4F4F4F	115	126	80	114.5	115.5	125.5	126.5	transparent
#4F4F4F	116	126	80	115.5	116.5	125.5	126.5	transparent
#4E4E4E	117	126	79	116.5	117.5	125.5	126.5	transparent
#4C4C4C	118	126	77	117.5	118.5	125.5	126.5	transparent
#4A4A4A	119	126	75	118.5	119.5	125.5	126.5	transparent
#484848	120	126	73	119.5	120.5	125.5	126.5	transparent
#484848	121	126	73	120.5	121.5	125.5	126.5	transparent
#464646	122	126	71	121.5	122.5	125.5	126.5	transparent
#464646	123	126	71	122.5	123.5	125.5	126.5	transparent
#505050	124	126	81	123.5	124.5	125.5	126.5	transparent
#989898	125	126	153	124.5	125.5	125.5	126.5	transparent
#777777	126	126	120	125.5	126.5	125.5	126.5	transparent
#A6A6A6	127	126	167	126.5	127.5	125.5	126.5	transparent
#E6E6E6	128	126	231	127.5	128.5	125.5	126.5	transparent
#787878	129	126	121	128.5	129.5	125.5	126.5	transparent
#7F7F7F	130	126	128	129.5	130.5	125.5	126.5	transparent
#555555	131	126	86	130.5	131.5	125.5	126.5	transparent
#2F2F2F	132	126	48	131.5	132.5	125.5	126.5	transparent
#2D2D2D	133	126	46	132.5	133.5	125.5	126.5	transparent
#272727	134	126	40	133.5	134.5	125.5	126.5	transparent
#212121	135	126	34	134.5	135.5	125.5	126.5	transparent
#181818	136	126	25	135.5	136.5	125.5	126.5	transparent
#0C0C0C	137	126	13	136.5	137.5	125.5	126.5	transparent
#080808	138	126	9	137.5	138.5	125.5	126.5	transparent
#131313	139	126	20	138.5	139.5	125.5	126.5	transparent
#0D0D0D	0	125	14	-0.5	0.5	124.5	125.5	transparent
#0C0C0C	1	125	13	0.5	1.5	124.5	125.5	transparent
#0D0D0D	2	125	14	1.5	2.5	124.5	125.5	transparent
#0A0A0A	3	125	11	2.5	3.5	124.5	125.5	transparent
#0A0A0A	4	125	11	3.5	4.5	124.5	125.5	transparent
#0B0B0B	5	125	12	4.5	5.5	124.5	125.5	transparent
#0F0F0F	6	125	16	5.5	6.5	124.5	125.5	transparent
#131313	7	125	20	6.5	7.5	124.5	125.5	transparent
#191919	8	125	26	7.5	8.5	124.5	125.5	transparent
#202020	9	125	33	8.5	9.5	124.5	125.5	transparent
#292929	10	125	42	9.5	10.5	124.5	125.5	transparent
#303030	11	125	49	10.5	11.5	124.5	125.5	transparent
#353535	12	125	54	11.5	12.5	124.5	125.5	transparent
#373737	13	125	56	12.5	13.5	124.5	125.5	transparent
#383838	14	125	57	13.5	14.5	124.5	125.5	transparent
#383838	15	125	57	14.5	15.5	124.5	125.5	transparent
#373737	16	125	56	15.5	16.5	124.5	125.5	transparent
#363636	17	125	55	16.5	17.5	124.5	125.5	transparent
#343434	18	125	53	17.5	18.5	124.5	125.5	transparent
#353535	19	125	54	18.5	19.5	124.5	125.5	transparent
#373737	20	125	56	19.5	20.5	124.5	125.5	transparent
#383838	21	125	57	20.5	21.5	124.5	125.5	transparent
#3A3A3A	22	125	59	21.5	22.5	124.5	125.5	transparent
#3C3C3C	23	125	61	22.5	23.5	124.5	125.5	transparent
#3D3D3D	24	125	62	23.5	24.5	124.5	125.5	transparent
#404040	25	125	65	24.5	25.5	124.5	125.5	transparent
#414141	26	125	66	25.5	26.5	124.5	125.5	transparent
#434343	27	125	68	26.5	27.5	124.5	125.5	transparent
#424242	28	125	67	27.5	28.5	124.5	125.5	transparent
#404040	29	125	65	28.5	29.5	124.5	125.5	transparent
#3E3E3E	30	125	63	29.5	30.5	124.5	125.5	transparent
#424242	31	125	67	30.5	31.5	124.5	125.5	transparent
#464646	32	125	71	31.5	32.5	124.5	125.5	transparent
#434343	33	125	68	32.5	33.5	124.5	125.5	transparent
#3D3D3D	34	125	62	33.5	34.5	124.5	125.5	transparent
#404040	35	125	65	34.5	35.5	124.5	125.5	transparent
#414141	36	125	66	35.5	36.5	124.5	125.5	transparent
#414141	37	125	66	36.5	37.5	124.5	125.5	transparent
#414141	38	125	66	37.5	38.5	124.5	125.5	transparent
#434343	39	125	68	38.5	39.5	124.5	125.5	transparent
#434343	40	125	68	39.5	40.5	124.5	125.5	transparent
#454545	41	125	70	40.5	41.5	124.5	125.5	transparent
#464646	42	125	71	41.5	42.5	124.5	125.5	transparent
#464646	43	125	71	42.5	43.5	124.5	125.5	transparent
#484848	44	125	73	43.5	44.5	124.5	125.5	transparent
#494949	45	125	74	44.5	45.5	124.5	125.5	transparent
#4E4E4E	46	125	79	45.5	46.5	124.5	125.5	transparent
#545454	47	125	85	46.5	47.5	124.5	125.5	transparent
#5D5D5D	48	125	94	47.5	48.5	124.5	125.5	transparent
#616161	49	125	98	48.5	49.5	124.5	125.5	transparent
#666666	50	125	103	49.5	50.5	124.5	125.5	transparent
#6E6E6E	51	125	111	50.5	51.5	124.5	125.5	transparent
#717171	52	125	114	51.5	52.5	124.5	125.5	transparent
#747474	53	125	117	52.5	53.5	124.5	125.5	transparent
#7C7C7C	54	125	125	53.5	54.5	124.5	125.5	transparent
#8D8D8D	55	125	142	54.5	55.5	124.5	125.5	transparent
#949494	56	125	149	55.5	56.5	124.5	125.5	transparent
#919191	57	125	146	56.5	57.5	124.5	125.5	transparent
#8C8C8C	58	125	141	57.5	58.5	124.5	125.5	transparent
#8C8C8C	59	125	141	58.5	59.5	124.5	125.5	transparent
#8F8F8F	60	125	144	59.5	60.5	124.5	125.5	transparent
#8B8B8B	61	125	140	60.5	61.5	124.5	125.5	transparent
#8A8A8A	62	125	139	61.5	62.5	124.5	125.5	transparent
#8E8E8E	63	125	143	62.5	63.5	124.5	125.5	transparent
#8F8F8F	64	125	144	63.5	64.5	124.5	125.5	transparent
#949494	65	125	149	64.5	65.5	124.5	125.5	transparent
#9E9E9E	66	125	159	65.5	66.5	124.5	125.5	transparent
#A3A3A3	67	125	164	66.5	67.5	124.5	125.5	transparent
#A5A5A5	68	125	166	67.5	68.5	124.5	125.5	transparent
#9A9A9A	69	125	155	68.5	69.5	124.5	125.5	transparent
#7B7B7B	70	125	124	69.5	70.5	124.5	125.5	transparent
#6D6D6D	71	125	110	70.5	71.5	124.5	125.5	transparent
#6F6F6F	72	125	112	71.5	72.5	124.5	125.5	transparent
#717171	73	125	114	72.5	73.5	124.5	125.5	transparent
#777777	74	125	120	73.5	74.5	124.5	125.5	transparent
#8B8B8B	75	125	140	74.5	75.5	124.5	125.5	transparent
#9E9E9E	76	125	159	75.5	76.5	124.5	125.5	transparent
#A1A1A1	77	125	162	76.5	77.5	124.5	125.5	transparent
#9B9B9B	78	125	156	77.5	78.5	124.5	125.5	transparent
#8C8C8C	79	125	141	78.5	79.5	124.5	125.5	transparent
#878787	80	125	136	79.5	80.5	124.5	125.5	transparent
#878787	81	125	136	80.5	81.5	124.5	125.5	transparent
#868686	82	125	135	81.5	82.5	124.5	125.5	transparent
#858585	83	125	134	82.5	83.5	124.5	125.5	transparent
#8C8C8C	84	125	141	83.5	84.5	124.5	125.5	transparent
#929292	85	125	147	84.5	85.5	124.5	125.5	transparent
#919191	86	125	146	85.5	86.5	124.5	125.5	transparent
#919191	87	125	146	86.5	87.5	124.5	125.5	transparent
#949494	88	125	149	87.5	88.5	124.5	125.5	transparent
#979797	89	125	152	88.5	89.5	124.5	125.5	transparent
#909090	90	125	145	89.5	90.5	124.5	125.5	transparent
#7F7F7F	91	125	128	90.5	91.5	124.5	125.5	transparent
#797979	92	125	122	91.5	92.5	124.5	125.5	transparent
#767676	93	125	119	92.5	93.5	124.5	125.5	transparent
#747474	94	125	117	93.5	94.5	124.5	125.5	transparent
#727272	95	125	115	94.5	95.5	124.5	125.5	transparent
#6B6B6B	96	125	108	95.5	96.5	124.5	125.5	transparent
#636363	97	125	100	96.5	97.5	124.5	125.5	transparent
#5C5C5C	98	125	93	97.5	98.5	124.5	125.5	transparent
#575757	99	125	88	98.5	99.5	124.5	125.5	transparent
#575757	100	125	88	99.5	100.5	124.5	125.5	transparent
#585858	101	125	89	100.5	101.5	124.5	125.5	transparent
#585858	102	125	89	101.5	102.5	124.5	125.5	transparent
#575757	103	125	88	102.5	103.5	124.5	125.5	transparent
#575757	104	125	88	103.5	104.5	124.5	125.5	transparent
#575757	105	125	88	104.5	105.5	124.5	125.5	transparent
#5A5A5A	106	125	91	105.5	106.5	124.5	125.5	transparent
#595959	107	125	90	106.5	107.5	124.5	125.5	transparent
#575757	108	125	88	107.5	108.5	124.5	125.5	transparent
#575757	109	125	88	108.5	109.5	124.5	125.5	transparent
#5A5A5A	110	125	91	109.5	110.5	124.5	125.5	transparent
#5C5C5C	111	125	93	110.5	111.5	124.5	125.5	transparent
#585858	112	125	89	111.5	112.5	124.5	125.5	transparent
#585858	113	125	89	112.5	113.5	124.5	125.5	transparent
#5A5A5A	114	125	91	113.5	114.5	124.5	125.5	transparent
#595959	115	125	90	114.5	115.5	124.5	125.5	transparent
#575757	116	125	88	115.5	116.5	124.5	125.5	transparent
#545454	117	125	85	116.5	117.5	124.5	125.5	transparent
#535353	118	125	84	117.5	118.5	124.5	125.5	transparent
#525252	119	125	83	118.5	119.5	124.5	125.5	transparent
#505050	120	125	81	119.5	120.5	124.5	125.5	transparent
#505050	121	125	81	120.5	121.5	124.5	125.5	transparent
#535353	122	125	84	121.5	122.5	124.5	125.5	transparent
#595959	123	125	90	122.5	123.5	124.5	125.5	transparent
#5D5D5D	124	125	94	123.5	124.5	124.5	125.5	transparent
#707070	125	125	113	124.5	125.5	124.5	125.5	transparent
#747474	126	125	117	125.5	126.5	124.5	125.5	transparent
#AAAAAA	127	125	171	126.5	127.5	124.5	125.5	transparent
#ACACAC	128	125	173	127.5	128.5	124.5	125.5	transparent
#535353	129	125	84	128.5	129.5	124.5	125.5	transparent
#4D4D4D	130	125	78	129.5	130.5	124.5	125.5	transparent
#4E4E4E	131	125	79	130.5	131.5	124.5	125.5	transparent
#494949	132	125	74	131.5	132.5	124.5	125.5	transparent
#424242	133	125	67	132.5	133.5	124.5	125.5	transparent
#3A3A3A	134	125	59	133.5	134.5	124.5	125.5	transparent
#323232	135	125	51	134.5	135.5	124.5	125.5	transparent
#2C2C2C	136	125	45	135.5	136.5	124.5	125.5	transparent
#262626	137	125	39	136.5	137.5	124.5	125.5	transparent
#242424	138	125	37	137.5	138.5	124.5	125.5	transparent
#282828	139	125	41	138.5	139.5	124.5	125.5	transparent
#0A0A0A	0	124	11	-0.5	0.5	123.5	124.5	transparent
#090909	1	124	10	0.5	1.5	123.5	124.5	transparent
#090909	2	124	10	1.5	2.5	123.5	124.5	transparent
#080808	3	124	9	2.5	3.5	123.5	124.5	transparent
#0C0C0C	4	124	13	3.5	4.5	123.5	124.5	transparent
#111111	5	124	18	4.5	5.5	123.5	124.5	transparent
#171717	6	124	24	5.5	6.5	123.5	124.5	transparent
#1D1D1D	7	124	30	6.5	7.5	123.5	124.5	transparent
#262626	8	124	39	7.5	8.5	123.5	124.5	transparent
#313131	9	124	50	8.5	9.5	123.5	124.5	transparent
#363636	10	124	55	9.5	10.5	123.5	124.5	transparent
#3A3A3A	11	124	59	10.5	11.5	123.5	124.5	transparent
#414141	12	124	66	11.5	12.5	123.5	124.5	transparent
#454545	13	124	70	12.5	13.5	123.5	124.5	transparent
#4A4A4A	14	124	75	13.5	14.5	123.5	124.5	transparent
#4E4E4E	15	124	79	14.5	15.5	123.5	124.5	transparent
#535353	16	124	84	15.5	16.5	123.5	124.5	transparent
#545454	17	124	85	16.5	17.5	123.5	124.5	transparent
#515151	18	124	82	17.5	18.5	123.5	124.5	transparent
#505050	19	124	81	18.5	19.5	123.5	124.5	transparent
#4E4E4E	20	124	79	19.5	20.5	123.5	124.5	transparent
#4E4E4E	21	124	79	20.5	21.5	123.5	124.5	transparent
#4D4D4D	22	124	78	21.5	22.5	123.5	124.5	transparent
#4A4A4A	23	124	75	22.5	23.5	123.5	124.5	transparent
#484848	24	124	73	23.5	24.5	123.5	124.5	transparent
#474747	25	124	72	24.5	25.5	123.5	124.5	transparent
#484848	26	124	73	25.5	26.5	123.5	124.5	transparent
#494949	27	124	74	26.5	27.5	123.5	124.5	transparent
#494949	28	124	74	27.5	28.5	123.5	124.5	transparent
#494949	29	124	74	28.5	29.5	123.5	124.5	transparent
#4B4B4B	30	124	76	29.5	30.5	123.5	124.5	transparent
#535353	31	124	84	30.5	31.5	123.5	124.5	transparent
#4F4F4F	32	124	80	31.5	32.5	123.5	124.5	transparent
#444444	33	124	69	32.5	33.5	123.5	124.5	transparent
#424242	34	124	67	33.5	34.5	123.5	124.5	transparent
#444444	35	124	69	34.5	35.5	123.5	124.5	transparent
#444444	36	124	69	35.5	36.5	123.5	124.5	transparent
#434343	37	124	68	36.5	37.5	123.5	124.5	transparent
#454545	38	124	70	37.5	38.5	123.5	124.5	transparent
#484848	39	124	73	38.5	39.5	123.5	124.5	transparent
#494949	40	124	74	39.5	40.5	123.5	124.5	transparent
#4A4A4A	41	124	75	40.5	41.5	123.5	124.5	transparent
#4B4B4B	42	124	76	41.5	42.5	123.5	124.5	transparent
#4B4B4B	43	124	76	42.5	43.5	123.5	124.5	transparent
#4C4C4C	44	124	77	43.5	44.5	123.5	124.5	transparent
#575757	45	124	88	44.5	45.5	123.5	124.5	transparent
#5E5E5E	46	124	95	45.5	46.5	123.5	124.5	transparent
#606060	47	124	97	46.5	47.5	123.5	124.5	transparent
#626262	48	124	99	47.5	48.5	123.5	124.5	transparent
#6C6C6C	49	124	109	48.5	49.5	123.5	124.5	transparent
#737373	50	124	116	49.5	50.5	123.5	124.5	transparent
#717171	51	124	114	50.5	51.5	123.5	124.5	transparent
#747474	52	124	117	51.5	52.5	123.5	124.5	transparent
#7A7A7A	53	124	123	52.5	53.5	123.5	124.5	transparent
#818181	54	124	130	53.5	54.5	123.5	124.5	transparent
#8C8C8C	55	124	141	54.5	55.5	123.5	124.5	transparent
#8B8B8B	56	124	140	55.5	56.5	123.5	124.5	transparent
#868686	57	124	135	56.5	57.5	123.5	124.5	transparent
#858585	58	124	134	57.5	58.5	123.5	124.5	transparent
#838383	59	124	132	58.5	59.5	123.5	124.5	transparent
#838383	60	124	132	59.5	60.5	123.5	124.5	transparent
#868686	61	124	135	60.5	61.5	123.5	124.5	transparent
#868686	62	124	135	61.5	62.5	123.5	124.5	transparent
#8A8A8A	63	124	139	62.5	63.5	123.5	124.5	transparent
#8F8F8F	64	124	144	63.5	64.5	123.5	124.5	transparent
#949494	65	124	149	64.5	65.5	123.5	124.5	transparent
#A0A0A0	66	124	161	65.5	66.5	123.5	124.5	transparent
#A6A6A6	67	124	167	66.5	67.5	123.5	124.5	transparent
#A8A8A8	68	124	169	67.5	68.5	123.5	124.5	transparent
#A4A4A4	69	124	165	68.5	69.5	123.5	124.5	transparent
#8C8C8C	70	124	141	69.5	70.5	123.5	124.5	transparent
#818181	71	124	130	70.5	71.5	123.5	124.5	transparent
#8A8A8A	72	124	139	71.5	72.5	123.5	124.5	transparent
#8D8D8D	73	124	142	72.5	73.5	123.5	124.5	transparent
#848484	74	124	133	73.5	74.5	123.5	124.5	transparent
#929292	75	124	147	74.5	75.5	123.5	124.5	transparent
#A4A4A4	76	124	165	75.5	76.5	123.5	124.5	transparent
#A3A3A3	77	124	164	76.5	77.5	123.5	124.5	transparent
#9C9C9C	78	124	157	77.5	78.5	123.5	124.5	transparent
#929292	79	124	147	78.5	79.5	123.5	124.5	transparent
#878787	80	124	136	79.5	80.5	123.5	124.5	transparent
#848484	81	124	133	80.5	81.5	123.5	124.5	transparent
#818181	82	124	130	81.5	82.5	123.5	124.5	transparent
#808080	83	124	129	82.5	83.5	123.5	124.5	transparent
#858585	84	124	134	83.5	84.5	123.5	124.5	transparent
#868686	85	124	135	84.5	85.5	123.5	124.5	transparent
#858585	86	124	134	85.5	86.5	123.5	124.5	transparent
#848484	87	124	133	86.5	87.5	123.5	124.5	transparent
#838383	88	124	132	87.5	88.5	123.5	124.5	transparent
#838383	89	124	132	88.5	89.5	123.5	124.5	transparent
#848484	90	124	133	89.5	90.5	123.5	124.5	transparent
#7C7C7C	91	124	125	90.5	91.5	123.5	124.5	transparent
#787878	92	124	121	91.5	92.5	123.5	124.5	transparent
#7A7A7A	93	124	123	92.5	93.5	123.5	124.5	transparent
#7B7B7B	94	124	124	93.5	94.5	123.5	124.5	transparent
#797979	95	124	122	94.5	95.5	123.5	124.5	transparent
#737373	96	124	116	95.5	96.5	123.5	124.5	transparent
#6D6D6D	97	124	110	96.5	97.5	123.5	124.5	transparent
#6A6A6A	98	124	107	97.5	98.5	123.5	124.5	transparent
#636363	99	124	100	98.5	99.5	123.5	124.5	transparent
#5D5D5D	100	124	94	99.5	100.5	123.5	124.5	transparent
#5A5A5A	101	124	91	100.5	101.5	123.5	124.5	transparent
#5C5C5C	102	124	93	101.5	102.5	123.5	124.5	transparent
#5D5D5D	103	124	94	102.5	103.5	123.5	124.5	transparent
#5C5C5C	104	124	93	103.5	104.5	123.5	124.5	transparent
#5C5C5C	105	124	93	104.5	105.5	123.5	124.5	transparent
#5D5D5D	106	124	94	105.5	106.5	123.5	124.5	transparent
#5E5E5E	107	124	95	106.5	107.5	123.5	124.5	transparent
#5C5C5C	108	124	93	107.5	108.5	123.5	124.5	transparent
#5B5B5B	109	124	92	108.5	109.5	123.5	124.5	transparent
#606060	110	124	97	109.5	110.5	123.5	124.5	transparent
#696969	111	124	106	110.5	111.5	123.5	124.5	transparent
#666666	112	124	103	111.5	112.5	123.5	124.5	transparent
#626262	113	124	99	112.5	113.5	123.5	124.5	transparent
#626262	114	124	99	113.5	114.5	123.5	124.5	transparent
#646464	115	124	101	114.5	115.5	123.5	124.5	transparent
#646464	116	124	101	115.5	116.5	123.5	124.5	transparent
#646464	117	124	101	116.5	117.5	123.5	124.5	transparent
#676767	118	124	104	117.5	118.5	123.5	124.5	transparent
#696969	119	124	106	118.5	119.5	123.5	124.5	transparent
#6A6A6A	120	124	107	119.5	120.5	123.5	124.5	transparent
#6D6D6D	121	124	110	120.5	121.5	123.5	124.5	transparent
#6E6E6E	122	124	111	121.5	122.5	123.5	124.5	transparent
#707070	123	124	113	122.5	123.5	123.5	124.5	transparent
#747474	124	124	117	123.5	124.5	123.5	124.5	transparent
#737373	125	124	116	124.5	125.5	123.5	124.5	transparent
#6A6A6A	126	124	107	125.5	126.5	123.5	124.5	transparent
#676767	127	124	104	126.5	127.5	123.5	124.5	transparent
#646464	128	124	101	127.5	128.5	123.5	124.5	transparent
#5F5F5F	129	124	96	128.5	129.5	123.5	124.5	transparent
#5D5D5D	130	124	94	129.5	130.5	123.5	124.5	transparent
#575757	131	124	88	130.5	131.5	123.5	124.5	transparent
#525252	132	124	83	131.5	132.5	123.5	124.5	transparent
#515151	133	124	82	132.5	133.5	123.5	124.5	transparent
#4E4E4E	134	124	79	133.5	134.5	123.5	124.5	transparent
#454545	135	124	70	134.5	135.5	123.5	124.5	transparent
#3C3C3C	136	124	61	135.5	136.5	123.5	124.5	transparent
#343434	137	124	53	136.5	137.5	123.5	124.5	transparent
#3B3B3B	138	124	60	137.5	138.5	123.5	124.5	transparent
#505050	139	124	81	138.5	139.5	123.5	124.5	transparent
#060606	0	123	7	-0.5	0.5	122.5	123.5	transparent
#060606	1	123	7	0.5	1.5	122.5	123.5	transparent
#090909	2	123	10	1.5	2.5	122.5	123.5	transparent
#0E0E0E	3	123	15	2.5	3.5	122.5	123.5	transparent
#111111	4	123	18	3.5	4.5	122.5	123.5	transparent
#161616	5	123	23	4.5	5.5	122.5	123.5	transparent
#202020	6	123	33	5.5	6.5	122.5	123.5	transparent
#2E2E2E	7	123	47	6.5	7.5	122.5	123.5	transparent
#3C3C3C	8	123	61	7.5	8.5	122.5	123.5	transparent
#414141	9	123	66	8.5	9.5	122.5	123.5	transparent
#414141	10	123	66	9.5	10.5	122.5	123.5	transparent
#434343	11	123	68	10.5	11.5	122.5	123.5	transparent
#434343	12	123	68	11.5	12.5	122.5	123.5	transparent
#474747	13	123	72	12.5	13.5	122.5	123.5	transparent
#4E4E4E	14	123	79	13.5	14.5	122.5	123.5	transparent
#505050	15	123	81	14.5	15.5	122.5	123.5	transparent
#545454	16	123	85	15.5	16.5	122.5	123.5	transparent
#595959	17	123	90	16.5	17.5	122.5	123.5	transparent
#5D5D5D	18	123	94	17.5	18.5	122.5	123.5	transparent
#606060	19	123	97	18.5	19.5	122.5	123.5	transparent
#626262	20	123	99	19.5	20.5	122.5	123.5	transparent
#636363	21	123	100	20.5	21.5	122.5	123.5	transparent
#646464	22	123	101	21.5	22.5	122.5	123.5	transparent
#656565	23	123	102	22.5	23.5	122.5	123.5	transparent
#646464	24	123	101	23.5	24.5	122.5	123.5	transparent
#626262	25	123	99	24.5	25.5	122.5	123.5	transparent
#5F5F5F	26	123	96	25.5	26.5	122.5	123.5	transparent
#5A5A5A	27	123	91	26.5	27.5	122.5	123.5	transparent
#545454	28	123	85	27.5	28.5	122.5	123.5	transparent
#525252	29	123	83	28.5	29.5	122.5	123.5	transparent
#5F5F5F	30	123	96	29.5	30.5	122.5	123.5	transparent
#646464	31	123	101	30.5	31.5	122.5	123.5	transparent
#505050	32	123	81	31.5	32.5	122.5	123.5	transparent
#464646	33	123	71	32.5	33.5	122.5	123.5	transparent
#474747	34	123	72	33.5	34.5	122.5	123.5	transparent
#474747	35	123	72	34.5	35.5	122.5	123.5	transparent
#494949	36	123	74	35.5	36.5	122.5	123.5	transparent
#494949	37	123	74	36.5	37.5	122.5	123.5	transparent
#4B4B4B	38	123	76	37.5	38.5	122.5	123.5	transparent
#4D4D4D	39	123	78	38.5	39.5	122.5	123.5	transparent
#4E4E4E	40	123	79	39.5	40.5	122.5	123.5	transparent
#4E4E4E	41	123	79	40.5	41.5	122.5	123.5	transparent
#4F4F4F	42	123	80	41.5	42.5	122.5	123.5	transparent
#545454	43	123	85	42.5	43.5	122.5	123.5	transparent
#5D5D5D	44	123	94	43.5	44.5	122.5	123.5	transparent
#616161	45	123	98	44.5	45.5	122.5	123.5	transparent
#626262	46	123	99	45.5	46.5	122.5	123.5	transparent
#656565	47	123	102	46.5	47.5	122.5	123.5	transparent
#6B6B6B	48	123	108	47.5	48.5	122.5	123.5	transparent
#6B6B6B	49	123	108	48.5	49.5	122.5	123.5	transparent
#616161	50	123	98	49.5	50.5	122.5	123.5	transparent
#5B5B5B	51	123	92	50.5	51.5	122.5	123.5	transparent
#626262	52	123	99	51.5	52.5	122.5	123.5	transparent
#686868	53	123	105	52.5	53.5	122.5	123.5	transparent
#626262	54	123	99	53.5	54.5	122.5	123.5	transparent
#696969	55	123	106	54.5	55.5	122.5	123.5	transparent
#6D6D6D	56	123	110	55.5	56.5	122.5	123.5	transparent
#6B6B6B	57	123	108	56.5	57.5	122.5	123.5	transparent
#676767	58	123	104	57.5	58.5	122.5	123.5	transparent
#6A6A6A	59	123	107	58.5	59.5	122.5	123.5	transparent
#6B6B6B	60	123	108	59.5	60.5	122.5	123.5	transparent
#6C6C6C	61	123	109	60.5	61.5	122.5	123.5	transparent
#787878	62	123	121	61.5	62.5	122.5	123.5	transparent
#838383	63	123	132	62.5	63.5	122.5	123.5	transparent
#878787	64	123	136	63.5	64.5	122.5	123.5	transparent
#8C8C8C	65	123	141	64.5	65.5	122.5	123.5	transparent
#959595	66	123	150	65.5	66.5	122.5	123.5	transparent
#A1A1A1	67	123	162	66.5	67.5	122.5	123.5	transparent
#AAAAAA	68	123	171	67.5	68.5	122.5	123.5	transparent
#A8A8A8	69	123	169	68.5	69.5	122.5	123.5	transparent
#959595	70	123	150	69.5	70.5	122.5	123.5	transparent
#8A8A8A	71	123	139	70.5	71.5	122.5	123.5	transparent
#898989	72	123	138	71.5	72.5	122.5	123.5	transparent
#909090	73	123	145	72.5	73.5	122.5	123.5	transparent
#8F8F8F	74	123	144	73.5	74.5	122.5	123.5	transparent
#9A9A9A	75	123	155	74.5	75.5	122.5	123.5	transparent
#AAAAAA	76	123	171	75.5	76.5	122.5	123.5	transparent
#A3A3A3	77	123	164	76.5	77.5	122.5	123.5	transparent
#959595	78	123	150	77.5	78.5	122.5	123.5	transparent
#8C8C8C	79	123	141	78.5	79.5	122.5	123.5	transparent
#868686	80	123	135	79.5	80.5	122.5	123.5	transparent
#838383	81	123	132	80.5	81.5	122.5	123.5	transparent
#808080	82	123	129	81.5	82.5	122.5	123.5	transparent
#797979	83	123	122	82.5	83.5	122.5	123.5	transparent
#777777	84	123	120	83.5	84.5	122.5	123.5	transparent
#757575	85	123	118	84.5	85.5	122.5	123.5	transparent
#707070	86	123	113	85.5	86.5	122.5	123.5	transparent
#696969	87	123	106	86.5	87.5	122.5	123.5	transparent
#676767	88	123	104	87.5	88.5	122.5	123.5	transparent
#686868	89	123	105	88.5	89.5	122.5	123.5	transparent
#656565	90	123	102	89.5	90.5	122.5	123.5	transparent
#606060	91	123	97	90.5	91.5	122.5	123.5	transparent
#626262	92	123	99	91.5	92.5	122.5	123.5	transparent
#666666	93	123	103	92.5	93.5	122.5	123.5	transparent
#707070	94	123	113	93.5	94.5	122.5	123.5	transparent
#787878	95	123	121	94.5	95.5	122.5	123.5	transparent
#7B7B7B	96	123	124	95.5	96.5	122.5	123.5	transparent
#757575	97	123	118	96.5	97.5	122.5	123.5	transparent
#6D6D6D	98	123	110	97.5	98.5	122.5	123.5	transparent
#6C6C6C	99	123	109	98.5	99.5	122.5	123.5	transparent
#6C6C6C	100	123	109	99.5	100.5	122.5	123.5	transparent
#656565	101	123	102	100.5	101.5	122.5	123.5	transparent
#616161	102	123	98	101.5	102.5	122.5	123.5	transparent
#616161	103	123	98	102.5	103.5	122.5	123.5	transparent
#626262	104	123	99	103.5	104.5	122.5	123.5	transparent
#626262	105	123	99	104.5	105.5	122.5	123.5	transparent
#636363	106	123	100	105.5	106.5	122.5	123.5	transparent
#626262	107	123	99	106.5	107.5	122.5	123.5	transparent
#626262	108	123	99	107.5	108.5	122.5	123.5	transparent
#636363	109	123	100	108.5	109.5	122.5	123.5	transparent
#676767	110	123	104	109.5	110.5	122.5	123.5	transparent
#757575	111	123	118	110.5	111.5	122.5	123.5	transparent
#777777	112	123	120	111.5	112.5	122.5	123.5	transparent
#707070	113	123	113	112.5	113.5	122.5	123.5	transparent
#747474	114	123	117	113.5	114.5	122.5	123.5	transparent
#7A7A7A	115	123	123	114.5	115.5	122.5	123.5	transparent
#7E7E7E	116	123	127	115.5	116.5	122.5	123.5	transparent
#808080	117	123	129	116.5	117.5	122.5	123.5	transparent
#808080	118	123	129	117.5	118.5	122.5	123.5	transparent
#7F7F7F	119	123	128	118.5	119.5	122.5	123.5	transparent
#7B7B7B	120	123	124	119.5	120.5	122.5	123.5	transparent
#7A7A7A	121	123	123	120.5	121.5	122.5	123.5	transparent
#777777	122	123	120	121.5	122.5	122.5	123.5	transparent
#727272	123	123	115	122.5	123.5	122.5	123.5	transparent
#6E6E6E	124	123	111	123.5	124.5	122.5	123.5	transparent
#6B6B6B	125	123	108	124.5	125.5	122.5	123.5	transparent
#6B6B6B	126	123	108	125.5	126.5	122.5	123.5	transparent
#6A6A6A	127	123	107	126.5	127.5	122.5	123.5	transparent
#696969	128	123	106	127.5	128.5	122.5	123.5	transparent
#6B6B6B	129	123	108	128.5	129.5	122.5	123.5	transparent
#666666	130	123	103	129.5	130.5	122.5	123.5	transparent
#606060	131	123	97	130.5	131.5	122.5	123.5	transparent
#5D5D5D	132	123	94	131.5	132.5	122.5	123.5	transparent
#5D5D5D	133	123	94	132.5	133.5	122.5	123.5	transparent
#5E5E5E	134	123	95	133.5	134.5	122.5	123.5	transparent
#5C5C5C	135	123	93	134.5	135.5	122.5	123.5	transparent
#555555	136	123	86	135.5	136.5	122.5	123.5	transparent
#444444	137	123	69	136.5	137.5	122.5	123.5	transparent
#474747	138	123	72	137.5	138.5	122.5	123.5	transparent
#5E5E5E	139	123	95	138.5	139.5	122.5	123.5	transparent
#080808	0	122	9	-0.5	0.5	121.5	122.5	transparent
#0B0B0B	1	122	12	0.5	1.5	121.5	122.5	transparent
#101010	2	122	17	1.5	2.5	121.5	122.5	transparent
#151515	3	122	22	2.5	3.5	121.5	122.5	transparent
#191919	4	122	26	3.5	4.5	121.5	122.5	transparent
#2C2C2C	5	122	45	4.5	5.5	121.5	122.5	transparent
#484848	6	122	73	5.5	6.5	121.5	122.5	transparent
#535353	7	122	84	6.5	7.5	121.5	122.5	transparent
#5A5A5A	8	122	91	7.5	8.5	121.5	122.5	transparent
#5F5F5F	9	122	96	8.5	9.5	121.5	122.5	transparent
#5B5B5B	10	122	92	9.5	10.5	121.5	122.5	transparent
#5F5F5F	11	122	96	10.5	11.5	121.5	122.5	transparent
#5F5F5F	12	122	96	11.5	12.5	121.5	122.5	transparent
#616161	13	122	98	12.5	13.5	121.5	122.5	transparent
#646464	14	122	101	13.5	14.5	121.5	122.5	transparent
#636363	15	122	100	14.5	15.5	121.5	122.5	transparent
#626262	16	122	99	15.5	16.5	121.5	122.5	transparent
#606060	17	122	97	16.5	17.5	121.5	122.5	transparent
#606060	18	122	97	17.5	18.5	121.5	122.5	transparent
#636363	19	122	100	18.5	19.5	121.5	122.5	transparent
#686868	20	122	105	19.5	20.5	121.5	122.5	transparent
#6A6A6A	21	122	107	20.5	21.5	121.5	122.5	transparent
#696969	22	122	106	21.5	22.5	121.5	122.5	transparent
#6A6A6A	23	122	107	22.5	23.5	121.5	122.5	transparent
#6C6C6C	24	122	109	23.5	24.5	121.5	122.5	transparent
#707070	25	122	113	24.5	25.5	121.5	122.5	transparent
#727272	26	122	115	25.5	26.5	121.5	122.5	transparent
#707070	27	122	113	26.5	27.5	121.5	122.5	transparent
#6F6F6F	28	122	112	27.5	28.5	121.5	122.5	transparent
#777777	29	122	120	28.5	29.5	121.5	122.5	transparent
#7C7C7C	30	122	125	29.5	30.5	121.5	122.5	transparent
#676767	31	122	104	30.5	31.5	121.5	122.5	transparent
#575757	32	122	88	31.5	32.5	121.5	122.5	transparent
#545454	33	122	85	32.5	33.5	121.5	122.5	transparent
#4D4D4D	34	122	78	33.5	34.5	121.5	122.5	transparent
#4B4B4B	35	122	76	34.5	35.5	121.5	122.5	transparent
#4E4E4E	36	122	79	35.5	36.5	121.5	122.5	transparent
#505050	37	122	81	36.5	37.5	121.5	122.5	transparent
#515151	38	122	82	37.5	38.5	121.5	122.5	transparent
#515151	39	122	82	38.5	39.5	121.5	122.5	transparent
#525252	40	122	83	39.5	40.5	121.5	122.5	transparent
#555555	41	122	86	40.5	41.5	121.5	122.5	transparent
#5C5C5C	42	122	93	41.5	42.5	121.5	122.5	transparent
#636363	43	122	100	42.5	43.5	121.5	122.5	transparent
#636363	44	122	100	43.5	44.5	121.5	122.5	transparent
#686868	45	122	105	44.5	45.5	121.5	122.5	transparent
#6B6B6B	46	122	108	45.5	46.5	121.5	122.5	transparent
#676767	47	122	104	46.5	47.5	121.5	122.5	transparent
#5C5C5C	48	122	93	47.5	48.5	121.5	122.5	transparent
#515151	49	122	82	48.5	49.5	121.5	122.5	transparent
#4D4D4D	50	122	78	49.5	50.5	121.5	122.5	transparent
#4F4F4F	51	122	80	50.5	51.5	121.5	122.5	transparent
#545454	52	122	85	51.5	52.5	121.5	122.5	transparent
#4D4D4D	53	122	78	52.5	53.5	121.5	122.5	transparent
#444444	54	122	69	53.5	54.5	121.5	122.5	transparent
#4B4B4B	55	122	76	54.5	55.5	121.5	122.5	transparent
#4D4D4D	56	122	78	55.5	56.5	121.5	122.5	transparent
#4B4B4B	57	122	76	56.5	57.5	121.5	122.5	transparent
#434343	58	122	68	57.5	58.5	121.5	122.5	transparent
#434343	59	122	68	58.5	59.5	121.5	122.5	transparent
#4A4A4A	60	122	75	59.5	60.5	121.5	122.5	transparent
#545454	61	122	85	60.5	61.5	121.5	122.5	transparent
#616161	62	122	98	61.5	62.5	121.5	122.5	transparent
#6E6E6E	63	122	111	62.5	63.5	121.5	122.5	transparent
#7B7B7B	64	122	124	63.5	64.5	121.5	122.5	transparent
#868686	65	122	135	64.5	65.5	121.5	122.5	transparent
#8D8D8D	66	122	142	65.5	66.5	121.5	122.5	transparent
#9A9A9A	67	122	155	66.5	67.5	121.5	122.5	transparent
#A4A4A4	68	122	165	67.5	68.5	121.5	122.5	transparent
#A4A4A4	69	122	165	68.5	69.5	121.5	122.5	transparent
#929292	70	122	147	69.5	70.5	121.5	122.5	transparent
#878787	71	122	136	70.5	71.5	121.5	122.5	transparent
#878787	72	122	136	71.5	72.5	121.5	122.5	transparent
#898989	73	122	138	72.5	73.5	121.5	122.5	transparent
#818181	74	122	130	73.5	74.5	121.5	122.5	transparent
#909090	75	122	145	74.5	75.5	121.5	122.5	transparent
#A2A2A2	76	122	163	75.5	76.5	121.5	122.5	transparent
#9C9C9C	77	122	157	76.5	77.5	121.5	122.5	transparent
#8F8F8F	78	122	144	77.5	78.5	121.5	122.5	transparent
#8C8C8C	79	122	141	78.5	79.5	121.5	122.5	transparent
#8F8F8F	80	122	144	79.5	80.5	121.5	122.5	transparent
#858585	81	122	134	80.5	81.5	121.5	122.5	transparent
#747474	82	122	117	81.5	82.5	121.5	122.5	transparent
#6B6B6B	83	122	108	82.5	83.5	121.5	122.5	transparent
#646464	84	122	101	83.5	84.5	121.5	122.5	transparent
#5A5A5A	85	122	91	84.5	85.5	121.5	122.5	transparent
#525252	86	122	83	85.5	86.5	121.5	122.5	transparent
#505050	87	122	81	86.5	87.5	121.5	122.5	transparent
#515151	88	122	82	87.5	88.5	121.5	122.5	transparent
#545454	89	122	85	88.5	89.5	121.5	122.5	transparent
#565656	90	122	87	89.5	90.5	121.5	122.5	transparent
#4E4E4E	91	122	79	90.5	91.5	121.5	122.5	transparent
#525252	92	122	83	91.5	92.5	121.5	122.5	transparent
#555555	93	122	86	92.5	93.5	121.5	122.5	transparent
#565656	94	122	87	93.5	94.5	121.5	122.5	transparent
#5B5B5B	95	122	92	94.5	95.5	121.5	122.5	transparent
#666666	96	122	103	95.5	96.5	121.5	122.5	transparent
#737373	97	122	116	96.5	97.5	121.5	122.5	transparent
#787878	98	122	121	97.5	98.5	121.5	122.5	transparent
#747474	99	122	117	98.5	99.5	121.5	122.5	transparent
#707070	100	122	113	99.5	100.5	121.5	122.5	transparent
#717171	101	122	114	100.5	101.5	121.5	122.5	transparent
#707070	102	122	113	101.5	102.5	121.5	122.5	transparent
#6A6A6A	103	122	107	102.5	103.5	121.5	122.5	transparent
#686868	104	122	105	103.5	104.5	121.5	122.5	transparent
#686868	105	122	105	104.5	105.5	121.5	122.5	transparent
#6A6A6A	106	122	107	105.5	106.5	121.5	122.5	transparent
#6A6A6A	107	122	107	106.5	107.5	121.5	122.5	transparent
#6E6E6E	108	122	111	107.5	108.5	121.5	122.5	transparent
#747474	109	122	117	108.5	109.5	121.5	122.5	transparent
#767676	110	122	119	109.5	110.5	121.5	122.5	transparent
#818181	111	122	130	110.5	111.5	121.5	122.5	transparent
#919191	112	122	146	111.5	112.5	121.5	122.5	transparent
#909090	113	122	145	112.5	113.5	121.5	122.5	transparent
#8B8B8B	114	122	140	113.5	114.5	121.5	122.5	transparent
#888888	115	122	137	114.5	115.5	121.5	122.5	transparent
#868686	116	122	135	115.5	116.5	121.5	122.5	transparent
#848484	117	122	133	116.5	117.5	121.5	122.5	transparent
#828282	118	122	131	117.5	118.5	121.5	122.5	transparent
#828282	119	122	131	118.5	119.5	121.5	122.5	transparent
#828282	120	122	131	119.5	120.5	121.5	122.5	transparent
#838383	121	122	132	120.5	121.5	121.5	122.5	transparent
#7F7F7F	122	122	128	121.5	122.5	121.5	122.5	transparent
#7D7D7D	123	122	126	122.5	123.5	121.5	122.5	transparent
#818181	124	122	130	123.5	124.5	121.5	122.5	transparent
#838383	125	122	132	124.5	125.5	121.5	122.5	transparent
#838383	126	122	132	125.5	126.5	121.5	122.5	transparent
#828282	127	122	131	126.5	127.5	121.5	122.5	transparent
#808080	128	122	129	127.5	128.5	121.5	122.5	transparent
#7E7E7E	129	122	127	128.5	129.5	121.5	122.5	transparent
#7B7B7B	130	122	124	129.5	130.5	121.5	122.5	transparent
#767676	131	122	119	130.5	131.5	121.5	122.5	transparent
#747474	132	122	117	131.5	132.5	121.5	122.5	transparent
#707070	133	122	113	132.5	133.5	121.5	122.5	transparent
#707070	134	122	113	133.5	134.5	121.5	122.5	transparent
#757575	135	122	118	134.5	135.5	121.5	122.5	transparent
#7E7E7E	136	122	127	135.5	136.5	121.5	122.5	transparent
#767676	137	122	119	136.5	137.5	121.5	122.5	transparent
#656565	138	122	102	137.5	138.5	121.5	122.5	transparent
#6D6D6D	139	122	110	138.5	139.5	121.5	122.5	transparent
#151515	0	121	22	-0.5	0.5	120.5	121.5	transparent
#141414	1	121	21	0.5	1.5	120.5	121.5	transparent
#1B1B1B	2	121	28	1.5	2.5	120.5	121.5	transparent
#2A2A2A	3	121	43	2.5	3.5	120.5	121.5	transparent
#464646	4	121	71	3.5	4.5	120.5	121.5	transparent
#656565	5	121	102	4.5	5.5	120.5	121.5	transparent
#757575	6	121	118	5.5	6.5	120.5	121.5	transparent
#777777	7	121	120	6.5	7.5	120.5	121.5	transparent
#6D6D6D	8	121	110	7.5	8.5	120.5	121.5	transparent
#6A6A6A	9	121	107	8.5	9.5	120.5	121.5	transparent
#696969	10	121	106	9.5	10.5	120.5	121.5	transparent
#6E6E6E	11	121	111	10.5	11.5	120.5	121.5	transparent
#717171	12	121	114	11.5	12.5	120.5	121.5	transparent
#757575	13	121	118	12.5	13.5	120.5	121.5	transparent
#787878	14	121	121	13.5	14.5	120.5	121.5	transparent
#797979	15	121	122	14.5	15.5	120.5	121.5	transparent
#797979	16	121	122	15.5	16.5	120.5	121.5	transparent
#787878	17	121	121	16.5	17.5	120.5	121.5	transparent
#777777	18	121	120	17.5	18.5	120.5	121.5	transparent
#737373	19	121	116	18.5	19.5	120.5	121.5	transparent
#707070	20	121	113	19.5	20.5	120.5	121.5	transparent
#717171	21	121	114	20.5	21.5	120.5	121.5	transparent
#717171	22	121	114	21.5	22.5	120.5	121.5	transparent
#717171	23	121	114	22.5	23.5	120.5	121.5	transparent
#707070	24	121	113	23.5	24.5	120.5	121.5	transparent
#707070	25	121	113	24.5	25.5	120.5	121.5	transparent
#717171	26	121	114	25.5	26.5	120.5	121.5	transparent
#767676	27	121	119	26.5	27.5	120.5	121.5	transparent
#878787	28	121	136	27.5	28.5	120.5	121.5	transparent
#969696	29	121	151	28.5	29.5	120.5	121.5	transparent
#909090	30	121	145	29.5	30.5	120.5	121.5	transparent
#767676	31	121	119	30.5	31.5	120.5	121.5	transparent
#6B6B6B	32	121	108	31.5	32.5	120.5	121.5	transparent
#666666	33	121	103	32.5	33.5	120.5	121.5	transparent
#626262	34	121	99	33.5	34.5	120.5	121.5	transparent
#5C5C5C	35	121	93	34.5	35.5	120.5	121.5	transparent
#575757	36	121	88	35.5	36.5	120.5	121.5	transparent
#555555	37	121	86	36.5	37.5	120.5	121.5	transparent
#555555	38	121	86	37.5	38.5	120.5	121.5	transparent
#565656	39	121	87	38.5	39.5	120.5	121.5	transparent
#5B5B5B	40	121	92	39.5	40.5	120.5	121.5	transparent
#646464	41	121	101	40.5	41.5	120.5	121.5	transparent
#676767	42	121	104	41.5	42.5	120.5	121.5	transparent
#686868	43	121	105	42.5	43.5	120.5	121.5	transparent
#6E6E6E	44	121	111	43.5	44.5	120.5	121.5	transparent
#717171	45	121	114	44.5	45.5	120.5	121.5	transparent
#656565	46	121	102	45.5	46.5	120.5	121.5	transparent
#555555	47	121	86	46.5	47.5	120.5	121.5	transparent
#4B4B4B	48	121	76	47.5	48.5	120.5	121.5	transparent
#484848	49	121	73	48.5	49.5	120.5	121.5	transparent
#454545	50	121	70	49.5	50.5	120.5	121.5	transparent
#484848	51	121	73	50.5	51.5	120.5	121.5	transparent
#454545	52	121	70	51.5	52.5	120.5	121.5	transparent
#373737	53	121	56	52.5	53.5	120.5	121.5	transparent
#3E3E3E	54	121	63	53.5	54.5	120.5	121.5	transparent
#494949	55	121	74	54.5	55.5	120.5	121.5	transparent
#4B4B4B	56	121	76	55.5	56.5	120.5	121.5	transparent
#4B4B4B	57	121	76	56.5	57.5	120.5	121.5	transparent
#484848	58	121	73	57.5	58.5	120.5	121.5	transparent
#404040	59	121	65	58.5	59.5	120.5	121.5	transparent
#3F3F3F	60	121	64	59.5	60.5	120.5	121.5	transparent
#454545	61	121	70	60.5	61.5	120.5	121.5	transparent
#515151	62	121	82	61.5	62.5	120.5	121.5	transparent
#606060	63	121	97	62.5	63.5	120.5	121.5	transparent
#6A6A6A	64	121	107	63.5	64.5	120.5	121.5	transparent
#7C7C7C	65	121	125	64.5	65.5	120.5	121.5	transparent
#8E8E8E	66	121	143	65.5	66.5	120.5	121.5	transparent
#9A9A9A	67	121	155	66.5	67.5	120.5	121.5	transparent
#A4A4A4	68	121	165	67.5	68.5	120.5	121.5	transparent
#A4A4A4	69	121	165	68.5	69.5	120.5	121.5	transparent
#919191	70	121	146	69.5	70.5	120.5	121.5	transparent
#868686	71	121	135	70.5	71.5	120.5	121.5	transparent
#8A8A8A	72	121	139	71.5	72.5	120.5	121.5	transparent
#818181	73	121	130	72.5	73.5	120.5	121.5	transparent
#7A7A7A	74	121	123	73.5	74.5	120.5	121.5	transparent
#8D8D8D	75	121	142	74.5	75.5	120.5	121.5	transparent
#A0A0A0	76	121	161	75.5	76.5	120.5	121.5	transparent
#9C9C9C	77	121	157	76.5	77.5	120.5	121.5	transparent
#969696	78	121	151	77.5	78.5	120.5	121.5	transparent
#949494	79	121	149	78.5	79.5	120.5	121.5	transparent
#898989	80	121	138	79.5	80.5	120.5	121.5	transparent
#747474	81	121	117	80.5	81.5	120.5	121.5	transparent
#676767	82	121	104	81.5	82.5	120.5	121.5	transparent
#5B5B5B	83	121	92	82.5	83.5	120.5	121.5	transparent
#4C4C4C	84	121	77	83.5	84.5	120.5	121.5	transparent
#515151	85	121	82	84.5	85.5	120.5	121.5	transparent
#565656	86	121	87	85.5	86.5	120.5	121.5	transparent
#555555	87	121	86	86.5	87.5	120.5	121.5	transparent
#565656	88	121	87	87.5	88.5	120.5	121.5	transparent
#565656	89	121	87	88.5	89.5	120.5	121.5	transparent
#575757	90	121	88	89.5	90.5	120.5	121.5	transparent
#515151	91	121	82	90.5	91.5	120.5	121.5	transparent
#4B4B4B	92	121	76	91.5	92.5	120.5	121.5	transparent
#535353	93	121	84	92.5	93.5	120.5	121.5	transparent
#515151	94	121	82	93.5	94.5	120.5	121.5	transparent
#535353	95	121	84	94.5	95.5	120.5	121.5	transparent
#555555	96	121	86	95.5	96.5	120.5	121.5	transparent
#5A5A5A	97	121	91	96.5	97.5	120.5	121.5	transparent
#656565	98	121	102	97.5	98.5	120.5	121.5	transparent
#727272	99	121	115	98.5	99.5	120.5	121.5	transparent
#7B7B7B	100	121	124	99.5	100.5	120.5	121.5	transparent
#787878	101	121	121	100.5	101.5	120.5	121.5	transparent
#777777	102	121	120	101.5	102.5	120.5	121.5	transparent
#7D7D7D	103	121	126	102.5	103.5	120.5	121.5	transparent
#7A7A7A	104	121	123	103.5	104.5	120.5	121.5	transparent
#787878	105	121	121	104.5	105.5	120.5	121.5	transparent
#7B7B7B	106	121	124	105.5	106.5	120.5	121.5	transparent
#808080	107	121	129	106.5	107.5	120.5	121.5	transparent
#848484	108	121	133	107.5	108.5	120.5	121.5	transparent
#898989	109	121	138	108.5	109.5	120.5	121.5	transparent
#8F8F8F	110	121	144	109.5	110.5	120.5	121.5	transparent
#949494	111	121	149	110.5	111.5	120.5	121.5	transparent
#9E9E9E	112	121	159	111.5	112.5	120.5	121.5	transparent
#9C9C9C	113	121	157	112.5	113.5	120.5	121.5	transparent
#8E8E8E	114	121	143	113.5	114.5	120.5	121.5	transparent
#868686	115	121	135	114.5	115.5	120.5	121.5	transparent
#898989	116	121	138	115.5	116.5	120.5	121.5	transparent
#8D8D8D	117	121	142	116.5	117.5	120.5	121.5	transparent
#919191	118	121	146	117.5	118.5	120.5	121.5	transparent
#949494	119	121	149	118.5	119.5	120.5	121.5	transparent
#929292	120	121	147	119.5	120.5	120.5	121.5	transparent
#8F8F8F	121	121	144	120.5	121.5	120.5	121.5	transparent
#8B8B8B	122	121	140	121.5	122.5	120.5	121.5	transparent
#868686	123	121	135	122.5	123.5	120.5	121.5	transparent
#828282	124	121	131	123.5	124.5	120.5	121.5	transparent
#7C7C7C	125	121	125	124.5	125.5	120.5	121.5	transparent
#777777	126	121	120	125.5	126.5	120.5	121.5	transparent
#747474	127	121	117	126.5	127.5	120.5	121.5	transparent
#727272	128	121	115	127.5	128.5	120.5	121.5	transparent
#737373	129	121	116	128.5	129.5	120.5	121.5	transparent
#7A7A7A	130	121	123	129.5	130.5	120.5	121.5	transparent
#7D7D7D	131	121	126	130.5	131.5	120.5	121.5	transparent
#7C7C7C	132	121	125	131.5	132.5	120.5	121.5	transparent
#7A7A7A	133	121	123	132.5	133.5	120.5	121.5	transparent
#7B7B7B	134	121	124	133.5	134.5	120.5	121.5	transparent
#888888	135	121	137	134.5	135.5	120.5	121.5	transparent
#979797	136	121	152	135.5	136.5	120.5	121.5	transparent
#9A9A9A	137	121	155	136.5	137.5	120.5	121.5	transparent
#9D9D9D	138	121	158	137.5	138.5	120.5	121.5	transparent
#A1A1A1	139	121	162	138.5	139.5	120.5	121.5	transparent
#242424	0	120	37	-0.5	0.5	119.5	120.5	transparent
#2D2D2D	1	120	46	0.5	1.5	119.5	120.5	transparent
#484848	2	120	73	1.5	2.5	119.5	120.5	transparent
#616161	3	120	98	2.5	3.5	119.5	120.5	transparent
#6F6F6F	4	120	112	3.5	4.5	119.5	120.5	transparent
#737373	5	120	116	4.5	5.5	119.5	120.5	transparent
#737373	6	120	116	5.5	6.5	119.5	120.5	transparent
#6E6E6E	7	120	111	6.5	7.5	119.5	120.5	transparent
#696969	8	120	106	7.5	8.5	119.5	120.5	transparent
#646464	9	120	101	8.5	9.5	119.5	120.5	transparent
#656565	10	120	102	9.5	10.5	119.5	120.5	transparent
#6A6A6A	11	120	107	10.5	11.5	119.5	120.5	transparent
#6E6E6E	12	120	111	11.5	12.5	119.5	120.5	transparent
#6A6A6A	13	120	107	12.5	13.5	119.5	120.5	transparent
#6B6B6B	14	120	108	13.5	14.5	119.5	120.5	transparent
#6E6E6E	15	120	111	14.5	15.5	119.5	120.5	transparent
#6E6E6E	16	120	111	15.5	16.5	119.5	120.5	transparent
#6E6E6E	17	120	111	16.5	17.5	119.5	120.5	transparent
#6F6F6F	18	120	112	17.5	18.5	119.5	120.5	transparent
#727272	19	120	115	18.5	19.5	119.5	120.5	transparent
#717171	20	120	114	19.5	20.5	119.5	120.5	transparent
#717171	21	120	114	20.5	21.5	119.5	120.5	transparent
#747474	22	120	117	21.5	22.5	119.5	120.5	transparent
#767676	23	120	119	22.5	23.5	119.5	120.5	transparent
#797979	24	120	122	23.5	24.5	119.5	120.5	transparent
#7B7B7B	25	120	124	24.5	25.5	119.5	120.5	transparent
#858585	26	120	134	25.5	26.5	119.5	120.5	transparent
#949494	27	120	149	26.5	27.5	119.5	120.5	transparent
#949494	28	120	149	27.5	28.5	119.5	120.5	transparent
#919191	29	120	146	28.5	29.5	119.5	120.5	transparent
#8C8C8C	30	120	141	29.5	30.5	119.5	120.5	transparent
#838383	31	120	132	30.5	31.5	119.5	120.5	transparent
#858585	32	120	134	31.5	32.5	119.5	120.5	transparent
#818181	33	120	130	32.5	33.5	119.5	120.5	transparent
#7B7B7B	34	120	124	33.5	34.5	119.5	120.5	transparent
#757575	35	120	118	34.5	35.5	119.5	120.5	transparent
#717171	36	120	114	35.5	36.5	119.5	120.5	transparent
#6C6C6C	37	120	109	36.5	37.5	119.5	120.5	transparent
#666666	38	120	103	37.5	38.5	119.5	120.5	transparent
#666666	39	120	103	38.5	39.5	119.5	120.5	transparent
#6D6D6D	40	120	110	39.5	40.5	119.5	120.5	transparent
#707070	41	120	113	40.5	41.5	119.5	120.5	transparent
#747474	42	120	117	41.5	42.5	119.5	120.5	transparent
#787878	43	120	121	42.5	43.5	119.5	120.5	transparent
#737373	44	120	116	43.5	44.5	119.5	120.5	transparent
#5D5D5D	45	120	94	44.5	45.5	119.5	120.5	transparent
#484848	46	120	73	45.5	46.5	119.5	120.5	transparent
#404040	47	120	65	46.5	47.5	119.5	120.5	transparent
#3B3B3B	48	120	60	47.5	48.5	119.5	120.5	transparent
#3B3B3B	49	120	60	48.5	49.5	119.5	120.5	transparent
#3B3B3B	50	120	60	49.5	50.5	119.5	120.5	transparent
#3E3E3E	51	120	63	50.5	51.5	119.5	120.5	transparent
#353535	52	120	54	51.5	52.5	119.5	120.5	transparent
#303030	53	120	49	52.5	53.5	119.5	120.5	transparent
#3F3F3F	54	120	64	53.5	54.5	119.5	120.5	transparent
#484848	55	120	73	54.5	55.5	119.5	120.5	transparent
#4C4C4C	56	120	77	55.5	56.5	119.5	120.5	transparent
#4E4E4E	57	120	79	56.5	57.5	119.5	120.5	transparent
#4D4D4D	58	120	78	57.5	58.5	119.5	120.5	transparent
#484848	59	120	73	58.5	59.5	119.5	120.5	transparent
#3F3F3F	60	120	64	59.5	60.5	119.5	120.5	transparent
#414141	61	120	66	60.5	61.5	119.5	120.5	transparent
#474747	62	120	72	61.5	62.5	119.5	120.5	transparent
#575757	63	120	88	62.5	63.5	119.5	120.5	transparent
#636363	64	120	100	63.5	64.5	119.5	120.5	transparent
#6F6F6F	65	120	112	64.5	65.5	119.5	120.5	transparent
#858585	66	120	134	65.5	66.5	119.5	120.5	transparent
#979797	67	120	152	66.5	67.5	119.5	120.5	transparent
#A0A0A0	68	120	161	67.5	68.5	119.5	120.5	transparent
#A2A2A2	69	120	163	68.5	69.5	119.5	120.5	transparent
#929292	70	120	147	69.5	70.5	119.5	120.5	transparent
#838383	71	120	132	70.5	71.5	119.5	120.5	transparent
#818181	72	120	130	71.5	72.5	119.5	120.5	transparent
#7B7B7B	73	120	124	72.5	73.5	119.5	120.5	transparent
#7A7A7A	74	120	123	73.5	74.5	119.5	120.5	transparent
#8C8C8C	75	120	141	74.5	75.5	119.5	120.5	transparent
#A2A2A2	76	120	163	75.5	76.5	119.5	120.5	transparent
#A4A4A4	77	120	165	76.5	77.5	119.5	120.5	transparent
#989898	78	120	153	77.5	78.5	119.5	120.5	transparent
#8B8B8B	79	120	140	78.5	79.5	119.5	120.5	transparent
#777777	80	120	120	79.5	80.5	119.5	120.5	transparent
#646464	81	120	101	80.5	81.5	119.5	120.5	transparent
#565656	82	120	87	81.5	82.5	119.5	120.5	transparent
#4E4E4E	83	120	79	82.5	83.5	119.5	120.5	transparent
#4C4C4C	84	120	77	83.5	84.5	119.5	120.5	transparent
#555555	85	120	86	84.5	85.5	119.5	120.5	transparent
#5D5D5D	86	120	94	85.5	86.5	119.5	120.5	transparent
#5B5B5B	87	120	92	86.5	87.5	119.5	120.5	transparent
#585858	88	120	89	87.5	88.5	119.5	120.5	transparent
#555555	89	120	86	88.5	89.5	119.5	120.5	transparent
#555555	90	120	86	89.5	90.5	119.5	120.5	transparent
#525252	91	120	83	90.5	91.5	119.5	120.5	transparent
#4B4B4B	92	120	76	91.5	92.5	119.5	120.5	transparent
#4C4C4C	93	120	77	92.5	93.5	119.5	120.5	transparent
#4B4B4B	94	120	76	93.5	94.5	119.5	120.5	transparent
#4A4A4A	95	120	75	94.5	95.5	119.5	120.5	transparent
#505050	96	120	81	95.5	96.5	119.5	120.5	transparent
#565656	97	120	87	96.5	97.5	119.5	120.5	transparent
#5D5D5D	98	120	94	97.5	98.5	119.5	120.5	transparent
#696969	99	120	106	98.5	99.5	119.5	120.5	transparent
#808080	100	120	129	99.5	100.5	119.5	120.5	transparent
#909090	101	120	145	100.5	101.5	119.5	120.5	transparent
#909090	102	120	145	101.5	102.5	119.5	120.5	transparent
#909090	103	120	145	102.5	103.5	119.5	120.5	transparent
#969696	104	120	151	103.5	104.5	119.5	120.5	transparent
#989898	105	120	153	104.5	105.5	119.5	120.5	transparent
#969696	106	120	151	105.5	106.5	119.5	120.5	transparent
#989898	107	120	153	106.5	107.5	119.5	120.5	transparent
#9B9B9B	108	120	156	107.5	108.5	119.5	120.5	transparent
#9A9A9A	109	120	155	108.5	109.5	119.5	120.5	transparent
#989898	110	120	153	109.5	110.5	119.5	120.5	transparent
#959595	111	120	150	110.5	111.5	119.5	120.5	transparent
#9A9A9A	112	120	155	111.5	112.5	119.5	120.5	transparent
#A4A4A4	113	120	165	112.5	113.5	119.5	120.5	transparent
#A3A3A3	114	120	164	113.5	114.5	119.5	120.5	transparent
#9A9A9A	115	120	155	114.5	115.5	119.5	120.5	transparent
#939393	116	120	148	115.5	116.5	119.5	120.5	transparent
#909090	117	120	145	116.5	117.5	119.5	120.5	transparent
#8D8D8D	118	120	142	117.5	118.5	119.5	120.5	transparent
#8A8A8A	119	120	139	118.5	119.5	119.5	120.5	transparent
#848484	120	120	133	119.5	120.5	119.5	120.5	transparent
#808080	121	120	129	120.5	121.5	119.5	120.5	transparent
#7B7B7B	122	120	124	121.5	122.5	119.5	120.5	transparent
#767676	123	120	119	122.5	123.5	119.5	120.5	transparent
#747474	124	120	117	123.5	124.5	119.5	120.5	transparent
#747474	125	120	117	124.5	125.5	119.5	120.5	transparent
#777777	126	120	120	125.5	126.5	119.5	120.5	transparent
#7A7A7A	127	120	123	126.5	127.5	119.5	120.5	transparent
#808080	128	120	129	127.5	128.5	119.5	120.5	transparent
#848484	129	120	133	128.5	129.5	119.5	120.5	transparent
#848484	130	120	133	129.5	130.5	119.5	120.5	transparent
#828282	131	120	131	130.5	131.5	119.5	120.5	transparent
#818181	132	120	130	131.5	132.5	119.5	120.5	transparent
#7E7E7E	133	120	127	132.5	133.5	119.5	120.5	transparent
#7C7C7C	134	120	125	133.5	134.5	119.5	120.5	transparent
#808080	135	120	129	134.5	135.5	119.5	120.5	transparent
#878787	136	120	136	135.5	136.5	119.5	120.5	transparent
#919191	137	120	146	136.5	137.5	119.5	120.5	transparent
#A4A4A4	138	120	165	137.5	138.5	119.5	120.5	transparent
#BABABA	139	120	187	138.5	139.5	119.5	120.5	transparent
#464646	0	119	71	-0.5	0.5	118.5	119.5	transparent
#555555	1	119	86	0.5	1.5	118.5	119.5	transparent
#626262	2	119	99	1.5	2.5	118.5	119.5	transparent
#676767	3	119	104	2.5	3.5	118.5	119.5	transparent
#6D6D6D	4	119	110	3.5	4.5	118.5	119.5	transparent
#6C6C6C	5	119	109	4.5	5.5	118.5	119.5	transparent
#6A6A6A	6	119	107	5.5	6.5	118.5	119.5	transparent
#6B6B6B	7	119	108	6.5	7.5	118.5	119.5	transparent
#6D6D6D	8	119	110	7.5	8.5	118.5	119.5	transparent
#6F6F6F	9	119	112	8.5	9.5	118.5	119.5	transparent
#747474	10	119	117	9.5	10.5	118.5	119.5	transparent
#757575	11	119	118	10.5	11.5	118.5	119.5	transparent
#797979	12	119	122	11.5	12.5	118.5	119.5	transparent
#777777	13	119	120	12.5	13.5	118.5	119.5	transparent
#747474	14	119	117	13.5	14.5	118.5	119.5	transparent
#717171	15	119	114	14.5	15.5	118.5	119.5	transparent
#717171	16	119	114	15.5	16.5	118.5	119.5	transparent
#717171	17	119	114	16.5	17.5	118.5	119.5	transparent
#707070	18	119	113	17.5	18.5	118.5	119.5	transparent
#6E6E6E	19	119	111	18.5	19.5	118.5	119.5	transparent
#6D6D6D	20	119	110	19.5	20.5	118.5	119.5	transparent
#6A6A6A	21	119	107	20.5	21.5	118.5	119.5	transparent
#6A6A6A	22	119	107	21.5	22.5	118.5	119.5	transparent
#6E6E6E	23	119	111	22.5	23.5	118.5	119.5	transparent
#7C7C7C	24	119	125	23.5	24.5	118.5	119.5	transparent
#929292	25	119	147	24.5	25.5	118.5	119.5	transparent
#9C9C9C	26	119	157	25.5	26.5	118.5	119.5	transparent
#969696	27	119	151	26.5	27.5	118.5	119.5	transparent
#8E8E8E	28	119	143	27.5	28.5	118.5	119.5	transparent
#898989	29	119	138	28.5	29.5	118.5	119.5	transparent
#898989	30	119	138	29.5	30.5	118.5	119.5	transparent
#858585	31	119	134	30.5	31.5	118.5	119.5	transparent
#888888	32	119	137	31.5	32.5	118.5	119.5	transparent
#8C8C8C	33	119	141	32.5	33.5	118.5	119.5	transparent
#8E8E8E	34	119	143	33.5	34.5	118.5	119.5	transparent
#8D8D8D	35	119	142	34.5	35.5	118.5	119.5	transparent
#8B8B8B	36	119	140	35.5	36.5	118.5	119.5	transparent
#878787	37	119	136	36.5	37.5	118.5	119.5	transparent
#898989	38	119	138	37.5	38.5	118.5	119.5	transparent
#8D8D8D	39	119	142	38.5	39.5	118.5	119.5	transparent
#8D8D8D	40	119	142	39.5	40.5	118.5	119.5	transparent
#8B8B8B	41	119	140	40.5	41.5	118.5	119.5	transparent
#888888	42	119	137	41.5	42.5	118.5	119.5	transparent
#777777	43	119	120	42.5	43.5	118.5	119.5	transparent
#5A5A5A	44	119	91	43.5	44.5	118.5	119.5	transparent
#434343	45	119	68	44.5	45.5	118.5	119.5	transparent
#3D3D3D	46	119	62	45.5	46.5	118.5	119.5	transparent
#3C3C3C	47	119	61	46.5	47.5	118.5	119.5	transparent
#3B3B3B	48	119	60	47.5	48.5	118.5	119.5	transparent
#3D3D3D	49	119	62	48.5	49.5	118.5	119.5	transparent
#3F3F3F	50	119	64	49.5	50.5	118.5	119.5	transparent
#424242	51	119	67	50.5	51.5	118.5	119.5	transparent
#3A3A3A	52	119	59	51.5	52.5	118.5	119.5	transparent
#3C3C3C	53	119	61	52.5	53.5	118.5	119.5	transparent
#464646	54	119	71	53.5	54.5	118.5	119.5	transparent
#4B4B4B	55	119	76	54.5	55.5	118.5	119.5	transparent
#4B4B4B	56	119	76	55.5	56.5	118.5	119.5	transparent
#4D4D4D	57	119	78	56.5	57.5	118.5	119.5	transparent
#505050	58	119	81	57.5	58.5	118.5	119.5	transparent
#4E4E4E	59	119	79	58.5	59.5	118.5	119.5	transparent
#494949	60	119	74	59.5	60.5	118.5	119.5	transparent
#454545	61	119	70	60.5	61.5	118.5	119.5	transparent
#454545	62	119	70	61.5	62.5	118.5	119.5	transparent
#4C4C4C	63	119	77	62.5	63.5	118.5	119.5	transparent
#5C5C5C	64	119	93	63.5	64.5	118.5	119.5	transparent
#6B6B6B	65	119	108	64.5	65.5	118.5	119.5	transparent
#7D7D7D	66	119	126	65.5	66.5	118.5	119.5	transparent
#8E8E8E	67	119	143	66.5	67.5	118.5	119.5	transparent
#969696	68	119	151	67.5	68.5	118.5	119.5	transparent
#989898	69	119	153	68.5	69.5	118.5	119.5	transparent
#8B8B8B	70	119	140	69.5	70.5	118.5	119.5	transparent
#7A7A7A	71	119	123	70.5	71.5	118.5	119.5	transparent
#717171	72	119	114	71.5	72.5	118.5	119.5	transparent
#727272	73	119	115	72.5	73.5	118.5	119.5	transparent
#767676	74	119	119	73.5	74.5	118.5	119.5	transparent
#8A8A8A	75	119	139	74.5	75.5	118.5	119.5	transparent
#A1A1A1	76	119	162	75.5	76.5	118.5	119.5	transparent
#9F9F9F	77	119	160	76.5	77.5	118.5	119.5	transparent
#919191	78	119	146	77.5	78.5	118.5	119.5	transparent
#818181	79	119	130	78.5	79.5	118.5	119.5	transparent
#6B6B6B	80	119	108	79.5	80.5	118.5	119.5	transparent
#595959	81	119	90	80.5	81.5	118.5	119.5	transparent
#515151	82	119	82	81.5	82.5	118.5	119.5	transparent
#565656	83	119	87	82.5	83.5	118.5	119.5	transparent
#5C5C5C	84	119	93	83.5	84.5	118.5	119.5	transparent
#5F5F5F	85	119	96	84.5	85.5	118.5	119.5	transparent
#5C5C5C	86	119	93	85.5	86.5	118.5	119.5	transparent
#585858	87	119	89	86.5	87.5	118.5	119.5	transparent
#545454	88	119	85	87.5	88.5	118.5	119.5	transparent
#535353	89	119	84	88.5	89.5	118.5	119.5	transparent
#535353	90	119	84	89.5	90.5	118.5	119.5	transparent
#545454	91	119	85	90.5	91.5	118.5	119.5	transparent
#5A5A5A	92	119	91	91.5	92.5	118.5	119.5	transparent
#616161	93	119	98	92.5	93.5	118.5	119.5	transparent
#5D5D5D	94	119	94	93.5	94.5	118.5	119.5	transparent
#5C5C5C	95	119	93	94.5	95.5	118.5	119.5	transparent
#5E5E5E	96	119	95	95.5	96.5	118.5	119.5	transparent
#636363	97	119	100	96.5	97.5	118.5	119.5	transparent
#6A6A6A	98	119	107	97.5	98.5	118.5	119.5	transparent
#737373	99	119	116	98.5	99.5	118.5	119.5	transparent
#808080	100	119	129	99.5	100.5	118.5	119.5	transparent
#959595	101	119	150	100.5	101.5	118.5	119.5	transparent
#A6A6A6	102	119	167	101.5	102.5	118.5	119.5	transparent
#A9A9A9	103	119	170	102.5	103.5	118.5	119.5	transparent
#A8A8A8	104	119	169	103.5	104.5	118.5	119.5	transparent
#ABABAB	105	119	172	104.5	105.5	118.5	119.5	transparent
#AAAAAA	106	119	171	105.5	106.5	118.5	119.5	transparent
#A2A2A2	107	119	163	106.5	107.5	118.5	119.5	transparent
#9E9E9E	108	119	159	107.5	108.5	118.5	119.5	transparent
#9D9D9D	109	119	158	108.5	109.5	118.5	119.5	transparent
#9D9D9D	110	119	158	109.5	110.5	118.5	119.5	transparent
#9B9B9B	111	119	156	110.5	111.5	118.5	119.5	transparent
#999999	112	119	154	111.5	112.5	118.5	119.5	transparent
#9F9F9F	113	119	160	112.5	113.5	118.5	119.5	transparent
#9B9B9B	114	119	156	113.5	114.5	118.5	119.5	transparent
#989898	115	119	153	114.5	115.5	118.5	119.5	transparent
#8D8D8D	116	119	142	115.5	116.5	118.5	119.5	transparent
#7C7C7C	117	119	125	116.5	117.5	118.5	119.5	transparent
#777777	118	119	120	117.5	118.5	118.5	119.5	transparent
#787878	119	119	121	118.5	119.5	118.5	119.5	transparent
#7A7A7A	120	119	123	119.5	120.5	118.5	119.5	transparent
#7B7B7B	121	119	124	120.5	121.5	118.5	119.5	transparent
#7A7A7A	122	119	123	121.5	122.5	118.5	119.5	transparent
#7B7B7B	123	119	124	122.5	123.5	118.5	119.5	transparent
#7C7C7C	124	119	125	123.5	124.5	118.5	119.5	transparent
#808080	125	119	129	124.5	125.5	118.5	119.5	transparent
#868686	126	119	135	125.5	126.5	118.5	119.5	transparent
#8A8A8A	127	119	139	126.5	127.5	118.5	119.5	transparent
#8C8C8C	128	119	141	127.5	128.5	118.5	119.5	transparent
#8B8B8B	129	119	140	128.5	129.5	118.5	119.5	transparent
#8A8A8A	130	119	139	129.5	130.5	118.5	119.5	transparent
#8D8D8D	131	119	142	130.5	131.5	118.5	119.5	transparent
#8D8D8D	132	119	142	131.5	132.5	118.5	119.5	transparent
#8B8B8B	133	119	140	132.5	133.5	118.5	119.5	transparent
#878787	134	119	136	133.5	134.5	118.5	119.5	transparent
#848484	135	119	133	134.5	135.5	118.5	119.5	transparent
#848484	136	119	133	135.5	136.5	118.5	119.5	transparent
#838383	137	119	132	136.5	137.5	118.5	119.5	transparent
#959595	138	119	150	137.5	138.5	118.5	119.5	transparent
#AFAFAF	139	119	176	138.5	139.5	118.5	119.5	transparent
#565656	0	118	87	-0.5	0.5	117.5	118.5	transparent
#565656	1	118	87	0.5	1.5	117.5	118.5	transparent
#5A5A5A	2	118	91	1.5	2.5	117.5	118.5	transparent
#606060	3	118	97	2.5	3.5	117.5	118.5	transparent
#676767	4	118	104	3.5	4.5	117.5	118.5	transparent
#6A6A6A	5	118	107	4.5	5.5	117.5	118.5	transparent
#6D6D6D	6	118	110	5.5	6.5	117.5	118.5	transparent
#6F6F6F	7	118	112	6.5	7.5	117.5	118.5	transparent
#757575	8	118	118	7.5	8.5	117.5	118.5	transparent
#7A7A7A	9	118	123	8.5	9.5	117.5	118.5	transparent
#7D7D7D	10	118	126	9.5	10.5	117.5	118.5	transparent
#7D7D7D	11	118	126	10.5	11.5	117.5	118.5	transparent
#7C7C7C	12	118	125	11.5	12.5	117.5	118.5	transparent
#7E7E7E	13	118	127	12.5	13.5	117.5	118.5	transparent
#7F7F7F	14	118	128	13.5	14.5	117.5	118.5	transparent
#7B7B7B	15	118	124	14.5	15.5	117.5	118.5	transparent
#787878	16	118	121	15.5	16.5	117.5	118.5	transparent
#787878	17	118	121	16.5	17.5	117.5	118.5	transparent
#777777	18	118	120	17.5	18.5	117.5	118.5	transparent
#767676	19	118	119	18.5	19.5	117.5	118.5	transparent
#767676	20	118	119	19.5	20.5	117.5	118.5	transparent
#787878	21	118	121	20.5	21.5	117.5	118.5	transparent
#7D7D7D	22	118	126	21.5	22.5	117.5	118.5	transparent
#858585	23	118	134	22.5	23.5	117.5	118.5	transparent
#8D8D8D	24	118	142	23.5	24.5	117.5	118.5	transparent
#818181	25	118	130	24.5	25.5	117.5	118.5	transparent
#717171	26	118	114	25.5	26.5	117.5	118.5	transparent
#6E6E6E	27	118	111	26.5	27.5	117.5	118.5	transparent
#737373	28	118	116	27.5	28.5	117.5	118.5	transparent
#7C7C7C	29	118	125	28.5	29.5	117.5	118.5	transparent
#858585	30	118	134	29.5	30.5	117.5	118.5	transparent
#898989	31	118	138	30.5	31.5	117.5	118.5	transparent
#8D8D8D	32	118	142	31.5	32.5	117.5	118.5	transparent
#8F8F8F	33	118	144	32.5	33.5	117.5	118.5	transparent
#8F8F8F	34	118	144	33.5	34.5	117.5	118.5	transparent
#919191	35	118	146	34.5	35.5	117.5	118.5	transparent
#959595	36	118	150	35.5	36.5	117.5	118.5	transparent
#9E9E9E	37	118	159	36.5	37.5	117.5	118.5	transparent
#A5A5A5	38	118	166	37.5	38.5	117.5	118.5	transparent
#A5A5A5	39	118	166	38.5	39.5	117.5	118.5	transparent
#A3A3A3	40	118	164	39.5	40.5	117.5	118.5	transparent
#A3A3A3	41	118	164	40.5	41.5	117.5	118.5	transparent
#919191	42	118	146	41.5	42.5	117.5	118.5	transparent
#747474	43	118	117	42.5	43.5	117.5	118.5	transparent
#5F5F5F	44	118	96	43.5	44.5	117.5	118.5	transparent
#545454	45	118	85	44.5	45.5	117.5	118.5	transparent
#4D4D4D	46	118	78	45.5	46.5	117.5	118.5	transparent
#494949	47	118	74	46.5	47.5	117.5	118.5	transparent
#434343	48	118	68	47.5	48.5	117.5	118.5	transparent
#424242	49	118	67	48.5	49.5	117.5	118.5	transparent
#444444	50	118	69	49.5	50.5	117.5	118.5	transparent
#494949	51	118	74	50.5	51.5	117.5	118.5	transparent
#444444	52	118	69	51.5	52.5	117.5	118.5	transparent
#3D3D3D	53	118	62	52.5	53.5	117.5	118.5	transparent
#424242	54	118	67	53.5	54.5	117.5	118.5	transparent
#414141	55	118	66	54.5	55.5	117.5	118.5	transparent
#444444	56	118	69	55.5	56.5	117.5	118.5	transparent
#4E4E4E	57	118	79	56.5	57.5	117.5	118.5	transparent
#515151	58	118	82	57.5	58.5	117.5	118.5	transparent
#535353	59	118	84	58.5	59.5	117.5	118.5	transparent
#555555	60	118	86	59.5	60.5	117.5	118.5	transparent
#565656	61	118	87	60.5	61.5	117.5	118.5	transparent
#515151	62	118	82	61.5	62.5	117.5	118.5	transparent
#505050	63	118	81	62.5	63.5	117.5	118.5	transparent
#555555	64	118	86	63.5	64.5	117.5	118.5	transparent
#636363	65	118	100	64.5	65.5	117.5	118.5	transparent
#777777	66	118	120	65.5	66.5	117.5	118.5	transparent
#898989	67	118	138	66.5	67.5	117.5	118.5	transparent
#909090	68	118	145	67.5	68.5	117.5	118.5	transparent
#909090	69	118	145	68.5	69.5	117.5	118.5	transparent
#848484	70	118	133	69.5	70.5	117.5	118.5	transparent
#787878	71	118	121	70.5	71.5	117.5	118.5	transparent
#727272	72	118	115	71.5	72.5	117.5	118.5	transparent
#747474	73	118	117	72.5	73.5	117.5	118.5	transparent
#797979	74	118	122	73.5	74.5	117.5	118.5	transparent
#8E8E8E	75	118	143	74.5	75.5	117.5	118.5	transparent
#A0A0A0	76	118	161	75.5	76.5	117.5	118.5	transparent
#9D9D9D	77	118	158	76.5	77.5	117.5	118.5	transparent
#888888	78	118	137	77.5	78.5	117.5	118.5	transparent
#787878	79	118	121	78.5	79.5	117.5	118.5	transparent
#636363	80	118	100	79.5	80.5	117.5	118.5	transparent
#5B5B5B	81	118	92	80.5	81.5	117.5	118.5	transparent
#606060	82	118	97	81.5	82.5	117.5	118.5	transparent
#656565	83	118	102	82.5	83.5	117.5	118.5	transparent
#646464	84	118	101	83.5	84.5	117.5	118.5	transparent
#616161	85	118	98	84.5	85.5	117.5	118.5	transparent
#565656	86	118	87	85.5	86.5	117.5	118.5	transparent
#4D4D4D	87	118	78	86.5	87.5	117.5	118.5	transparent
#494949	88	118	74	87.5	88.5	117.5	118.5	transparent
#474747	89	118	72	88.5	89.5	117.5	118.5	transparent
#494949	90	118	74	89.5	90.5	117.5	118.5	transparent
#4D4D4D	91	118	78	90.5	91.5	117.5	118.5	transparent
#5A5A5A	92	118	91	91.5	92.5	117.5	118.5	transparent
#666666	93	118	103	92.5	93.5	117.5	118.5	transparent
#656565	94	118	102	93.5	94.5	117.5	118.5	transparent
#686868	95	118	105	94.5	95.5	117.5	118.5	transparent
#6E6E6E	96	118	111	95.5	96.5	117.5	118.5	transparent
#747474	97	118	117	96.5	97.5	117.5	118.5	transparent
#797979	98	118	122	97.5	98.5	117.5	118.5	transparent
#7C7C7C	99	118	125	98.5	99.5	117.5	118.5	transparent
#838383	100	118	132	99.5	100.5	117.5	118.5	transparent
#8D8D8D	101	118	142	100.5	101.5	117.5	118.5	transparent
#9E9E9E	102	118	159	101.5	102.5	117.5	118.5	transparent
#AEAEAE	103	118	175	102.5	103.5	117.5	118.5	transparent
#B2B2B2	104	118	179	103.5	104.5	117.5	118.5	transparent
#ADADAD	105	118	174	104.5	105.5	117.5	118.5	transparent
#ADADAD	106	118	174	105.5	106.5	117.5	118.5	transparent
#ABABAB	107	118	172	106.5	107.5	117.5	118.5	transparent
#A2A2A2	108	118	163	107.5	108.5	117.5	118.5	transparent
#9D9D9D	109	118	158	108.5	109.5	117.5	118.5	transparent
#969696	110	118	151	109.5	110.5	117.5	118.5	transparent
#8E8E8E	111	118	143	110.5	111.5	117.5	118.5	transparent
#868686	112	118	135	111.5	112.5	117.5	118.5	transparent
#8A8A8A	113	118	139	112.5	113.5	117.5	118.5	transparent
#8D8D8D	114	118	142	113.5	114.5	117.5	118.5	transparent
#898989	115	118	138	114.5	115.5	117.5	118.5	transparent
#929292	116	118	147	115.5	116.5	117.5	118.5	transparent
#959595	117	118	150	116.5	117.5	117.5	118.5	transparent
#888888	118	118	137	117.5	118.5	117.5	118.5	transparent
#7D7D7D	119	118	126	118.5	119.5	117.5	118.5	transparent
#7D7D7D	120	118	126	119.5	120.5	117.5	118.5	transparent
#808080	121	118	129	120.5	121.5	117.5	118.5	transparent
#808080	122	118	129	121.5	122.5	117.5	118.5	transparent
#898989	123	118	138	122.5	123.5	117.5	118.5	transparent
#8F8F8F	124	118	144	123.5	124.5	117.5	118.5	transparent
#929292	125	118	147	124.5	125.5	117.5	118.5	transparent
#909090	126	118	145	125.5	126.5	117.5	118.5	transparent
#8F8F8F	127	118	144	126.5	127.5	117.5	118.5	transparent
#909090	128	118	145	127.5	128.5	117.5	118.5	transparent
#8F8F8F	129	118	144	128.5	129.5	117.5	118.5	transparent
#939393	130	118	148	129.5	130.5	117.5	118.5	transparent
#969696	131	118	151	130.5	131.5	117.5	118.5	transparent
#949494	132	118	149	131.5	132.5	117.5	118.5	transparent
#949494	133	118	149	132.5	133.5	117.5	118.5	transparent
#919191	134	118	146	133.5	134.5	117.5	118.5	transparent
#909090	135	118	145	134.5	135.5	117.5	118.5	transparent
#8B8B8B	136	118	140	135.5	136.5	117.5	118.5	transparent
#868686	137	118	135	136.5	137.5	117.5	118.5	transparent
#949494	138	118	149	137.5	138.5	117.5	118.5	transparent
#AAAAAA	139	118	171	138.5	139.5	117.5	118.5	transparent
#585858	0	117	89	-0.5	0.5	116.5	117.5	transparent
#545454	1	117	85	0.5	1.5	116.5	117.5	transparent
#575757	2	117	88	1.5	2.5	116.5	117.5	transparent
#5C5C5C	3	117	93	2.5	3.5	116.5	117.5	transparent
#656565	4	117	102	3.5	4.5	116.5	117.5	transparent
#717171	5	117	114	4.5	5.5	116.5	117.5	transparent
#7C7C7C	6	117	125	5.5	6.5	116.5	117.5	transparent
#808080	7	117	129	6.5	7.5	116.5	117.5	transparent
#7F7F7F	8	117	128	7.5	8.5	116.5	117.5	transparent
#808080	9	117	129	8.5	9.5	116.5	117.5	transparent
#848484	10	117	133	9.5	10.5	116.5	117.5	transparent
#858585	11	117	134	10.5	11.5	116.5	117.5	transparent
#828282	12	117	131	11.5	12.5	116.5	117.5	transparent
#7C7C7C	13	117	125	12.5	13.5	116.5	117.5	transparent
#7C7C7C	14	117	125	13.5	14.5	116.5	117.5	transparent
#828282	15	117	131	14.5	15.5	116.5	117.5	transparent
#838383	16	117	132	15.5	16.5	116.5	117.5	transparent
#838383	17	117	132	16.5	17.5	116.5	117.5	transparent
#858585	18	117	134	17.5	18.5	116.5	117.5	transparent
#8A8A8A	19	117	139	18.5	19.5	116.5	117.5	transparent
#8C8C8C	20	117	141	19.5	20.5	116.5	117.5	transparent
#8B8B8B	21	117	140	20.5	21.5	116.5	117.5	transparent
#8F8F8F	22	117	144	21.5	22.5	116.5	117.5	transparent
#8D8D8D	23	117	142	22.5	23.5	116.5	117.5	transparent
#7B7B7B	24	117	124	23.5	24.5	116.5	117.5	transparent
#6B6B6B	25	117	108	24.5	25.5	116.5	117.5	transparent
#686868	26	117	105	25.5	26.5	116.5	117.5	transparent
#676767	27	117	104	26.5	27.5	116.5	117.5	transparent
#686868	28	117	105	27.5	28.5	116.5	117.5	transparent
#6D6D6D	29	117	110	28.5	29.5	116.5	117.5	transparent
#717171	30	117	114	29.5	30.5	116.5	117.5	transparent
#777777	31	117	120	30.5	31.5	116.5	117.5	transparent
#838383	32	117	132	31.5	32.5	116.5	117.5	transparent
#8E8E8E	33	117	143	32.5	33.5	116.5	117.5	transparent
#949494	34	117	149	33.5	34.5	116.5	117.5	transparent
#999999	35	117	154	34.5	35.5	116.5	117.5	transparent
#A2A2A2	36	117	163	35.5	36.5	116.5	117.5	transparent
#A7A7A7	37	117	168	36.5	37.5	116.5	117.5	transparent
#A8A8A8	38	117	169	37.5	38.5	116.5	117.5	transparent
#A8A8A8	39	117	169	38.5	39.5	116.5	117.5	transparent
#A6A6A6	40	117	167	39.5	40.5	116.5	117.5	transparent
#939393	41	117	148	40.5	41.5	116.5	117.5	transparent
#7E7E7E	42	117	127	41.5	42.5	116.5	117.5	transparent
#707070	43	117	113	42.5	43.5	116.5	117.5	transparent
#696969	44	117	106	43.5	44.5	116.5	117.5	transparent
#666666	45	117	103	44.5	45.5	116.5	117.5	transparent
#656565	46	117	102	45.5	46.5	116.5	117.5	transparent
#616161	47	117	98	46.5	47.5	116.5	117.5	transparent
#595959	48	117	90	47.5	48.5	116.5	117.5	transparent
#555555	49	117	86	48.5	49.5	116.5	117.5	transparent
#545454	50	117	85	49.5	50.5	116.5	117.5	transparent
#545454	51	117	85	50.5	51.5	116.5	117.5	transparent
#4F4F4F	52	117	80	51.5	52.5	116.5	117.5	transparent
#3E3E3E	53	117	63	52.5	53.5	116.5	117.5	transparent
#3B3B3B	54	117	60	53.5	54.5	116.5	117.5	transparent
#343434	55	117	53	54.5	55.5	116.5	117.5	transparent
#353535	56	117	54	55.5	56.5	116.5	117.5	transparent
#3F3F3F	57	117	64	56.5	57.5	116.5	117.5	transparent
#4B4B4B	58	117	76	57.5	58.5	116.5	117.5	transparent
#525252	59	117	83	58.5	59.5	116.5	117.5	transparent
#5C5C5C	60	117	93	59.5	60.5	116.5	117.5	transparent
#626262	61	117	99	60.5	61.5	116.5	117.5	transparent
#606060	62	117	97	61.5	62.5	116.5	117.5	transparent
#5C5C5C	63	117	93	62.5	63.5	116.5	117.5	transparent
#5A5A5A	64	117	91	63.5	64.5	116.5	117.5	transparent
#606060	65	117	97	64.5	65.5	116.5	117.5	transparent
#787878	66	117	121	65.5	66.5	116.5	117.5	transparent
#8D8D8D	67	117	142	66.5	67.5	116.5	117.5	transparent
#969696	68	117	151	67.5	68.5	116.5	117.5	transparent
#959595	69	117	150	68.5	69.5	116.5	117.5	transparent
#8A8A8A	70	117	139	69.5	70.5	116.5	117.5	transparent
#818181	71	117	130	70.5	71.5	116.5	117.5	transparent
#848484	72	117	133	71.5	72.5	116.5	117.5	transparent
#868686	73	117	135	72.5	73.5	116.5	117.5	transparent
#8A8A8A	74	117	139	73.5	74.5	116.5	117.5	transparent
#9A9A9A	75	117	155	74.5	75.5	116.5	117.5	transparent
#A5A5A5	76	117	166	75.5	76.5	116.5	117.5	transparent
#9B9B9B	77	117	156	76.5	77.5	116.5	117.5	transparent
#868686	78	117	135	77.5	78.5	116.5	117.5	transparent
#767676	79	117	119	78.5	79.5	116.5	117.5	transparent
#696969	80	117	106	79.5	80.5	116.5	117.5	transparent
#686868	81	117	105	80.5	81.5	116.5	117.5	transparent
#6C6C6C	82	117	109	81.5	82.5	116.5	117.5	transparent
#6C6C6C	83	117	109	82.5	83.5	116.5	117.5	transparent
#626262	84	117	99	83.5	84.5	116.5	117.5	transparent
#545454	85	117	85	84.5	85.5	116.5	117.5	transparent
#454545	86	117	70	85.5	86.5	116.5	117.5	transparent
#414141	87	117	66	86.5	87.5	116.5	117.5	transparent
#404040	88	117	65	87.5	88.5	116.5	117.5	transparent
#444444	89	117	69	88.5	89.5	116.5	117.5	transparent
#4D4D4D	90	117	78	89.5	90.5	116.5	117.5	transparent
#575757	91	117	88	90.5	91.5	116.5	117.5	transparent
#656565	92	117	102	91.5	92.5	116.5	117.5	transparent
#6F6F6F	93	117	112	92.5	93.5	116.5	117.5	transparent
#6D6D6D	94	117	110	93.5	94.5	116.5	117.5	transparent
#6D6D6D	95	117	110	94.5	95.5	116.5	117.5	transparent
#707070	96	117	113	95.5	96.5	116.5	117.5	transparent
#747474	97	117	117	96.5	97.5	116.5	117.5	transparent
#767676	98	117	119	97.5	98.5	116.5	117.5	transparent
#787878	99	117	121	98.5	99.5	116.5	117.5	transparent
#7E7E7E	100	117	127	99.5	100.5	116.5	117.5	transparent
#848484	101	117	133	100.5	101.5	116.5	117.5	transparent
#8D8D8D	102	117	142	101.5	102.5	116.5	117.5	transparent
#9B9B9B	103	117	156	102.5	103.5	116.5	117.5	transparent
#AEAEAE	104	117	175	103.5	104.5	116.5	117.5	transparent
#B4B4B4	105	117	181	104.5	105.5	116.5	117.5	transparent
#AEAEAE	106	117	175	105.5	106.5	116.5	117.5	transparent
#A7A7A7	107	117	168	106.5	107.5	116.5	117.5	transparent
#9C9C9C	108	117	157	107.5	108.5	116.5	117.5	transparent
#8F8F8F	109	117	144	108.5	109.5	116.5	117.5	transparent
#8A8A8A	110	117	139	109.5	110.5	116.5	117.5	transparent
#868686	111	117	135	110.5	111.5	116.5	117.5	transparent
#838383	112	117	132	111.5	112.5	116.5	117.5	transparent
#868686	113	117	135	112.5	113.5	116.5	117.5	transparent
#888888	114	117	137	113.5	114.5	116.5	117.5	transparent
#858585	115	117	134	114.5	115.5	116.5	117.5	transparent
#868686	116	117	135	115.5	116.5	116.5	117.5	transparent
#919191	117	117	146	116.5	117.5	116.5	117.5	transparent
#9E9E9E	118	117	159	117.5	118.5	116.5	117.5	transparent
#9B9B9B	119	117	156	118.5	119.5	116.5	117.5	transparent
#8B8B8B	120	117	140	119.5	120.5	116.5	117.5	transparent
#858585	121	117	134	120.5	121.5	116.5	117.5	transparent
#8F8F8F	122	117	144	121.5	122.5	116.5	117.5	transparent
#A1A1A1	123	117	162	122.5	123.5	116.5	117.5	transparent
#A9A9A9	124	117	170	123.5	124.5	116.5	117.5	transparent
#ABABAB	125	117	172	124.5	125.5	116.5	117.5	transparent
#A3A3A3	126	117	164	125.5	126.5	116.5	117.5	transparent
#979797	127	117	152	126.5	127.5	116.5	117.5	transparent
#939393	128	117	148	127.5	128.5	116.5	117.5	transparent
#969696	129	117	151	128.5	129.5	116.5	117.5	transparent
#9A9A9A	130	117	155	129.5	130.5	116.5	117.5	transparent
#989898	131	117	153	130.5	131.5	116.5	117.5	transparent
#9A9A9A	132	117	155	131.5	132.5	116.5	117.5	transparent
#9A9A9A	133	117	155	132.5	133.5	116.5	117.5	transparent
#979797	134	117	152	133.5	134.5	116.5	117.5	transparent
#939393	135	117	148	134.5	135.5	116.5	117.5	transparent
#919191	136	117	146	135.5	136.5	116.5	117.5	transparent
#9A9A9A	137	117	155	136.5	137.5	116.5	117.5	transparent
#ACACAC	138	117	173	137.5	138.5	116.5	117.5	transparent
#BBBBBB	139	117	188	138.5	139.5	116.5	117.5	transparent
#4F4F4F	0	116	80	-0.5	0.5	115.5	116.5	transparent
#4A4A4A	1	116	75	0.5	1.5	115.5	116.5	transparent
#535353	2	116	84	1.5	2.5	115.5	116.5	transparent
#606060	3	116	97	2.5	3.5	115.5	116.5	transparent
#6A6A6A	4	116	107	3.5	4.5	115.5	116.5	transparent
#727272	5	116	115	4.5	5.5	115.5	116.5	transparent
#7A7A7A	6	116	123	5.5	6.5	115.5	116.5	transparent
#898989	7	116	138	6.5	7.5	115.5	116.5	transparent
#919191	8	116	146	7.5	8.5	115.5	116.5	transparent
#8B8B8B	9	116	140	8.5	9.5	115.5	116.5	transparent
#888888	10	116	137	9.5	10.5	115.5	116.5	transparent
#8A8A8A	11	116	139	10.5	11.5	115.5	116.5	transparent
#8A8A8A	12	116	139	11.5	12.5	115.5	116.5	transparent
#858585	13	116	134	12.5	13.5	115.5	116.5	transparent
#828282	14	116	131	13.5	14.5	115.5	116.5	transparent
#828282	15	116	131	14.5	15.5	115.5	116.5	transparent
#888888	16	116	137	15.5	16.5	115.5	116.5	transparent
#919191	17	116	146	16.5	17.5	115.5	116.5	transparent
#999999	18	116	154	17.5	18.5	115.5	116.5	transparent
#9B9B9B	19	116	156	18.5	19.5	115.5	116.5	transparent
#A3A3A3	20	116	164	19.5	20.5	115.5	116.5	transparent
#ABABAB	21	116	172	20.5	21.5	115.5	116.5	transparent
#979797	22	116	152	21.5	22.5	115.5	116.5	transparent
#7E7E7E	23	116	127	22.5	23.5	115.5	116.5	transparent
#737373	24	116	116	23.5	24.5	115.5	116.5	transparent
#6E6E6E	25	116	111	24.5	25.5	115.5	116.5	transparent
#6B6B6B	26	116	108	25.5	26.5	115.5	116.5	transparent
#686868	27	116	105	26.5	27.5	115.5	116.5	transparent
#676767	28	116	104	27.5	28.5	115.5	116.5	transparent
#6E6E6E	29	116	111	28.5	29.5	115.5	116.5	transparent
#707070	30	116	113	29.5	30.5	115.5	116.5	transparent
#737373	31	116	116	30.5	31.5	115.5	116.5	transparent
#787878	32	116	121	31.5	32.5	115.5	116.5	transparent
#7D7D7D	33	116	126	32.5	33.5	115.5	116.5	transparent
#8B8B8B	34	116	140	33.5	34.5	115.5	116.5	transparent
#9A9A9A	35	116	155	34.5	35.5	115.5	116.5	transparent
#A4A4A4	36	116	165	35.5	36.5	115.5	116.5	transparent
#ACACAC	37	116	173	36.5	37.5	115.5	116.5	transparent
#A5A5A5	38	116	166	37.5	38.5	115.5	116.5	transparent
#949494	39	116	149	38.5	39.5	115.5	116.5	transparent
#868686	40	116	135	39.5	40.5	115.5	116.5	transparent
#737373	41	116	116	40.5	41.5	115.5	116.5	transparent
#6D6D6D	42	116	110	41.5	42.5	115.5	116.5	transparent
#6A6A6A	43	116	107	42.5	43.5	115.5	116.5	transparent
#696969	44	116	106	43.5	44.5	115.5	116.5	transparent
#696969	45	116	106	44.5	45.5	115.5	116.5	transparent
#676767	46	116	104	45.5	46.5	115.5	116.5	transparent
#676767	47	116	104	46.5	47.5	115.5	116.5	transparent
#656565	48	116	102	47.5	48.5	115.5	116.5	transparent
#646464	49	116	101	48.5	49.5	115.5	116.5	transparent
#646464	50	116	101	49.5	50.5	115.5	116.5	transparent
#616161	51	116	98	50.5	51.5	115.5	116.5	transparent
#5F5F5F	52	116	96	51.5	52.5	115.5	116.5	transparent
#505050	53	116	81	52.5	53.5	115.5	116.5	transparent
#474747	54	116	72	53.5	54.5	115.5	116.5	transparent
#434343	55	116	68	54.5	55.5	115.5	116.5	transparent
#424242	56	116	67	55.5	56.5	115.5	116.5	transparent
#404040	57	116	65	56.5	57.5	115.5	116.5	transparent
#494949	58	116	74	57.5	58.5	115.5	116.5	transparent
#525252	59	116	83	58.5	59.5	115.5	116.5	transparent
#5C5C5C	60	116	93	59.5	60.5	115.5	116.5	transparent
#696969	61	116	106	60.5	61.5	115.5	116.5	transparent
#696969	62	116	106	61.5	62.5	115.5	116.5	transparent
#666666	63	116	103	62.5	63.5	115.5	116.5	transparent
#646464	64	116	101	63.5	64.5	115.5	116.5	transparent
#676767	65	116	104	64.5	65.5	115.5	116.5	transparent
#737373	66	116	116	65.5	66.5	115.5	116.5	transparent
#868686	67	116	135	66.5	67.5	115.5	116.5	transparent
#959595	68	116	150	67.5	68.5	115.5	116.5	transparent
#999999	69	116	154	68.5	69.5	115.5	116.5	transparent
#939393	70	116	148	69.5	70.5	115.5	116.5	transparent
#8C8C8C	71	116	141	70.5	71.5	115.5	116.5	transparent
#8D8D8D	72	116	142	71.5	72.5	115.5	116.5	transparent
#8F8F8F	73	116	144	72.5	73.5	115.5	116.5	transparent
#949494	74	116	149	73.5	74.5	115.5	116.5	transparent
#A1A1A1	75	116	162	74.5	75.5	115.5	116.5	transparent
#A2A2A2	76	116	163	75.5	76.5	115.5	116.5	transparent
#969696	77	116	151	76.5	77.5	115.5	116.5	transparent
#888888	78	116	137	77.5	78.5	115.5	116.5	transparent
#7C7C7C	79	116	125	78.5	79.5	115.5	116.5	transparent
#737373	80	116	116	79.5	80.5	115.5	116.5	transparent
#717171	81	116	114	80.5	81.5	115.5	116.5	transparent
#757575	82	116	118	81.5	82.5	115.5	116.5	transparent
#696969	83	116	106	82.5	83.5	115.5	116.5	transparent
#565656	84	116	87	83.5	84.5	115.5	116.5	transparent
#515151	85	116	82	84.5	85.5	115.5	116.5	transparent
#4E4E4E	86	116	79	85.5	86.5	115.5	116.5	transparent
#4F4F4F	87	116	80	86.5	87.5	115.5	116.5	transparent
#4F4F4F	88	116	80	87.5	88.5	115.5	116.5	transparent
#535353	89	116	84	88.5	89.5	115.5	116.5	transparent
#585858	90	116	89	89.5	90.5	115.5	116.5	transparent
#5D5D5D	91	116	94	90.5	91.5	115.5	116.5	transparent
#676767	92	116	104	91.5	92.5	115.5	116.5	transparent
#686868	93	116	105	92.5	93.5	115.5	116.5	transparent
#676767	94	116	104	93.5	94.5	115.5	116.5	transparent
#676767	95	116	104	94.5	95.5	115.5	116.5	transparent
#686868	96	116	105	95.5	96.5	115.5	116.5	transparent
#6B6B6B	97	116	108	96.5	97.5	115.5	116.5	transparent
#6C6C6C	98	116	109	97.5	98.5	115.5	116.5	transparent
#6C6C6C	99	116	109	98.5	99.5	115.5	116.5	transparent
#727272	100	116	115	99.5	100.5	115.5	116.5	transparent
#787878	101	116	121	100.5	101.5	115.5	116.5	transparent
#7C7C7C	102	116	125	101.5	102.5	115.5	116.5	transparent
#838383	103	116	132	102.5	103.5	115.5	116.5	transparent
#909090	104	116	145	103.5	104.5	115.5	116.5	transparent
#999999	105	116	154	104.5	105.5	115.5	116.5	transparent
#A3A3A3	106	116	164	105.5	106.5	115.5	116.5	transparent
#A3A3A3	107	116	164	106.5	107.5	115.5	116.5	transparent
#9A9A9A	108	116	155	107.5	108.5	115.5	116.5	transparent
#909090	109	116	145	108.5	109.5	115.5	116.5	transparent
#898989	110	116	138	109.5	110.5	115.5	116.5	transparent
#878787	111	116	136	110.5	111.5	115.5	116.5	transparent
#838383	112	116	132	111.5	112.5	115.5	116.5	transparent
#868686	113	116	135	112.5	113.5	115.5	116.5	transparent
#848484	114	116	133	113.5	114.5	115.5	116.5	transparent
#818181	115	116	130	114.5	115.5	115.5	116.5	transparent
#848484	116	116	133	115.5	116.5	115.5	116.5	transparent
#898989	117	116	138	116.5	117.5	115.5	116.5	transparent
#8F8F8F	118	116	144	117.5	118.5	115.5	116.5	transparent
#9D9D9D	119	116	158	118.5	119.5	115.5	116.5	transparent
#A8A8A8	120	116	169	119.5	120.5	115.5	116.5	transparent
#A6A6A6	121	116	167	120.5	121.5	115.5	116.5	transparent
#A8A8A8	122	116	169	121.5	122.5	115.5	116.5	transparent
#B0B0B0	123	116	177	122.5	123.5	115.5	116.5	transparent
#B2B2B2	124	116	179	123.5	124.5	115.5	116.5	transparent
#B1B1B1	125	116	178	124.5	125.5	115.5	116.5	transparent
#B0B0B0	126	116	177	125.5	126.5	115.5	116.5	transparent
#ACACAC	127	116	173	126.5	127.5	115.5	116.5	transparent
#A5A5A5	128	116	166	127.5	128.5	115.5	116.5	transparent
#A2A2A2	129	116	163	128.5	129.5	115.5	116.5	transparent
#9D9D9D	130	116	158	129.5	130.5	115.5	116.5	transparent
#9E9E9E	131	116	159	130.5	131.5	115.5	116.5	transparent
#9E9E9E	132	116	159	131.5	132.5	115.5	116.5	transparent
#9F9F9F	133	116	160	132.5	133.5	115.5	116.5	transparent
#9D9D9D	134	116	158	133.5	134.5	115.5	116.5	transparent
#9D9D9D	135	116	158	134.5	135.5	115.5	116.5	transparent
#A4A4A4	136	116	165	135.5	136.5	115.5	116.5	transparent
#A3A3A3	137	116	164	136.5	137.5	115.5	116.5	transparent
#A5A5A5	138	116	166	137.5	138.5	115.5	116.5	transparent
#B3B3B3	139	116	180	138.5	139.5	115.5	116.5	transparent
#565656	0	115	87	-0.5	0.5	114.5	115.5	transparent
#585858	1	115	89	0.5	1.5	114.5	115.5	transparent
#646464	2	115	101	1.5	2.5	114.5	115.5	transparent
#6C6C6C	3	115	109	2.5	3.5	114.5	115.5	transparent
#6E6E6E	4	115	111	3.5	4.5	114.5	115.5	transparent
#747474	5	115	117	4.5	5.5	114.5	115.5	transparent
#797979	6	115	122	5.5	6.5	114.5	115.5	transparent
#7F7F7F	7	115	128	6.5	7.5	114.5	115.5	transparent
#929292	8	115	147	7.5	8.5	114.5	115.5	transparent
#9A9A9A	9	115	155	8.5	9.5	114.5	115.5	transparent
#959595	10	115	150	9.5	10.5	114.5	115.5	transparent
#939393	11	115	148	10.5	11.5	114.5	115.5	transparent
#959595	12	115	150	11.5	12.5	114.5	115.5	transparent
#959595	13	115	150	12.5	13.5	114.5	115.5	transparent
#909090	14	115	145	13.5	14.5	114.5	115.5	transparent
#8E8E8E	15	115	143	14.5	15.5	114.5	115.5	transparent
#909090	16	115	145	15.5	16.5	114.5	115.5	transparent
#939393	17	115	148	16.5	17.5	114.5	115.5	transparent
#989898	18	115	153	17.5	18.5	114.5	115.5	transparent
#A8A8A8	19	115	169	18.5	19.5	114.5	115.5	transparent
#B8B8B8	20	115	185	19.5	20.5	114.5	115.5	transparent
#AEAEAE	21	115	175	20.5	21.5	114.5	115.5	transparent
#8A8A8A	22	115	139	21.5	22.5	114.5	115.5	transparent
#7B7B7B	23	115	124	22.5	23.5	114.5	115.5	transparent
#7C7C7C	24	115	125	23.5	24.5	114.5	115.5	transparent
#787878	25	115	121	24.5	25.5	114.5	115.5	transparent
#707070	26	115	113	25.5	26.5	114.5	115.5	transparent
#696969	27	115	106	26.5	27.5	114.5	115.5	transparent
#686868	28	115	105	27.5	28.5	114.5	115.5	transparent
#6B6B6B	29	115	108	28.5	29.5	114.5	115.5	transparent
#6E6E6E	30	115	111	29.5	30.5	114.5	115.5	transparent
#737373	31	115	116	30.5	31.5	114.5	115.5	transparent
#797979	32	115	122	31.5	32.5	114.5	115.5	transparent
#848484	33	115	133	32.5	33.5	114.5	115.5	transparent
#898989	34	115	138	33.5	34.5	114.5	115.5	transparent
#939393	35	115	148	34.5	35.5	114.5	115.5	transparent
#9A9A9A	36	115	155	35.5	36.5	114.5	115.5	transparent
#8E8E8E	37	115	143	36.5	37.5	114.5	115.5	transparent
#7B7B7B	38	115	124	37.5	38.5	114.5	115.5	transparent
#767676	39	115	119	38.5	39.5	114.5	115.5	transparent
#767676	40	115	119	39.5	40.5	114.5	115.5	transparent
#6C6C6C	41	115	109	40.5	41.5	114.5	115.5	transparent
#676767	42	115	104	41.5	42.5	114.5	115.5	transparent
#646464	43	115	101	42.5	43.5	114.5	115.5	transparent
#616161	44	115	98	43.5	44.5	114.5	115.5	transparent
#5F5F5F	45	115	96	44.5	45.5	114.5	115.5	transparent
#5F5F5F	46	115	96	45.5	46.5	114.5	115.5	transparent
#626262	47	115	99	46.5	47.5	114.5	115.5	transparent
#616161	48	115	98	47.5	48.5	114.5	115.5	transparent
#606060	49	115	97	48.5	49.5	114.5	115.5	transparent
#626262	50	115	99	49.5	50.5	114.5	115.5	transparent
#636363	51	115	100	50.5	51.5	114.5	115.5	transparent
#636363	52	115	100	51.5	52.5	114.5	115.5	transparent
#5B5B5B	53	115	92	52.5	53.5	114.5	115.5	transparent
#515151	54	115	82	53.5	54.5	114.5	115.5	transparent
#4F4F4F	55	115	80	54.5	55.5	114.5	115.5	transparent
#515151	56	115	82	55.5	56.5	114.5	115.5	transparent
#4F4F4F	57	115	80	56.5	57.5	114.5	115.5	transparent
#535353	58	115	84	57.5	58.5	114.5	115.5	transparent
#595959	59	115	90	58.5	59.5	114.5	115.5	transparent
#5C5C5C	60	115	93	59.5	60.5	114.5	115.5	transparent
#606060	61	115	97	60.5	61.5	114.5	115.5	transparent
#626262	62	115	99	61.5	62.5	114.5	115.5	transparent
#696969	63	115	106	62.5	63.5	114.5	115.5	transparent
#696969	64	115	106	63.5	64.5	114.5	115.5	transparent
#6C6C6C	65	115	109	64.5	65.5	114.5	115.5	transparent
#737373	66	115	116	65.5	66.5	114.5	115.5	transparent
#7F7F7F	67	115	128	66.5	67.5	114.5	115.5	transparent
#8A8A8A	68	115	139	67.5	68.5	114.5	115.5	transparent
#939393	69	115	148	68.5	69.5	114.5	115.5	transparent
#8D8D8D	70	115	142	69.5	70.5	114.5	115.5	transparent
#888888	71	115	137	70.5	71.5	114.5	115.5	transparent
#8B8B8B	72	115	140	71.5	72.5	114.5	115.5	transparent
#8F8F8F	73	115	144	72.5	73.5	114.5	115.5	transparent
#959595	74	115	150	73.5	74.5	114.5	115.5	transparent
#9D9D9D	75	115	158	74.5	75.5	114.5	115.5	transparent
#9B9B9B	76	115	156	75.5	76.5	114.5	115.5	transparent
#949494	77	115	149	76.5	77.5	114.5	115.5	transparent
#8A8A8A	78	115	139	77.5	78.5	114.5	115.5	transparent
#7F7F7F	79	115	128	78.5	79.5	114.5	115.5	transparent
#7A7A7A	80	115	123	79.5	80.5	114.5	115.5	transparent
#747474	81	115	117	80.5	81.5	114.5	115.5	transparent
#6B6B6B	82	115	108	81.5	82.5	114.5	115.5	transparent
#5A5A5A	83	115	91	82.5	83.5	114.5	115.5	transparent
#535353	84	115	84	83.5	84.5	114.5	115.5	transparent
#535353	85	115	84	84.5	85.5	114.5	115.5	transparent
#4E4E4E	86	115	79	85.5	86.5	114.5	115.5	transparent
#4B4B4B	87	115	76	86.5	87.5	114.5	115.5	transparent
#4A4A4A	88	115	75	87.5	88.5	114.5	115.5	transparent
#4C4C4C	89	115	77	88.5	89.5	114.5	115.5	transparent
#525252	90	115	83	89.5	90.5	114.5	115.5	transparent
#5B5B5B	91	115	92	90.5	91.5	114.5	115.5	transparent
#626262	92	115	99	91.5	92.5	114.5	115.5	transparent
#636363	93	115	100	92.5	93.5	114.5	115.5	transparent
#666666	94	115	103	93.5	94.5	114.5	115.5	transparent
#666666	95	115	103	94.5	95.5	114.5	115.5	transparent
#686868	96	115	105	95.5	96.5	114.5	115.5	transparent
#686868	97	115	105	96.5	97.5	114.5	115.5	transparent
#666666	98	115	103	97.5	98.5	114.5	115.5	transparent
#656565	99	115	102	98.5	99.5	114.5	115.5	transparent
#646464	100	115	101	99.5	100.5	114.5	115.5	transparent
#5F5F5F	101	115	96	100.5	101.5	114.5	115.5	transparent
#5D5D5D	102	115	94	101.5	102.5	114.5	115.5	transparent
#5E5E5E	103	115	95	102.5	103.5	114.5	115.5	transparent
#6E6E6E	104	115	111	103.5	104.5	114.5	115.5	transparent
#7B7B7B	105	115	124	104.5	105.5	114.5	115.5	transparent
#8A8A8A	106	115	139	105.5	106.5	114.5	115.5	transparent
#9B9B9B	107	115	156	106.5	107.5	114.5	115.5	transparent
#9E9E9E	108	115	159	107.5	108.5	114.5	115.5	transparent
#989898	109	115	153	108.5	109.5	114.5	115.5	transparent
#8B8B8B	110	115	140	109.5	110.5	114.5	115.5	transparent
#888888	111	115	137	110.5	111.5	114.5	115.5	transparent
#848484	112	115	133	111.5	112.5	114.5	115.5	transparent
#848484	113	115	133	112.5	113.5	114.5	115.5	transparent
#848484	114	115	133	113.5	114.5	114.5	115.5	transparent
#7E7E7E	115	115	127	114.5	115.5	114.5	115.5	transparent
#838383	116	115	132	115.5	116.5	114.5	115.5	transparent
#8C8C8C	117	115	141	116.5	117.5	114.5	115.5	transparent
#929292	118	115	147	117.5	118.5	114.5	115.5	transparent
#959595	119	115	150	118.5	119.5	114.5	115.5	transparent
#9E9E9E	120	115	159	119.5	120.5	114.5	115.5	transparent
#AFAFAF	121	115	176	120.5	121.5	114.5	115.5	transparent
#BEBEBE	122	115	191	121.5	122.5	114.5	115.5	transparent
#BCBCBC	123	115	189	122.5	123.5	114.5	115.5	transparent
#B2B2B2	124	115	179	123.5	124.5	114.5	115.5	transparent
#AFAFAF	125	115	176	124.5	125.5	114.5	115.5	transparent
#B3B3B3	126	115	180	125.5	126.5	114.5	115.5	transparent
#AEAEAE	127	115	175	126.5	127.5	114.5	115.5	transparent
#A6A6A6	128	115	167	127.5	128.5	114.5	115.5	transparent
#A4A4A4	129	115	165	128.5	129.5	114.5	115.5	transparent
#A7A7A7	130	115	168	129.5	130.5	114.5	115.5	transparent
#A9A9A9	131	115	170	130.5	131.5	114.5	115.5	transparent
#A8A8A8	132	115	169	131.5	132.5	114.5	115.5	transparent
#A7A7A7	133	115	168	132.5	133.5	114.5	115.5	transparent
#AAAAAA	134	115	171	133.5	134.5	114.5	115.5	transparent
#A9A9A9	135	115	170	134.5	135.5	114.5	115.5	transparent
#A0A0A0	136	115	161	135.5	136.5	114.5	115.5	transparent
#969696	137	115	151	136.5	137.5	114.5	115.5	transparent
#9D9D9D	138	115	158	137.5	138.5	114.5	115.5	transparent
#B2B2B2	139	115	179	138.5	139.5	114.5	115.5	transparent
#676767	0	114	104	-0.5	0.5	113.5	114.5	transparent
#646464	1	114	101	0.5	1.5	113.5	114.5	transparent
#676767	2	114	104	1.5	2.5	113.5	114.5	transparent
#6E6E6E	3	114	111	2.5	3.5	113.5	114.5	transparent
#737373	4	114	116	3.5	4.5	113.5	114.5	transparent
#767676	5	114	119	4.5	5.5	113.5	114.5	transparent
#7B7B7B	6	114	124	5.5	6.5	113.5	114.5	transparent
#838383	7	114	132	6.5	7.5	113.5	114.5	transparent
#8B8B8B	8	114	140	7.5	8.5	113.5	114.5	transparent
#949494	9	114	149	8.5	9.5	113.5	114.5	transparent
#A4A4A4	10	114	165	9.5	10.5	113.5	114.5	transparent
#A6A6A6	11	114	167	10.5	11.5	113.5	114.5	transparent
#9D9D9D	12	114	158	11.5	12.5	113.5	114.5	transparent
#9C9C9C	13	114	157	12.5	13.5	113.5	114.5	transparent
#979797	14	114	152	13.5	14.5	113.5	114.5	transparent
#929292	15	114	147	14.5	15.5	113.5	114.5	transparent
#939393	16	114	148	15.5	16.5	113.5	114.5	transparent
#979797	17	114	152	16.5	17.5	113.5	114.5	transparent
#B0B0B0	18	114	177	17.5	18.5	113.5	114.5	transparent
#BCBCBC	19	114	189	18.5	19.5	113.5	114.5	transparent
#A8A8A8	20	114	169	19.5	20.5	113.5	114.5	transparent
#A2A2A2	21	114	163	20.5	21.5	113.5	114.5	transparent
#909090	22	114	145	21.5	22.5	113.5	114.5	transparent
#7E7E7E	23	114	127	22.5	23.5	113.5	114.5	transparent
#7C7C7C	24	114	125	23.5	24.5	113.5	114.5	transparent
#7C7C7C	25	114	125	24.5	25.5	113.5	114.5	transparent
#767676	26	114	119	25.5	26.5	113.5	114.5	transparent
#6A6A6A	27	114	107	26.5	27.5	113.5	114.5	transparent
#6B6B6B	28	114	108	27.5	28.5	113.5	114.5	transparent
#6C6C6C	29	114	109	28.5	29.5	113.5	114.5	transparent
#6E6E6E	30	114	111	29.5	30.5	113.5	114.5	transparent
#757575	31	114	118	30.5	31.5	113.5	114.5	transparent
#828282	32	114	131	31.5	32.5	113.5	114.5	transparent
#898989	33	114	138	32.5	33.5	113.5	114.5	transparent
#909090	34	114	145	33.5	34.5	113.5	114.5	transparent
#919191	35	114	146	34.5	35.5	113.5	114.5	transparent
#777777	36	114	120	35.5	36.5	113.5	114.5	transparent
#616161	37	114	98	36.5	37.5	113.5	114.5	transparent
#5B5B5B	38	114	92	37.5	38.5	113.5	114.5	transparent
#5A5A5A	39	114	91	38.5	39.5	113.5	114.5	transparent
#5C5C5C	40	114	93	39.5	40.5	113.5	114.5	transparent
#595959	41	114	90	40.5	41.5	113.5	114.5	transparent
#5B5B5B	42	114	92	41.5	42.5	113.5	114.5	transparent
#5F5F5F	43	114	96	42.5	43.5	113.5	114.5	transparent
#606060	44	114	97	43.5	44.5	113.5	114.5	transparent
#626262	45	114	99	44.5	45.5	113.5	114.5	transparent
#636363	46	114	100	45.5	46.5	113.5	114.5	transparent
#636363	47	114	100	46.5	47.5	113.5	114.5	transparent
#646464	48	114	101	47.5	48.5	113.5	114.5	transparent
#616161	49	114	98	48.5	49.5	113.5	114.5	transparent
#636363	50	114	100	49.5	50.5	113.5	114.5	transparent
#646464	51	114	101	50.5	51.5	113.5	114.5	transparent
#646464	52	114	101	51.5	52.5	113.5	114.5	transparent
#5D5D5D	53	114	94	52.5	53.5	113.5	114.5	transparent
#525252	54	114	83	53.5	54.5	113.5	114.5	transparent
#4F4F4F	55	114	80	54.5	55.5	113.5	114.5	transparent
#505050	56	114	81	55.5	56.5	113.5	114.5	transparent
#515151	57	114	82	56.5	57.5	113.5	114.5	transparent
#525252	58	114	83	57.5	58.5	113.5	114.5	transparent
#4D4D4D	59	114	78	58.5	59.5	113.5	114.5	transparent
#4B4B4B	60	114	76	59.5	60.5	113.5	114.5	transparent
#505050	61	114	81	60.5	61.5	113.5	114.5	transparent
#525252	62	114	83	61.5	62.5	113.5	114.5	transparent
#5F5F5F	63	114	96	62.5	63.5	113.5	114.5	transparent
#676767	64	114	104	63.5	64.5	113.5	114.5	transparent
#6C6C6C	65	114	109	64.5	65.5	113.5	114.5	transparent
#757575	66	114	118	65.5	66.5	113.5	114.5	transparent
#808080	67	114	129	66.5	67.5	113.5	114.5	transparent
#8D8D8D	68	114	142	67.5	68.5	113.5	114.5	transparent
#939393	69	114	148	68.5	69.5	113.5	114.5	transparent
#909090	70	114	145	69.5	70.5	113.5	114.5	transparent
#898989	71	114	138	70.5	71.5	113.5	114.5	transparent
#898989	72	114	138	71.5	72.5	113.5	114.5	transparent
#8F8F8F	73	114	144	72.5	73.5	113.5	114.5	transparent
#969696	74	114	151	73.5	74.5	113.5	114.5	transparent
#9B9B9B	75	114	156	74.5	75.5	113.5	114.5	transparent
#9E9E9E	76	114	159	75.5	76.5	113.5	114.5	transparent
#949494	77	114	149	76.5	77.5	113.5	114.5	transparent
#838383	78	114	132	77.5	78.5	113.5	114.5	transparent
#7E7E7E	79	114	127	78.5	79.5	113.5	114.5	transparent
#797979	80	114	122	79.5	80.5	113.5	114.5	transparent
#676767	81	114	104	80.5	81.5	113.5	114.5	transparent
#545454	82	114	85	81.5	82.5	113.5	114.5	transparent
#4C4C4C	83	114	77	82.5	83.5	113.5	114.5	transparent
#494949	84	114	74	83.5	84.5	113.5	114.5	transparent
#4A4A4A	85	114	75	84.5	85.5	113.5	114.5	transparent
#4C4C4C	86	114	77	85.5	86.5	113.5	114.5	transparent
#4D4D4D	87	114	78	86.5	87.5	113.5	114.5	transparent
#4C4C4C	88	114	77	87.5	88.5	113.5	114.5	transparent
#515151	89	114	82	88.5	89.5	113.5	114.5	transparent
#5F5F5F	90	114	96	89.5	90.5	113.5	114.5	transparent
#666666	91	114	103	90.5	91.5	113.5	114.5	transparent
#686868	92	114	105	91.5	92.5	113.5	114.5	transparent
#686868	93	114	105	92.5	93.5	113.5	114.5	transparent
#666666	94	114	103	93.5	94.5	113.5	114.5	transparent
#616161	95	114	98	94.5	95.5	113.5	114.5	transparent
#5D5D5D	96	114	94	95.5	96.5	113.5	114.5	transparent
#565656	97	114	87	96.5	97.5	113.5	114.5	transparent
#505050	98	114	81	97.5	98.5	113.5	114.5	transparent
#4D4D4D	99	114	78	98.5	99.5	113.5	114.5	transparent
#4D4D4D	100	114	78	99.5	100.5	113.5	114.5	transparent
#4C4C4C	101	114	77	100.5	101.5	113.5	114.5	transparent
#4D4D4D	102	114	78	101.5	102.5	113.5	114.5	transparent
#555555	103	114	86	102.5	103.5	113.5	114.5	transparent
#5E5E5E	104	114	95	103.5	104.5	113.5	114.5	transparent
#656565	105	114	102	104.5	105.5	113.5	114.5	transparent
#707070	106	114	113	105.5	106.5	113.5	114.5	transparent
#838383	107	114	132	106.5	107.5	113.5	114.5	transparent
#999999	108	114	154	107.5	108.5	113.5	114.5	transparent
#9D9D9D	109	114	158	108.5	109.5	113.5	114.5	transparent
#969696	110	114	151	109.5	110.5	113.5	114.5	transparent
#8B8B8B	111	114	140	110.5	111.5	113.5	114.5	transparent
#868686	112	114	135	111.5	112.5	113.5	114.5	transparent
#848484	113	114	133	112.5	113.5	113.5	114.5	transparent
#858585	114	114	134	113.5	114.5	113.5	114.5	transparent
#818181	115	114	130	114.5	115.5	113.5	114.5	transparent
#838383	116	114	132	115.5	116.5	113.5	114.5	transparent
#8B8B8B	117	114	140	116.5	117.5	113.5	114.5	transparent
#939393	118	114	148	117.5	118.5	113.5	114.5	transparent
#9C9C9C	119	114	157	118.5	119.5	113.5	114.5	transparent
#9F9F9F	120	114	160	119.5	120.5	113.5	114.5	transparent
#A1A1A1	121	114	162	120.5	121.5	113.5	114.5	transparent
#B0B0B0	122	114	177	121.5	122.5	113.5	114.5	transparent
#C2C2C2	123	114	195	122.5	123.5	113.5	114.5	transparent
#BDBDBD	124	114	190	123.5	124.5	113.5	114.5	transparent
#B7B7B7	125	114	184	124.5	125.5	113.5	114.5	transparent
#B5B5B5	126	114	182	125.5	126.5	113.5	114.5	transparent
#A8A8A8	127	114	169	126.5	127.5	113.5	114.5	transparent
#A4A4A4	128	114	165	127.5	128.5	113.5	114.5	transparent
#A7A7A7	129	114	168	128.5	129.5	113.5	114.5	transparent
#ACACAC	130	114	173	129.5	130.5	113.5	114.5	transparent
#AEAEAE	131	114	175	130.5	131.5	113.5	114.5	transparent
#B2B2B2	132	114	179	131.5	132.5	113.5	114.5	transparent
#B8B8B8	133	114	185	132.5	133.5	113.5	114.5	transparent
#AFAFAF	134	114	176	133.5	134.5	113.5	114.5	transparent
#A0A0A0	135	114	161	134.5	135.5	113.5	114.5	transparent
#9A9A9A	136	114	155	135.5	136.5	113.5	114.5	transparent
#979797	137	114	152	136.5	137.5	113.5	114.5	transparent
#A1A1A1	138	114	162	137.5	138.5	113.5	114.5	transparent
#B4B4B4	139	114	181	138.5	139.5	113.5	114.5	transparent
#707070	0	113	113	-0.5	0.5	112.5	113.5	transparent
#696969	1	113	106	0.5	1.5	112.5	113.5	transparent
#6B6B6B	2	113	108	1.5	2.5	112.5	113.5	transparent
#717171	3	113	114	2.5	3.5	112.5	113.5	transparent
#797979	4	113	122	3.5	4.5	112.5	113.5	transparent
#797979	5	113	122	4.5	5.5	112.5	113.5	transparent
#7E7E7E	6	113	127	5.5	6.5	112.5	113.5	transparent
#878787	7	113	136	6.5	7.5	112.5	113.5	transparent
#8B8B8B	8	113	140	7.5	8.5	112.5	113.5	transparent
#929292	9	113	147	8.5	9.5	112.5	113.5	transparent
#A1A1A1	10	113	162	9.5	10.5	112.5	113.5	transparent
#B0B0B0	11	113	177	10.5	11.5	112.5	113.5	transparent
#A8A8A8	12	113	169	11.5	12.5	112.5	113.5	transparent
#A0A0A0	13	113	161	12.5	13.5	112.5	113.5	transparent
#9E9E9E	14	113	159	13.5	14.5	112.5	113.5	transparent
#9E9E9E	15	113	159	14.5	15.5	112.5	113.5	transparent
#A0A0A0	16	113	161	15.5	16.5	112.5	113.5	transparent
#B2B2B2	17	113	179	16.5	17.5	112.5	113.5	transparent
#C1C1C1	18	113	194	17.5	18.5	112.5	113.5	transparent
#A3A3A3	19	113	164	18.5	19.5	112.5	113.5	transparent
#989898	20	113	153	19.5	20.5	112.5	113.5	transparent
#9C9C9C	21	113	157	20.5	21.5	112.5	113.5	transparent
#909090	22	113	145	21.5	22.5	112.5	113.5	transparent
#828282	23	113	131	22.5	23.5	112.5	113.5	transparent
#7D7D7D	24	113	126	23.5	24.5	112.5	113.5	transparent
#7C7C7C	25	113	125	24.5	25.5	112.5	113.5	transparent
#787878	26	113	121	25.5	26.5	112.5	113.5	transparent
#707070	27	113	113	26.5	27.5	112.5	113.5	transparent
#707070	28	113	113	27.5	28.5	112.5	113.5	transparent
#707070	29	113	113	28.5	29.5	112.5	113.5	transparent
#757575	30	113	118	29.5	30.5	112.5	113.5	transparent
#838383	31	113	132	30.5	31.5	112.5	113.5	transparent
#888888	32	113	137	31.5	32.5	112.5	113.5	transparent
#919191	33	113	146	32.5	33.5	112.5	113.5	transparent
#8A8A8A	34	113	139	33.5	34.5	112.5	113.5	transparent
#6B6B6B	35	113	108	34.5	35.5	112.5	113.5	transparent
#5B5B5B	36	113	92	35.5	36.5	112.5	113.5	transparent
#575757	37	113	88	36.5	37.5	112.5	113.5	transparent
#555555	38	113	86	37.5	38.5	112.5	113.5	transparent
#545454	39	113	85	38.5	39.5	112.5	113.5	transparent
#525252	40	113	83	39.5	40.5	112.5	113.5	transparent
#4F4F4F	41	113	80	40.5	41.5	112.5	113.5	transparent
#484848	42	113	73	41.5	42.5	112.5	113.5	transparent
#484848	43	113	73	42.5	43.5	112.5	113.5	transparent
#4B4B4B	44	113	76	43.5	44.5	112.5	113.5	transparent
#4E4E4E	45	113	79	44.5	45.5	112.5	113.5	transparent
#525252	46	113	83	45.5	46.5	112.5	113.5	transparent
#545454	47	113	85	46.5	47.5	112.5	113.5	transparent
#5A5A5A	48	113	91	47.5	48.5	112.5	113.5	transparent
#5D5D5D	49	113	94	48.5	49.5	112.5	113.5	transparent
#5C5C5C	50	113	93	49.5	50.5	112.5	113.5	transparent
#5E5E5E	51	113	95	50.5	51.5	112.5	113.5	transparent
#616161	52	113	98	51.5	52.5	112.5	113.5	transparent
#606060	53	113	97	52.5	53.5	112.5	113.5	transparent
#575757	54	113	88	53.5	54.5	112.5	113.5	transparent
#4D4D4D	55	113	78	54.5	55.5	112.5	113.5	transparent
#4F4F4F	56	113	80	55.5	56.5	112.5	113.5	transparent
#535353	57	113	84	56.5	57.5	112.5	113.5	transparent
#545454	58	113	85	57.5	58.5	112.5	113.5	transparent
#525252	59	113	83	58.5	59.5	112.5	113.5	transparent
#4D4D4D	60	113	78	59.5	60.5	112.5	113.5	transparent
#505050	61	113	81	60.5	61.5	112.5	113.5	transparent
#535353	62	113	84	61.5	62.5	112.5	113.5	transparent
#5E5E5E	63	113	95	62.5	63.5	112.5	113.5	transparent
#616161	64	113	98	63.5	64.5	112.5	113.5	transparent
#606060	65	113	97	64.5	65.5	112.5	113.5	transparent
#6B6B6B	66	113	108	65.5	66.5	112.5	113.5	transparent
#797979	67	113	122	66.5	67.5	112.5	113.5	transparent
#8C8C8C	68	113	141	67.5	68.5	112.5	113.5	transparent
#939393	69	113	148	68.5	69.5	112.5	113.5	transparent
#939393	70	113	148	69.5	70.5	112.5	113.5	transparent
#8D8D8D	71	113	142	70.5	71.5	112.5	113.5	transparent
#8B8B8B	72	113	140	71.5	72.5	112.5	113.5	transparent
#909090	73	113	145	72.5	73.5	112.5	113.5	transparent
#989898	74	113	153	73.5	74.5	112.5	113.5	transparent
#999999	75	113	154	74.5	75.5	112.5	113.5	transparent
#9B9B9B	76	113	156	75.5	76.5	112.5	113.5	transparent
#8A8A8A	77	113	139	76.5	77.5	112.5	113.5	transparent
#7C7C7C	78	113	125	77.5	78.5	112.5	113.5	transparent
#7D7D7D	79	113	126	78.5	79.5	112.5	113.5	transparent
#787878	80	113	121	79.5	80.5	112.5	113.5	transparent
#5D5D5D	81	113	94	80.5	81.5	112.5	113.5	transparent
#4F4F4F	82	113	80	81.5	82.5	112.5	113.5	transparent
#4C4C4C	83	113	77	82.5	83.5	112.5	113.5	transparent
#4B4B4B	84	113	76	83.5	84.5	112.5	113.5	transparent
#4F4F4F	85	113	80	84.5	85.5	112.5	113.5	transparent
#535353	86	113	84	85.5	86.5	112.5	113.5	transparent
#565656	87	113	87	86.5	87.5	112.5	113.5	transparent
#565656	88	113	87	87.5	88.5	112.5	113.5	transparent
#5D5D5D	89	113	94	88.5	89.5	112.5	113.5	transparent
#646464	90	113	101	89.5	90.5	112.5	113.5	transparent
#606060	91	113	97	90.5	91.5	112.5	113.5	transparent
#5A5A5A	92	113	91	91.5	92.5	112.5	113.5	transparent
#555555	93	113	86	92.5	93.5	112.5	113.5	transparent
#515151	94	113	82	93.5	94.5	112.5	113.5	transparent
#4C4C4C	95	113	77	94.5	95.5	112.5	113.5	transparent
#4A4A4A	96	113	75	95.5	96.5	112.5	113.5	transparent
#4B4B4B	97	113	76	96.5	97.5	112.5	113.5	transparent
#474747	98	113	72	97.5	98.5	112.5	113.5	transparent
#434343	99	113	68	98.5	99.5	112.5	113.5	transparent
#434343	100	113	68	99.5	100.5	112.5	113.5	transparent
#464646	101	113	71	100.5	101.5	112.5	113.5	transparent
#4C4C4C	102	113	77	101.5	102.5	112.5	113.5	transparent
#545454	103	113	85	102.5	103.5	112.5	113.5	transparent
#585858	104	113	89	103.5	104.5	112.5	113.5	transparent
#5C5C5C	105	113	93	104.5	105.5	112.5	113.5	transparent
#5E5E5E	106	113	95	105.5	106.5	112.5	113.5	transparent
#676767	107	113	104	106.5	107.5	112.5	113.5	transparent
#7F7F7F	108	113	128	107.5	108.5	112.5	113.5	transparent
#9B9B9B	109	113	156	108.5	109.5	112.5	113.5	transparent
#9C9C9C	110	113	157	109.5	110.5	112.5	113.5	transparent
#989898	111	113	153	110.5	111.5	112.5	113.5	transparent
#8E8E8E	112	113	143	111.5	112.5	112.5	113.5	transparent
#878787	113	113	136	112.5	113.5	112.5	113.5	transparent
#888888	114	113	137	113.5	114.5	112.5	113.5	transparent
#868686	115	113	135	114.5	115.5	112.5	113.5	transparent
#858585	116	113	134	115.5	116.5	112.5	113.5	transparent
#8B8B8B	117	113	140	116.5	117.5	112.5	113.5	transparent
#979797	118	113	152	117.5	118.5	112.5	113.5	transparent
#9B9B9B	119	113	156	118.5	119.5	112.5	113.5	transparent
#999999	120	113	154	119.5	120.5	112.5	113.5	transparent
#9A9A9A	121	113	155	120.5	121.5	112.5	113.5	transparent
#9F9F9F	122	113	160	121.5	122.5	112.5	113.5	transparent
#ACACAC	123	113	173	122.5	123.5	112.5	113.5	transparent
#C4C4C4	124	113	197	123.5	124.5	112.5	113.5	transparent
#D1D1D1	125	113	210	124.5	125.5	112.5	113.5	transparent
#C0C0C0	126	113	193	125.5	126.5	112.5	113.5	transparent
#ADADAD	127	113	174	126.5	127.5	112.5	113.5	transparent
#ACACAC	128	113	173	127.5	128.5	112.5	113.5	transparent
#AEAEAE	129	113	175	128.5	129.5	112.5	113.5	transparent
#B1B1B1	130	113	178	129.5	130.5	112.5	113.5	transparent
#B3B3B3	131	113	180	130.5	131.5	112.5	113.5	transparent
#BBBBBB	132	113	188	131.5	132.5	112.5	113.5	transparent
#BABABA	133	113	187	132.5	133.5	112.5	113.5	transparent
#AAAAAA	134	113	171	133.5	134.5	112.5	113.5	transparent
#9F9F9F	135	113	160	134.5	135.5	112.5	113.5	transparent
#9E9E9E	136	113	159	135.5	136.5	112.5	113.5	transparent
#9C9C9C	137	113	157	136.5	137.5	112.5	113.5	transparent
#A3A3A3	138	113	164	137.5	138.5	112.5	113.5	transparent
#B6B6B6	139	113	183	138.5	139.5	112.5	113.5	transparent
#767676	0	112	119	-0.5	0.5	111.5	112.5	transparent
#707070	1	112	113	0.5	1.5	111.5	112.5	transparent
#707070	2	112	113	1.5	2.5	111.5	112.5	transparent
#747474	3	112	117	2.5	3.5	111.5	112.5	transparent
#797979	4	112	122	3.5	4.5	111.5	112.5	transparent
#7F7F7F	5	112	128	4.5	5.5	111.5	112.5	transparent
#848484	6	112	133	5.5	6.5	111.5	112.5	transparent
#888888	7	112	137	6.5	7.5	111.5	112.5	transparent
#909090	8	112	145	7.5	8.5	111.5	112.5	transparent
#9B9B9B	9	112	156	8.5	9.5	111.5	112.5	transparent
#9D9D9D	10	112	158	9.5	10.5	111.5	112.5	transparent
#AAAAAA	11	112	171	10.5	11.5	111.5	112.5	transparent
#B5B5B5	12	112	182	11.5	12.5	111.5	112.5	transparent
#AAAAAA	13	112	171	12.5	13.5	111.5	112.5	transparent
#A9A9A9	14	112	170	13.5	14.5	111.5	112.5	transparent
#AEAEAE	15	112	175	14.5	15.5	111.5	112.5	transparent
#B2B2B2	16	112	179	15.5	16.5	111.5	112.5	transparent
#BEBEBE	17	112	191	16.5	17.5	111.5	112.5	transparent
#B4B4B4	18	112	181	17.5	18.5	111.5	112.5	transparent
#A7A7A7	19	112	168	18.5	19.5	111.5	112.5	transparent
#9B9B9B	20	112	156	19.5	20.5	111.5	112.5	transparent
#959595	21	112	150	20.5	21.5	111.5	112.5	transparent
#8A8A8A	22	112	139	21.5	22.5	111.5	112.5	transparent
#848484	23	112	133	22.5	23.5	111.5	112.5	transparent
#818181	24	112	130	23.5	24.5	111.5	112.5	transparent
#7D7D7D	25	112	126	24.5	25.5	111.5	112.5	transparent
#7B7B7B	26	112	124	25.5	26.5	111.5	112.5	transparent
#787878	27	112	121	26.5	27.5	111.5	112.5	transparent
#747474	28	112	117	27.5	28.5	111.5	112.5	transparent
#757575	29	112	118	28.5	29.5	111.5	112.5	transparent
#848484	30	112	133	29.5	30.5	111.5	112.5	transparent
#8A8A8A	31	112	139	30.5	31.5	111.5	112.5	transparent
#919191	32	112	146	31.5	32.5	111.5	112.5	transparent
#8C8C8C	33	112	141	32.5	33.5	111.5	112.5	transparent
#696969	34	112	106	33.5	34.5	111.5	112.5	transparent
#575757	35	112	88	34.5	35.5	111.5	112.5	transparent
#575757	36	112	88	35.5	36.5	111.5	112.5	transparent
#545454	37	112	85	36.5	37.5	111.5	112.5	transparent
#515151	38	112	82	37.5	38.5	111.5	112.5	transparent
#4F4F4F	39	112	80	38.5	39.5	111.5	112.5	transparent
#4A4A4A	40	112	75	39.5	40.5	111.5	112.5	transparent
#474747	41	112	72	40.5	41.5	111.5	112.5	transparent
#444444	42	112	69	41.5	42.5	111.5	112.5	transparent
#3F3F3F	43	112	64	42.5	43.5	111.5	112.5	transparent
#3F3F3F	44	112	64	43.5	44.5	111.5	112.5	transparent
#3E3E3E	45	112	63	44.5	45.5	111.5	112.5	transparent
#3D3D3D	46	112	62	45.5	46.5	111.5	112.5	transparent
#3E3E3E	47	112	63	46.5	47.5	111.5	112.5	transparent
#414141	48	112	66	47.5	48.5	111.5	112.5	transparent
#4A4A4A	49	112	75	48.5	49.5	111.5	112.5	transparent
#4D4D4D	50	112	78	49.5	50.5	111.5	112.5	transparent
#525252	51	112	83	50.5	51.5	111.5	112.5	transparent
#585858	52	112	89	51.5	52.5	111.5	112.5	transparent
#5C5C5C	53	112	93	52.5	53.5	111.5	112.5	transparent
#5E5E5E	54	112	95	53.5	54.5	111.5	112.5	transparent
#595959	55	112	90	54.5	55.5	111.5	112.5	transparent
#555555	56	112	86	55.5	56.5	111.5	112.5	transparent
#555555	57	112	86	56.5	57.5	111.5	112.5	transparent
#525252	58	112	83	57.5	58.5	111.5	112.5	transparent
#535353	59	112	84	58.5	59.5	111.5	112.5	transparent
#555555	60	112	86	59.5	60.5	111.5	112.5	transparent
#595959	61	112	90	60.5	61.5	111.5	112.5	transparent
#585858	62	112	89	61.5	62.5	111.5	112.5	transparent
#606060	63	112	97	62.5	63.5	111.5	112.5	transparent
#636363	64	112	100	63.5	64.5	111.5	112.5	transparent
#5A5A5A	65	112	91	64.5	65.5	111.5	112.5	transparent
#636363	66	112	100	65.5	66.5	111.5	112.5	transparent
#727272	67	112	115	66.5	67.5	111.5	112.5	transparent
#848484	68	112	133	67.5	68.5	111.5	112.5	transparent
#919191	69	112	146	68.5	69.5	111.5	112.5	transparent
#8E8E8E	70	112	143	69.5	70.5	111.5	112.5	transparent
#8C8C8C	71	112	141	70.5	71.5	111.5	112.5	transparent
#878787	72	112	136	71.5	72.5	111.5	112.5	transparent
#8F8F8F	73	112	144	72.5	73.5	111.5	112.5	transparent
#979797	74	112	152	73.5	74.5	111.5	112.5	transparent
#979797	75	112	152	74.5	75.5	111.5	112.5	transparent
#949494	76	112	149	75.5	76.5	111.5	112.5	transparent
#848484	77	112	133	76.5	77.5	111.5	112.5	transparent
#787878	78	112	121	77.5	78.5	111.5	112.5	transparent
#7C7C7C	79	112	125	78.5	79.5	111.5	112.5	transparent
#767676	80	112	119	79.5	80.5	111.5	112.5	transparent
#595959	81	112	90	80.5	81.5	111.5	112.5	transparent
#565656	82	112	87	81.5	82.5	111.5	112.5	transparent
#535353	83	112	84	82.5	83.5	111.5	112.5	transparent
#4F4F4F	84	112	80	83.5	84.5	111.5	112.5	transparent
#535353	85	112	84	84.5	85.5	111.5	112.5	transparent
#585858	86	112	89	85.5	86.5	111.5	112.5	transparent
#595959	87	112	90	86.5	87.5	111.5	112.5	transparent
#525252	88	112	83	87.5	88.5	111.5	112.5	transparent
#545454	89	112	85	88.5	89.5	111.5	112.5	transparent
#525252	90	112	83	89.5	90.5	111.5	112.5	transparent
#4B4B4B	91	112	76	90.5	91.5	111.5	112.5	transparent
#484848	92	112	73	91.5	92.5	111.5	112.5	transparent
#474747	93	112	72	92.5	93.5	111.5	112.5	transparent
#434343	94	112	68	93.5	94.5	111.5	112.5	transparent
#3F3F3F	95	112	64	94.5	95.5	111.5	112.5	transparent
#3F3F3F	96	112	64	95.5	96.5	111.5	112.5	transparent
#434343	97	112	68	96.5	97.5	111.5	112.5	transparent
#454545	98	112	70	97.5	98.5	111.5	112.5	transparent
#464646	99	112	71	98.5	99.5	111.5	112.5	transparent
#484848	100	112	73	99.5	100.5	111.5	112.5	transparent
#4B4B4B	101	112	76	100.5	101.5	111.5	112.5	transparent
#4F4F4F	102	112	80	101.5	102.5	111.5	112.5	transparent
#4F4F4F	103	112	80	102.5	103.5	111.5	112.5	transparent
#515151	104	112	82	103.5	104.5	111.5	112.5	transparent
#545454	105	112	85	104.5	105.5	111.5	112.5	transparent
#575757	106	112	88	105.5	106.5	111.5	112.5	transparent
#5B5B5B	107	112	92	106.5	107.5	111.5	112.5	transparent
#636363	108	112	100	107.5	108.5	111.5	112.5	transparent
#7E7E7E	109	112	127	108.5	109.5	111.5	112.5	transparent
#9E9E9E	110	112	159	109.5	110.5	111.5	112.5	transparent
#9F9F9F	111	112	160	110.5	111.5	111.5	112.5	transparent
#9B9B9B	112	112	156	111.5	112.5	111.5	112.5	transparent
#909090	113	112	145	112.5	113.5	111.5	112.5	transparent
#8B8B8B	114	112	140	113.5	114.5	111.5	112.5	transparent
#8B8B8B	115	112	140	114.5	115.5	111.5	112.5	transparent
#898989	116	112	138	115.5	116.5	111.5	112.5	transparent
#8D8D8D	117	112	142	116.5	117.5	111.5	112.5	transparent
#939393	118	112	148	117.5	118.5	111.5	112.5	transparent
#949494	119	112	149	118.5	119.5	111.5	112.5	transparent
#989898	120	112	153	119.5	120.5	111.5	112.5	transparent
#9C9C9C	121	112	157	120.5	121.5	111.5	112.5	transparent
#9D9D9D	122	112	158	121.5	122.5	111.5	112.5	transparent
#9E9E9E	123	112	159	122.5	123.5	111.5	112.5	transparent
#A6A6A6	124	112	167	123.5	124.5	111.5	112.5	transparent
#BCBCBC	125	112	189	124.5	125.5	111.5	112.5	transparent
#C8C8C8	126	112	201	125.5	126.5	111.5	112.5	transparent
#BCBCBC	127	112	189	126.5	127.5	111.5	112.5	transparent
#B8B8B8	128	112	185	127.5	128.5	111.5	112.5	transparent
#B7B7B7	129	112	184	128.5	129.5	111.5	112.5	transparent
#B5B5B5	130	112	182	129.5	130.5	111.5	112.5	transparent
#BCBCBC	131	112	189	130.5	131.5	111.5	112.5	transparent
#C0C0C0	132	112	193	131.5	132.5	111.5	112.5	transparent
#B3B3B3	133	112	180	132.5	133.5	111.5	112.5	transparent
#ADADAD	134	112	174	133.5	134.5	111.5	112.5	transparent
#A8A8A8	135	112	169	134.5	135.5	111.5	112.5	transparent
#A2A2A2	136	112	163	135.5	136.5	111.5	112.5	transparent
#9F9F9F	137	112	160	136.5	137.5	111.5	112.5	transparent
#A7A7A7	138	112	168	137.5	138.5	111.5	112.5	transparent
#BBBBBB	139	112	188	138.5	139.5	111.5	112.5	transparent
#7F7F7F	0	111	128	-0.5	0.5	110.5	111.5	transparent
#777777	1	111	120	0.5	1.5	110.5	111.5	transparent
#767676	2	111	119	1.5	2.5	110.5	111.5	transparent
#7A7A7A	3	111	123	2.5	3.5	110.5	111.5	transparent
#7D7D7D	4	111	126	3.5	4.5	110.5	111.5	transparent
#858585	5	111	134	4.5	5.5	110.5	111.5	transparent
#888888	6	111	137	5.5	6.5	110.5	111.5	transparent
#8D8D8D	7	111	142	6.5	7.5	110.5	111.5	transparent
#989898	8	111	153	7.5	8.5	110.5	111.5	transparent
#A1A1A1	9	111	162	8.5	9.5	110.5	111.5	transparent
#A1A1A1	10	111	162	9.5	10.5	110.5	111.5	transparent
#A2A2A2	11	111	163	10.5	11.5	110.5	111.5	transparent
#B7B7B7	12	111	184	11.5	12.5	110.5	111.5	transparent
#B9B9B9	13	111	186	12.5	13.5	110.5	111.5	transparent
#B2B2B2	14	111	179	13.5	14.5	110.5	111.5	transparent
#B3B3B3	15	111	180	14.5	15.5	110.5	111.5	transparent
#B9B9B9	16	111	186	15.5	16.5	110.5	111.5	transparent
#ABABAB	17	111	172	16.5	17.5	110.5	111.5	transparent
#959595	18	111	150	17.5	18.5	110.5	111.5	transparent
#939393	19	111	148	18.5	19.5	110.5	111.5	transparent
#939393	20	111	148	19.5	20.5	110.5	111.5	transparent
#8F8F8F	21	111	144	20.5	21.5	110.5	111.5	transparent
#888888	22	111	137	21.5	22.5	110.5	111.5	transparent
#868686	23	111	135	22.5	23.5	110.5	111.5	transparent
#858585	24	111	134	23.5	24.5	110.5	111.5	transparent
#7E7E7E	25	111	127	24.5	25.5	110.5	111.5	transparent
#7D7D7D	26	111	126	25.5	26.5	110.5	111.5	transparent
#7F7F7F	27	111	128	26.5	27.5	110.5	111.5	transparent
#797979	28	111	122	27.5	28.5	110.5	111.5	transparent
#828282	29	111	131	28.5	29.5	110.5	111.5	transparent
#8E8E8E	30	111	143	29.5	30.5	110.5	111.5	transparent
#909090	31	111	145	30.5	31.5	110.5	111.5	transparent
#969696	32	111	151	31.5	32.5	110.5	111.5	transparent
#737373	33	111	116	32.5	33.5	110.5	111.5	transparent
#5E5E5E	34	111	95	33.5	34.5	110.5	111.5	transparent
#5A5A5A	35	111	91	34.5	35.5	110.5	111.5	transparent
#535353	36	111	84	35.5	36.5	110.5	111.5	transparent
#4A4A4A	37	111	75	36.5	37.5	110.5	111.5	transparent
#474747	38	111	72	37.5	38.5	110.5	111.5	transparent
#484848	39	111	73	38.5	39.5	110.5	111.5	transparent
#464646	40	111	71	39.5	40.5	110.5	111.5	transparent
#454545	41	111	70	40.5	41.5	110.5	111.5	transparent
#434343	42	111	68	41.5	42.5	110.5	111.5	transparent
#3C3C3C	43	111	61	42.5	43.5	110.5	111.5	transparent
#363636	44	111	55	43.5	44.5	110.5	111.5	transparent
#313131	45	111	50	44.5	45.5	110.5	111.5	transparent
#2E2E2E	46	111	47	45.5	46.5	110.5	111.5	transparent
#2D2D2D	47	111	46	46.5	47.5	110.5	111.5	transparent
#2D2D2D	48	111	46	47.5	48.5	110.5	111.5	transparent
#2E2E2E	49	111	47	48.5	49.5	110.5	111.5	transparent
#333333	50	111	52	49.5	50.5	110.5	111.5	transparent
#383838	51	111	57	50.5	51.5	110.5	111.5	transparent
#3D3D3D	52	111	62	51.5	52.5	110.5	111.5	transparent
#414141	53	111	66	52.5	53.5	110.5	111.5	transparent
#484848	54	111	73	53.5	54.5	110.5	111.5	transparent
#4E4E4E	55	111	79	54.5	55.5	110.5	111.5	transparent
#4C4C4C	56	111	77	55.5	56.5	110.5	111.5	transparent
#565656	57	111	87	56.5	57.5	110.5	111.5	transparent
#5D5D5D	58	111	94	57.5	58.5	110.5	111.5	transparent
#5F5F5F	59	111	96	58.5	59.5	110.5	111.5	transparent
#585858	60	111	89	59.5	60.5	110.5	111.5	transparent
#5D5D5D	61	111	94	60.5	61.5	110.5	111.5	transparent
#5E5E5E	62	111	95	61.5	62.5	110.5	111.5	transparent
#656565	63	111	102	62.5	63.5	110.5	111.5	transparent
#666666	64	111	103	63.5	64.5	110.5	111.5	transparent
#5B5B5B	65	111	92	64.5	65.5	110.5	111.5	transparent
#646464	66	111	101	65.5	66.5	110.5	111.5	transparent
#757575	67	111	118	66.5	67.5	110.5	111.5	transparent
#828282	68	111	131	67.5	68.5	110.5	111.5	transparent
#8E8E8E	69	111	143	68.5	69.5	110.5	111.5	transparent
#848484	70	111	133	69.5	70.5	110.5	111.5	transparent
#7B7B7B	71	111	124	70.5	71.5	110.5	111.5	transparent
#7C7C7C	72	111	125	71.5	72.5	110.5	111.5	transparent
#8C8C8C	73	111	141	72.5	73.5	110.5	111.5	transparent
#959595	74	111	150	73.5	74.5	110.5	111.5	transparent
#979797	75	111	152	74.5	75.5	110.5	111.5	transparent
#949494	76	111	149	75.5	76.5	110.5	111.5	transparent
#878787	77	111	136	76.5	77.5	110.5	111.5	transparent
#7B7B7B	78	111	124	77.5	78.5	110.5	111.5	transparent
#7B7B7B	79	111	124	78.5	79.5	110.5	111.5	transparent
#727272	80	111	115	79.5	80.5	110.5	111.5	transparent
#606060	81	111	97	80.5	81.5	110.5	111.5	transparent
#5E5E5E	82	111	95	81.5	82.5	110.5	111.5	transparent
#5A5A5A	83	111	91	82.5	83.5	110.5	111.5	transparent
#595959	84	111	90	83.5	84.5	110.5	111.5	transparent
#595959	85	111	90	84.5	85.5	110.5	111.5	transparent
#505050	86	111	81	85.5	86.5	110.5	111.5	transparent
#474747	87	111	72	86.5	87.5	110.5	111.5	transparent
#4C4C4C	88	111	77	87.5	88.5	110.5	111.5	transparent
#525252	89	111	83	88.5	89.5	110.5	111.5	transparent
#4E4E4E	90	111	79	89.5	90.5	110.5	111.5	transparent
#494949	91	111	74	90.5	91.5	110.5	111.5	transparent
#444444	92	111	69	91.5	92.5	110.5	111.5	transparent
#424242	93	111	67	92.5	93.5	110.5	111.5	transparent
#3D3D3D	94	111	62	93.5	94.5	110.5	111.5	transparent
#3B3B3B	95	111	60	94.5	95.5	110.5	111.5	transparent
#3D3D3D	96	111	62	95.5	96.5	110.5	111.5	transparent
#3E3E3E	97	111	63	96.5	97.5	110.5	111.5	transparent
#404040	98	111	65	97.5	98.5	110.5	111.5	transparent
#414141	99	111	66	98.5	99.5	110.5	111.5	transparent
#494949	100	111	74	99.5	100.5	110.5	111.5	transparent
#4C4C4C	101	111	77	100.5	101.5	110.5	111.5	transparent
#505050	102	111	81	101.5	102.5	110.5	111.5	transparent
#535353	103	111	84	102.5	103.5	110.5	111.5	transparent
#535353	104	111	84	103.5	104.5	110.5	111.5	transparent
#525252	105	111	83	104.5	105.5	110.5	111.5	transparent
#535353	106	111	84	105.5	106.5	110.5	111.5	transparent
#535353	107	111	84	106.5	107.5	110.5	111.5	transparent
#595959	108	111	90	107.5	108.5	110.5	111.5	transparent
#646464	109	111	101	108.5	109.5	110.5	111.5	transparent
#838383	110	111	132	109.5	110.5	110.5	111.5	transparent
#A3A3A3	111	111	164	110.5	111.5	110.5	111.5	transparent
#A1A1A1	112	111	162	111.5	112.5	110.5	111.5	transparent
#9E9E9E	113	111	159	112.5	113.5	110.5	111.5	transparent
#939393	114	111	148	113.5	114.5	110.5	111.5	transparent
#919191	115	111	146	114.5	115.5	110.5	111.5	transparent
#909090	116	111	145	115.5	116.5	110.5	111.5	transparent
#8F8F8F	117	111	144	116.5	117.5	110.5	111.5	transparent
#8F8F8F	118	111	144	117.5	118.5	110.5	111.5	transparent
#959595	119	111	150	118.5	119.5	110.5	111.5	transparent
#989898	120	111	153	119.5	120.5	110.5	111.5	transparent
#9C9C9C	121	111	157	120.5	121.5	110.5	111.5	transparent
#9B9B9B	122	111	156	121.5	122.5	110.5	111.5	transparent
#9C9C9C	123	111	157	122.5	123.5	110.5	111.5	transparent
#9E9E9E	124	111	159	123.5	124.5	110.5	111.5	transparent
#A2A2A2	125	111	163	124.5	125.5	110.5	111.5	transparent
#B7B7B7	126	111	184	125.5	126.5	110.5	111.5	transparent
#C4C4C4	127	111	197	126.5	127.5	110.5	111.5	transparent
#C1C1C1	128	111	194	127.5	128.5	110.5	111.5	transparent
#BDBDBD	129	111	190	128.5	129.5	110.5	111.5	transparent
#BDBDBD	130	111	190	129.5	130.5	110.5	111.5	transparent
#C4C4C4	131	111	197	130.5	131.5	110.5	111.5	transparent
#BEBEBE	132	111	191	131.5	132.5	110.5	111.5	transparent
#B1B1B1	133	111	178	132.5	133.5	110.5	111.5	transparent
#B2B2B2	134	111	179	133.5	134.5	110.5	111.5	transparent
#ACACAC	135	111	173	134.5	135.5	110.5	111.5	transparent
#A4A4A4	136	111	165	135.5	136.5	110.5	111.5	transparent
#A2A2A2	137	111	163	136.5	137.5	110.5	111.5	transparent
#ACACAC	138	111	173	137.5	138.5	110.5	111.5	transparent
#BEBEBE	139	111	191	138.5	139.5	110.5	111.5	transparent
#838383	0	110	132	-0.5	0.5	109.5	110.5	transparent
#7A7A7A	1	110	123	0.5	1.5	109.5	110.5	transparent
#7C7C7C	2	110	125	1.5	2.5	109.5	110.5	transparent
#808080	3	110	129	2.5	3.5	109.5	110.5	transparent
#838383	4	110	132	3.5	4.5	109.5	110.5	transparent
#898989	5	110	138	4.5	5.5	109.5	110.5	transparent
#8D8D8D	6	110	142	5.5	6.5	109.5	110.5	transparent
#959595	7	110	150	6.5	7.5	109.5	110.5	transparent
#9F9F9F	8	110	160	7.5	8.5	109.5	110.5	transparent
#A5A5A5	9	110	166	8.5	9.5	109.5	110.5	transparent
#A6A6A6	10	110	167	9.5	10.5	109.5	110.5	transparent
#A6A6A6	11	110	167	10.5	11.5	109.5	110.5	transparent
#B7B7B7	12	110	184	11.5	12.5	109.5	110.5	transparent
#BDBDBD	13	110	190	12.5	13.5	109.5	110.5	transparent
#AAAAAA	14	110	171	13.5	14.5	109.5	110.5	transparent
#B5B5B5	15	110	182	14.5	15.5	109.5	110.5	transparent
#B3B3B3	16	110	180	15.5	16.5	109.5	110.5	transparent
#979797	17	110	152	16.5	17.5	109.5	110.5	transparent
#8D8D8D	18	110	142	17.5	18.5	109.5	110.5	transparent
#8E8E8E	19	110	143	18.5	19.5	109.5	110.5	transparent
#8E8E8E	20	110	143	19.5	20.5	109.5	110.5	transparent
#8D8D8D	21	110	142	20.5	21.5	109.5	110.5	transparent
#8A8A8A	22	110	139	21.5	22.5	109.5	110.5	transparent
#898989	23	110	138	22.5	23.5	109.5	110.5	transparent
#878787	24	110	136	23.5	24.5	109.5	110.5	transparent
#7E7E7E	25	110	127	24.5	25.5	109.5	110.5	transparent
#7F7F7F	26	110	128	25.5	26.5	109.5	110.5	transparent
#848484	27	110	133	26.5	27.5	109.5	110.5	transparent
#7F7F7F	28	110	128	27.5	28.5	109.5	110.5	transparent
#8C8C8C	29	110	141	28.5	29.5	109.5	110.5	transparent
#919191	30	110	146	29.5	30.5	109.5	110.5	transparent
#979797	31	110	152	30.5	31.5	109.5	110.5	transparent
#8B8B8B	32	110	140	31.5	32.5	109.5	110.5	transparent
#686868	33	110	105	32.5	33.5	109.5	110.5	transparent
#5E5E5E	34	110	95	33.5	34.5	109.5	110.5	transparent
#545454	35	110	85	34.5	35.5	109.5	110.5	transparent
#4E4E4E	36	110	79	35.5	36.5	109.5	110.5	transparent
#474747	37	110	72	36.5	37.5	109.5	110.5	transparent
#444444	38	110	69	37.5	38.5	109.5	110.5	transparent
#434343	39	110	68	38.5	39.5	109.5	110.5	transparent
#3E3E3E	40	110	63	39.5	40.5	109.5	110.5	transparent
#383838	41	110	57	40.5	41.5	109.5	110.5	transparent
#343434	42	110	53	41.5	42.5	109.5	110.5	transparent
#333333	43	110	52	42.5	43.5	109.5	110.5	transparent
#2E2E2E	44	110	47	43.5	44.5	109.5	110.5	transparent
#2B2B2B	45	110	44	44.5	45.5	109.5	110.5	transparent
#2A2A2A	46	110	43	45.5	46.5	109.5	110.5	transparent
#272727	47	110	40	46.5	47.5	109.5	110.5	transparent
#282828	48	110	41	47.5	48.5	109.5	110.5	transparent
#282828	49	110	41	48.5	49.5	109.5	110.5	transparent
#2A2A2A	50	110	43	49.5	50.5	109.5	110.5	transparent
#2D2D2D	51	110	46	50.5	51.5	109.5	110.5	transparent
#353535	52	110	54	51.5	52.5	109.5	110.5	transparent
#383838	53	110	57	52.5	53.5	109.5	110.5	transparent
#393939	54	110	58	53.5	54.5	109.5	110.5	transparent
#3A3A3A	55	110	59	54.5	55.5	109.5	110.5	transparent
#353535	56	110	54	55.5	56.5	109.5	110.5	transparent
#363636	57	110	55	56.5	57.5	109.5	110.5	transparent
#454545	58	110	70	57.5	58.5	109.5	110.5	transparent
#5C5C5C	59	110	93	58.5	59.5	109.5	110.5	transparent
#636363	60	110	100	59.5	60.5	109.5	110.5	transparent
#616161	61	110	98	60.5	61.5	109.5	110.5	transparent
#646464	62	110	101	61.5	62.5	109.5	110.5	transparent
#6A6A6A	63	110	107	62.5	63.5	109.5	110.5	transparent
#696969	64	110	106	63.5	64.5	109.5	110.5	transparent
#616161	65	110	98	64.5	65.5	109.5	110.5	transparent
#707070	66	110	113	65.5	66.5	109.5	110.5	transparent
#818181	67	110	130	66.5	67.5	109.5	110.5	transparent
#898989	68	110	138	67.5	68.5	109.5	110.5	transparent
#919191	69	110	146	68.5	69.5	109.5	110.5	transparent
#888888	70	110	137	69.5	70.5	109.5	110.5	transparent
#7D7D7D	71	110	126	70.5	71.5	109.5	110.5	transparent
#818181	72	110	130	71.5	72.5	109.5	110.5	transparent
#939393	73	110	148	72.5	73.5	109.5	110.5	transparent
#9B9B9B	74	110	156	73.5	74.5	109.5	110.5	transparent
#9A9A9A	75	110	155	74.5	75.5	109.5	110.5	transparent
#9B9B9B	76	110	156	75.5	76.5	109.5	110.5	transparent
#939393	77	110	148	76.5	77.5	109.5	110.5	transparent
#838383	78	110	132	77.5	78.5	109.5	110.5	transparent
#7A7A7A	79	110	123	78.5	79.5	109.5	110.5	transparent
#717171	80	110	114	79.5	80.5	109.5	110.5	transparent
#636363	81	110	100	80.5	81.5	109.5	110.5	transparent
#626262	82	110	99	81.5	82.5	109.5	110.5	transparent
#5E5E5E	83	110	95	82.5	83.5	109.5	110.5	transparent
#505050	84	110	81	83.5	84.5	109.5	110.5	transparent
#464646	85	110	71	84.5	85.5	109.5	110.5	transparent
#424242	86	110	67	85.5	86.5	109.5	110.5	transparent
#3F3F3F	87	110	64	86.5	87.5	109.5	110.5	transparent
#3F3F3F	88	110	64	87.5	88.5	109.5	110.5	transparent
#434343	89	110	68	88.5	89.5	109.5	110.5	transparent
#404040	90	110	65	89.5	90.5	109.5	110.5	transparent
#3D3D3D	91	110	62	90.5	91.5	109.5	110.5	transparent
#343434	92	110	53	91.5	92.5	109.5	110.5	transparent
#323232	93	110	51	92.5	93.5	109.5	110.5	transparent
#313131	94	110	50	93.5	94.5	109.5	110.5	transparent
#323232	95	110	51	94.5	95.5	109.5	110.5	transparent
#333333	96	110	52	95.5	96.5	109.5	110.5	transparent
#373737	97	110	56	96.5	97.5	109.5	110.5	transparent
#3D3D3D	98	110	62	97.5	98.5	109.5	110.5	transparent
#444444	99	110	69	98.5	99.5	109.5	110.5	transparent
#484848	100	110	73	99.5	100.5	109.5	110.5	transparent
#494949	101	110	74	100.5	101.5	109.5	110.5	transparent
#4A4A4A	102	110	75	101.5	102.5	109.5	110.5	transparent
#4F4F4F	103	110	80	102.5	103.5	109.5	110.5	transparent
#535353	104	110	84	103.5	104.5	109.5	110.5	transparent
#535353	105	110	84	104.5	105.5	109.5	110.5	transparent
#535353	106	110	84	105.5	106.5	109.5	110.5	transparent
#525252	107	110	83	106.5	107.5	109.5	110.5	transparent
#565656	108	110	87	107.5	108.5	109.5	110.5	transparent
#606060	109	110	97	108.5	109.5	109.5	110.5	transparent
#6D6D6D	110	110	110	109.5	110.5	109.5	110.5	transparent
#919191	111	110	146	110.5	111.5	109.5	110.5	transparent
#ABABAB	112	110	172	111.5	112.5	109.5	110.5	transparent
#A4A4A4	113	110	165	112.5	113.5	109.5	110.5	transparent
#A1A1A1	114	110	162	113.5	114.5	109.5	110.5	transparent
#979797	115	110	152	114.5	115.5	109.5	110.5	transparent
#969696	116	110	151	115.5	116.5	109.5	110.5	transparent
#929292	117	110	147	116.5	117.5	109.5	110.5	transparent
#8E8E8E	118	110	143	117.5	118.5	109.5	110.5	transparent
#959595	119	110	150	118.5	119.5	109.5	110.5	transparent
#989898	120	110	153	119.5	120.5	109.5	110.5	transparent
#9B9B9B	121	110	156	120.5	121.5	109.5	110.5	transparent
#9C9C9C	122	110	157	121.5	122.5	109.5	110.5	transparent
#9C9C9C	123	110	157	122.5	123.5	109.5	110.5	transparent
#9F9F9F	124	110	160	123.5	124.5	109.5	110.5	transparent
#A1A1A1	125	110	162	124.5	125.5	109.5	110.5	transparent
#A7A7A7	126	110	168	125.5	126.5	109.5	110.5	transparent
#BEBEBE	127	110	191	126.5	127.5	109.5	110.5	transparent
#C3C3C3	128	110	196	127.5	128.5	109.5	110.5	transparent
#BEBEBE	129	110	191	128.5	129.5	109.5	110.5	transparent
#C6C6C6	130	110	199	129.5	130.5	109.5	110.5	transparent
#CACACA	131	110	203	130.5	131.5	109.5	110.5	transparent
#B8B8B8	132	110	185	131.5	132.5	109.5	110.5	transparent
#B3B3B3	133	110	180	132.5	133.5	109.5	110.5	transparent
#B3B3B3	134	110	180	133.5	134.5	109.5	110.5	transparent
#AFAFAF	135	110	176	134.5	135.5	109.5	110.5	transparent
#A6A6A6	136	110	167	135.5	136.5	109.5	110.5	transparent
#A6A6A6	137	110	167	136.5	137.5	109.5	110.5	transparent
#B1B1B1	138	110	178	137.5	138.5	109.5	110.5	transparent
#C2C2C2	139	110	195	138.5	139.5	109.5	110.5	transparent
#878787	0	109	136	-0.5	0.5	108.5	109.5	transparent
#7F7F7F	1	109	128	0.5	1.5	108.5	109.5	transparent
#808080	2	109	129	1.5	2.5	108.5	109.5	transparent
#818181	3	109	130	2.5	3.5	108.5	109.5	transparent
#868686	4	109	135	3.5	4.5	108.5	109.5	transparent
#8B8B8B	5	109	140	4.5	5.5	108.5	109.5	transparent
#929292	6	109	147	5.5	6.5	108.5	109.5	transparent
#9C9C9C	7	109	157	6.5	7.5	108.5	109.5	transparent
#A1A1A1	8	109	162	7.5	8.5	108.5	109.5	transparent
#A5A5A5	9	109	166	8.5	9.5	108.5	109.5	transparent
#A9A9A9	10	109	170	9.5	10.5	108.5	109.5	transparent
#ABABAB	11	109	172	10.5	11.5	108.5	109.5	transparent
#B3B3B3	12	109	180	11.5	12.5	108.5	109.5	transparent
#B6B6B6	13	109	183	12.5	13.5	108.5	109.5	transparent
#AFAFAF	14	109	176	13.5	14.5	108.5	109.5	transparent
#B9B9B9	15	109	186	14.5	15.5	108.5	109.5	transparent
#A4A4A4	16	109	165	15.5	16.5	108.5	109.5	transparent
#929292	17	109	147	16.5	17.5	108.5	109.5	transparent
#919191	18	109	146	17.5	18.5	108.5	109.5	transparent
#939393	19	109	148	18.5	19.5	108.5	109.5	transparent
#929292	20	109	147	19.5	20.5	108.5	109.5	transparent
#8E8E8E	21	109	143	20.5	21.5	108.5	109.5	transparent
#8B8B8B	22	109	140	21.5	22.5	108.5	109.5	transparent
#8A8A8A	23	109	139	22.5	23.5	108.5	109.5	transparent
#888888	24	109	137	23.5	24.5	108.5	109.5	transparent
#7F7F7F	25	109	128	24.5	25.5	108.5	109.5	transparent
#828282	26	109	131	25.5	26.5	108.5	109.5	transparent
#888888	27	109	137	26.5	27.5	108.5	109.5	transparent
#898989	28	109	138	27.5	28.5	108.5	109.5	transparent
#929292	29	109	147	28.5	29.5	108.5	109.5	transparent
#979797	30	109	152	29.5	30.5	108.5	109.5	transparent
#9A9A9A	31	109	155	30.5	31.5	108.5	109.5	transparent
#797979	32	109	122	31.5	32.5	108.5	109.5	transparent
#626262	33	109	99	32.5	33.5	108.5	109.5	transparent
#585858	34	109	89	33.5	34.5	108.5	109.5	transparent
#525252	35	109	83	34.5	35.5	108.5	109.5	transparent
#4C4C4C	36	109	77	35.5	36.5	108.5	109.5	transparent
#434343	37	109	68	36.5	37.5	108.5	109.5	transparent
#383838	38	109	57	37.5	38.5	108.5	109.5	transparent
#2E2E2E	39	109	47	38.5	39.5	108.5	109.5	transparent
#2E2E2E	40	109	47	39.5	40.5	108.5	109.5	transparent
#303030	41	109	49	40.5	41.5	108.5	109.5	transparent
#2D2D2D	42	109	46	41.5	42.5	108.5	109.5	transparent
#2D2D2D	43	109	46	42.5	43.5	108.5	109.5	transparent
#2E2E2E	44	109	47	43.5	44.5	108.5	109.5	transparent
#292929	45	109	42	44.5	45.5	108.5	109.5	transparent
#282828	46	109	41	45.5	46.5	108.5	109.5	transparent
#272727	47	109	40	46.5	47.5	108.5	109.5	transparent
#252525	48	109	38	47.5	48.5	108.5	109.5	transparent
#252525	49	109	38	48.5	49.5	108.5	109.5	transparent
#242424	50	109	37	49.5	50.5	108.5	109.5	transparent
#272727	51	109	40	50.5	51.5	108.5	109.5	transparent
#2D2D2D	52	109	46	51.5	52.5	108.5	109.5	transparent
#343434	53	109	53	52.5	53.5	108.5	109.5	transparent
#363636	54	109	55	53.5	54.5	108.5	109.5	transparent
#383838	55	109	57	54.5	55.5	108.5	109.5	transparent
#343434	56	109	53	55.5	56.5	108.5	109.5	transparent
#313131	57	109	50	56.5	57.5	108.5	109.5	transparent
#343434	58	109	53	57.5	58.5	108.5	109.5	transparent
#3C3C3C	59	109	61	58.5	59.5	108.5	109.5	transparent
#515151	60	109	82	59.5	60.5	108.5	109.5	transparent
#616161	61	109	98	60.5	61.5	108.5	109.5	transparent
#676767	62	109	104	61.5	62.5	108.5	109.5	transparent
#6E6E6E	63	109	111	62.5	63.5	108.5	109.5	transparent
#6B6B6B	64	109	108	63.5	64.5	108.5	109.5	transparent
#696969	65	109	106	64.5	65.5	108.5	109.5	transparent
#747474	66	109	117	65.5	66.5	108.5	109.5	transparent
#838383	67	109	132	66.5	67.5	108.5	109.5	transparent
#929292	68	109	147	67.5	68.5	108.5	109.5	transparent
#9C9C9C	69	109	157	68.5	69.5	108.5	109.5	transparent
#969696	70	109	151	69.5	70.5	108.5	109.5	transparent
#8C8C8C	71	109	141	70.5	71.5	108.5	109.5	transparent
#919191	72	109	146	71.5	72.5	108.5	109.5	transparent
#A2A2A2	73	109	163	72.5	73.5	108.5	109.5	transparent
#A5A5A5	74	109	166	73.5	74.5	108.5	109.5	transparent
#A4A4A4	75	109	165	74.5	75.5	108.5	109.5	transparent
#A0A0A0	76	109	161	75.5	76.5	108.5	109.5	transparent
#949494	77	109	149	76.5	77.5	108.5	109.5	transparent
#898989	78	109	138	77.5	78.5	108.5	109.5	transparent
#7B7B7B	79	109	124	78.5	79.5	108.5	109.5	transparent
#6D6D6D	80	109	110	79.5	80.5	108.5	109.5	transparent
#646464	81	109	101	80.5	81.5	108.5	109.5	transparent
#5B5B5B	82	109	92	81.5	82.5	108.5	109.5	transparent
#4E4E4E	83	109	79	82.5	83.5	108.5	109.5	transparent
#434343	84	109	68	83.5	84.5	108.5	109.5	transparent
#3C3C3C	85	109	61	84.5	85.5	108.5	109.5	transparent
#3D3D3D	86	109	62	85.5	86.5	108.5	109.5	transparent
#3B3B3B	87	109	60	86.5	87.5	108.5	109.5	transparent
#3A3A3A	88	109	59	87.5	88.5	108.5	109.5	transparent
#373737	89	109	56	88.5	89.5	108.5	109.5	transparent
#393939	90	109	58	89.5	90.5	108.5	109.5	transparent
#353535	91	109	54	90.5	91.5	108.5	109.5	transparent
#2D2D2D	92	109	46	91.5	92.5	108.5	109.5	transparent
#2C2C2C	93	109	45	92.5	93.5	108.5	109.5	transparent
#2D2D2D	94	109	46	93.5	94.5	108.5	109.5	transparent
#2D2D2D	95	109	46	94.5	95.5	108.5	109.5	transparent
#2C2C2C	96	109	45	95.5	96.5	108.5	109.5	transparent
#2F2F2F	97	109	48	96.5	97.5	108.5	109.5	transparent
#343434	98	109	53	97.5	98.5	108.5	109.5	transparent
#3A3A3A	99	109	59	98.5	99.5	108.5	109.5	transparent
#3E3E3E	100	109	63	99.5	100.5	108.5	109.5	transparent
#444444	101	109	69	100.5	101.5	108.5	109.5	transparent
#4A4A4A	102	109	75	101.5	102.5	108.5	109.5	transparent
#4F4F4F	103	109	80	102.5	103.5	108.5	109.5	transparent
#4E4E4E	104	109	79	103.5	104.5	108.5	109.5	transparent
#4D4D4D	105	109	78	104.5	105.5	108.5	109.5	transparent
#525252	106	109	83	105.5	106.5	108.5	109.5	transparent
#595959	107	109	90	106.5	107.5	108.5	109.5	transparent
#5D5D5D	108	109	94	107.5	108.5	108.5	109.5	transparent
#636363	109	109	100	108.5	109.5	108.5	109.5	transparent
#6A6A6A	110	109	107	109.5	110.5	108.5	109.5	transparent
#7C7C7C	111	109	125	110.5	111.5	108.5	109.5	transparent
#A5A5A5	112	109	166	111.5	112.5	108.5	109.5	transparent
#ABABAB	113	109	172	112.5	113.5	108.5	109.5	transparent
#A8A8A8	114	109	169	113.5	114.5	108.5	109.5	transparent
#A3A3A3	115	109	164	114.5	115.5	108.5	109.5	transparent
#9E9E9E	116	109	159	115.5	116.5	108.5	109.5	transparent
#979797	117	109	152	116.5	117.5	108.5	109.5	transparent
#919191	118	109	146	117.5	118.5	108.5	109.5	transparent
#959595	119	109	150	118.5	119.5	108.5	109.5	transparent
#9A9A9A	120	109	155	119.5	120.5	108.5	109.5	transparent
#9D9D9D	121	109	158	120.5	121.5	108.5	109.5	transparent
#9F9F9F	122	109	160	121.5	122.5	108.5	109.5	transparent
#9F9F9F	123	109	160	122.5	123.5	108.5	109.5	transparent
#A1A1A1	124	109	162	123.5	124.5	108.5	109.5	transparent
#A4A4A4	125	109	165	124.5	125.5	108.5	109.5	transparent
#A5A5A5	126	109	166	125.5	126.5	108.5	109.5	transparent
#B0B0B0	127	109	177	126.5	127.5	108.5	109.5	transparent
#C4C4C4	128	109	197	127.5	128.5	108.5	109.5	transparent
#BDBDBD	129	109	190	128.5	129.5	108.5	109.5	transparent
#C5C5C5	130	109	198	129.5	130.5	108.5	109.5	transparent
#C8C8C8	131	109	201	130.5	131.5	108.5	109.5	transparent
#B9B9B9	132	109	186	131.5	132.5	108.5	109.5	transparent
#B7B7B7	133	109	184	132.5	133.5	108.5	109.5	transparent
#B5B5B5	134	109	182	133.5	134.5	108.5	109.5	transparent
#B0B0B0	135	109	177	134.5	135.5	108.5	109.5	transparent
#ABABAB	136	109	172	135.5	136.5	108.5	109.5	transparent
#A8A8A8	137	109	169	136.5	137.5	108.5	109.5	transparent
#B3B3B3	138	109	180	137.5	138.5	108.5	109.5	transparent
#C3C3C3	139	109	196	138.5	139.5	108.5	109.5	transparent
#8A8A8A	0	108	139	-0.5	0.5	107.5	108.5	transparent
#838383	1	108	132	0.5	1.5	107.5	108.5	transparent
#848484	2	108	133	1.5	2.5	107.5	108.5	transparent
#848484	3	108	133	2.5	3.5	107.5	108.5	transparent
#868686	4	108	135	3.5	4.5	107.5	108.5	transparent
#8C8C8C	5	108	141	4.5	5.5	107.5	108.5	transparent
#939393	6	108	148	5.5	6.5	107.5	108.5	transparent
#9E9E9E	7	108	159	6.5	7.5	107.5	108.5	transparent
#A4A4A4	8	108	165	7.5	8.5	107.5	108.5	transparent
#A7A7A7	9	108	168	8.5	9.5	107.5	108.5	transparent
#ACACAC	10	108	173	9.5	10.5	107.5	108.5	transparent
#ADADAD	11	108	174	10.5	11.5	107.5	108.5	transparent
#AFAFAF	12	108	176	11.5	12.5	107.5	108.5	transparent
#B4B4B4	13	108	181	12.5	13.5	107.5	108.5	transparent
#B8B8B8	14	108	185	13.5	14.5	107.5	108.5	transparent
#B4B4B4	15	108	181	14.5	15.5	107.5	108.5	transparent
#9A9A9A	16	108	155	15.5	16.5	107.5	108.5	transparent
#969696	17	108	151	16.5	17.5	107.5	108.5	transparent
#979797	18	108	152	17.5	18.5	107.5	108.5	transparent
#969696	19	108	151	18.5	19.5	107.5	108.5	transparent
#949494	20	108	149	19.5	20.5	107.5	108.5	transparent
#909090	21	108	145	20.5	21.5	107.5	108.5	transparent
#8C8C8C	22	108	141	21.5	22.5	107.5	108.5	transparent
#8C8C8C	23	108	141	22.5	23.5	107.5	108.5	transparent
#878787	24	108	136	23.5	24.5	107.5	108.5	transparent
#838383	25	108	132	24.5	25.5	107.5	108.5	transparent
#888888	26	108	137	25.5	26.5	107.5	108.5	transparent
#8E8E8E	27	108	143	26.5	27.5	107.5	108.5	transparent
#919191	28	108	146	27.5	28.5	107.5	108.5	transparent
#9A9A9A	29	108	155	28.5	29.5	107.5	108.5	transparent
#A0A0A0	30	108	161	29.5	30.5	107.5	108.5	transparent
#8D8D8D	31	108	142	30.5	31.5	107.5	108.5	transparent
#6D6D6D	32	108	110	31.5	32.5	107.5	108.5	transparent
#626262	33	108	99	32.5	33.5	107.5	108.5	transparent
#575757	34	108	88	33.5	34.5	107.5	108.5	transparent
#494949	35	108	74	34.5	35.5	107.5	108.5	transparent
#3D3D3D	36	108	62	35.5	36.5	107.5	108.5	transparent
#333333	37	108	52	36.5	37.5	107.5	108.5	transparent
#2F2F2F	38	108	48	37.5	38.5	107.5	108.5	transparent
#2A2A2A	39	108	43	38.5	39.5	107.5	108.5	transparent
#282828	40	108	41	39.5	40.5	107.5	108.5	transparent
#2A2A2A	41	108	43	40.5	41.5	107.5	108.5	transparent
#2C2C2C	42	108	45	41.5	42.5	107.5	108.5	transparent
#2D2D2D	43	108	46	42.5	43.5	107.5	108.5	transparent
#2F2F2F	44	108	48	43.5	44.5	107.5	108.5	transparent
#303030	45	108	49	44.5	45.5	107.5	108.5	transparent
#2C2C2C	46	108	45	45.5	46.5	107.5	108.5	transparent
#2D2D2D	47	108	46	46.5	47.5	107.5	108.5	transparent
#2B2B2B	48	108	44	47.5	48.5	107.5	108.5	transparent
#2A2A2A	49	108	43	48.5	49.5	107.5	108.5	transparent
#282828	50	108	41	49.5	50.5	107.5	108.5	transparent
#2A2A2A	51	108	43	50.5	51.5	107.5	108.5	transparent
#2E2E2E	52	108	47	51.5	52.5	107.5	108.5	transparent
#353535	53	108	54	52.5	53.5	107.5	108.5	transparent
#393939	54	108	58	53.5	54.5	107.5	108.5	transparent
#393939	55	108	58	54.5	55.5	107.5	108.5	transparent
#353535	56	108	54	55.5	56.5	107.5	108.5	transparent
#313131	57	108	50	56.5	57.5	107.5	108.5	transparent
#363636	58	108	55	57.5	58.5	107.5	108.5	transparent
#363636	59	108	55	58.5	59.5	107.5	108.5	transparent
#3E3E3E	60	108	63	59.5	60.5	107.5	108.5	transparent
#474747	61	108	72	60.5	61.5	107.5	108.5	transparent
#5B5B5B	62	108	92	61.5	62.5	107.5	108.5	transparent
#686868	63	108	105	62.5	63.5	107.5	108.5	transparent
#6C6C6C	64	108	109	63.5	64.5	107.5	108.5	transparent
#717171	65	108	114	64.5	65.5	107.5	108.5	transparent
#797979	66	108	122	65.5	66.5	107.5	108.5	transparent
#7F7F7F	67	108	128	66.5	67.5	107.5	108.5	transparent
#919191	68	108	146	67.5	68.5	107.5	108.5	transparent
#9B9B9B	69	108	156	68.5	69.5	107.5	108.5	transparent
#979797	70	108	152	69.5	70.5	107.5	108.5	transparent
#989898	71	108	153	70.5	71.5	107.5	108.5	transparent
#9C9C9C	72	108	157	71.5	72.5	107.5	108.5	transparent
#A5A5A5	73	108	166	72.5	73.5	107.5	108.5	transparent
#A5A5A5	74	108	166	73.5	74.5	107.5	108.5	transparent
#A5A5A5	75	108	166	74.5	75.5	107.5	108.5	transparent
#9E9E9E	76	108	159	75.5	76.5	107.5	108.5	transparent
#939393	77	108	148	76.5	77.5	107.5	108.5	transparent
#8B8B8B	78	108	140	77.5	78.5	107.5	108.5	transparent
#7A7A7A	79	108	123	78.5	79.5	107.5	108.5	transparent
#696969	80	108	106	79.5	80.5	107.5	108.5	transparent
#5E5E5E	81	108	95	80.5	81.5	107.5	108.5	transparent
#4E4E4E	82	108	79	81.5	82.5	107.5	108.5	transparent
#444444	83	108	69	82.5	83.5	107.5	108.5	transparent
#424242	84	108	67	83.5	84.5	107.5	108.5	transparent
#3E3E3E	85	108	63	84.5	85.5	107.5	108.5	transparent
#3C3C3C	86	108	61	85.5	86.5	107.5	108.5	transparent
#3B3B3B	87	108	60	86.5	87.5	107.5	108.5	transparent
#353535	88	108	54	87.5	88.5	107.5	108.5	transparent
#353535	89	108	54	88.5	89.5	107.5	108.5	transparent
#353535	90	108	54	89.5	90.5	107.5	108.5	transparent
#2C2C2C	91	108	45	90.5	91.5	107.5	108.5	transparent
#2A2A2A	92	108	43	91.5	92.5	107.5	108.5	transparent
#2B2B2B	93	108	44	92.5	93.5	107.5	108.5	transparent
#2B2B2B	94	108	44	93.5	94.5	107.5	108.5	transparent
#2D2D2D	95	108	46	94.5	95.5	107.5	108.5	transparent
#2F2F2F	96	108	48	95.5	96.5	107.5	108.5	transparent
#323232	97	108	51	96.5	97.5	107.5	108.5	transparent
#333333	98	108	52	97.5	98.5	107.5	108.5	transparent
#343434	99	108	53	98.5	99.5	107.5	108.5	transparent
#353535	100	108	54	99.5	100.5	107.5	108.5	transparent
#373737	101	108	56	100.5	101.5	107.5	108.5	transparent
#3C3C3C	102	108	61	101.5	102.5	107.5	108.5	transparent
#414141	103	108	66	102.5	103.5	107.5	108.5	transparent
#464646	104	108	71	103.5	104.5	107.5	108.5	transparent
#4F4F4F	105	108	80	104.5	105.5	107.5	108.5	transparent
#535353	106	108	84	105.5	106.5	107.5	108.5	transparent
#585858	107	108	89	106.5	107.5	107.5	108.5	transparent
#5E5E5E	108	108	95	107.5	108.5	107.5	108.5	transparent
#676767	109	108	104	108.5	109.5	107.5	108.5	transparent
#6E6E6E	110	108	111	109.5	110.5	107.5	108.5	transparent
#777777	111	108	120	110.5	111.5	107.5	108.5	transparent
#929292	112	108	147	111.5	112.5	107.5	108.5	transparent
#AFAFAF	113	108	176	112.5	113.5	107.5	108.5	transparent
#ABABAB	114	108	172	113.5	114.5	107.5	108.5	transparent
#ABABAB	115	108	172	114.5	115.5	107.5	108.5	transparent
#A5A5A5	116	108	166	115.5	116.5	107.5	108.5	transparent
#9C9C9C	117	108	157	116.5	117.5	107.5	108.5	transparent
#959595	118	108	150	117.5	118.5	107.5	108.5	transparent
#969696	119	108	151	118.5	119.5	107.5	108.5	transparent
#9C9C9C	120	108	157	119.5	120.5	107.5	108.5	transparent
#A0A0A0	121	108	161	120.5	121.5	107.5	108.5	transparent
#9F9F9F	122	108	160	121.5	122.5	107.5	108.5	transparent
#A1A1A1	123	108	162	122.5	123.5	107.5	108.5	transparent
#A4A4A4	124	108	165	123.5	124.5	107.5	108.5	transparent
#A5A5A5	125	108	166	124.5	125.5	107.5	108.5	transparent
#A7A7A7	126	108	168	125.5	126.5	107.5	108.5	transparent
#A8A8A8	127	108	169	126.5	127.5	107.5	108.5	transparent
#BEBEBE	128	108	191	127.5	128.5	107.5	108.5	transparent
#C4C4C4	129	108	197	128.5	129.5	107.5	108.5	transparent
#C3C3C3	130	108	196	129.5	130.5	107.5	108.5	transparent
#C3C3C3	131	108	196	130.5	131.5	107.5	108.5	transparent
#BDBDBD	132	108	190	131.5	132.5	107.5	108.5	transparent
#B9B9B9	133	108	186	132.5	133.5	107.5	108.5	transparent
#B7B7B7	134	108	184	133.5	134.5	107.5	108.5	transparent
#B2B2B2	135	108	179	134.5	135.5	107.5	108.5	transparent
#B0B0B0	136	108	177	135.5	136.5	107.5	108.5	transparent
#ABABAB	137	108	172	136.5	137.5	107.5	108.5	transparent
#B2B2B2	138	108	179	137.5	138.5	107.5	108.5	transparent
#C4C4C4	139	108	197	138.5	139.5	107.5	108.5	transparent
#8D8D8D	0	107	142	-0.5	0.5	106.5	107.5	transparent
#858585	1	107	134	0.5	1.5	106.5	107.5	transparent
#878787	2	107	136	1.5	2.5	106.5	107.5	transparent
#888888	3	107	137	2.5	3.5	106.5	107.5	transparent
#888888	4	107	137	3.5	4.5	106.5	107.5	transparent
#8E8E8E	5	107	143	4.5	5.5	106.5	107.5	transparent
#969696	6	107	151	5.5	6.5	106.5	107.5	transparent
#9F9F9F	7	107	160	6.5	7.5	106.5	107.5	transparent
#A5A5A5	8	107	166	7.5	8.5	106.5	107.5	transparent
#A8A8A8	9	107	169	8.5	9.5	106.5	107.5	transparent
#ADADAD	10	107	174	9.5	10.5	106.5	107.5	transparent
#AEAEAE	11	107	175	10.5	11.5	106.5	107.5	transparent
#AEAEAE	12	107	175	11.5	12.5	106.5	107.5	transparent
#B4B4B4	13	107	181	12.5	13.5	106.5	107.5	transparent
#BDBDBD	14	107	190	13.5	14.5	106.5	107.5	transparent
#ABABAB	15	107	172	14.5	15.5	106.5	107.5	transparent
#989898	16	107	153	15.5	16.5	106.5	107.5	transparent
#9A9A9A	17	107	155	16.5	17.5	106.5	107.5	transparent
#9B9B9B	18	107	156	17.5	18.5	106.5	107.5	transparent
#989898	19	107	153	18.5	19.5	106.5	107.5	transparent
#959595	20	107	150	19.5	20.5	106.5	107.5	transparent
#919191	21	107	146	20.5	21.5	106.5	107.5	transparent
#8D8D8D	22	107	142	21.5	22.5	106.5	107.5	transparent
#8D8D8D	23	107	142	22.5	23.5	106.5	107.5	transparent
#868686	24	107	135	23.5	24.5	106.5	107.5	transparent
#868686	25	107	135	24.5	25.5	106.5	107.5	transparent
#8D8D8D	26	107	142	25.5	26.5	106.5	107.5	transparent
#929292	27	107	147	26.5	27.5	106.5	107.5	transparent
#999999	28	107	154	27.5	28.5	106.5	107.5	transparent
#A4A4A4	29	107	165	28.5	29.5	106.5	107.5	transparent
#989898	30	107	153	29.5	30.5	106.5	107.5	transparent
#838383	31	107	132	30.5	31.5	106.5	107.5	transparent
#6F6F6F	32	107	112	31.5	32.5	106.5	107.5	transparent
#565656	33	107	87	32.5	33.5	106.5	107.5	transparent
#424242	34	107	67	33.5	34.5	106.5	107.5	transparent
#3A3A3A	35	107	59	34.5	35.5	106.5	107.5	transparent
#343434	36	107	53	35.5	36.5	106.5	107.5	transparent
#303030	37	107	49	36.5	37.5	106.5	107.5	transparent
#2D2D2D	38	107	46	37.5	38.5	106.5	107.5	transparent
#2B2B2B	39	107	44	38.5	39.5	106.5	107.5	transparent
#2A2A2A	40	107	43	39.5	40.5	106.5	107.5	transparent
#2D2D2D	41	107	46	40.5	41.5	106.5	107.5	transparent
#323232	42	107	51	41.5	42.5	106.5	107.5	transparent
#343434	43	107	53	42.5	43.5	106.5	107.5	transparent
#353535	44	107	54	43.5	44.5	106.5	107.5	transparent
#353535	45	107	54	44.5	45.5	106.5	107.5	transparent
#323232	46	107	51	45.5	46.5	106.5	107.5	transparent
#2E2E2E	47	107	47	46.5	47.5	106.5	107.5	transparent
#2E2E2E	48	107	47	47.5	48.5	106.5	107.5	transparent
#2C2C2C	49	107	45	48.5	49.5	106.5	107.5	transparent
#2B2B2B	50	107	44	49.5	50.5	106.5	107.5	transparent
#2B2B2B	51	107	44	50.5	51.5	106.5	107.5	transparent
#2F2F2F	52	107	48	51.5	52.5	106.5	107.5	transparent
#333333	53	107	52	52.5	53.5	106.5	107.5	transparent
#3A3A3A	54	107	59	53.5	54.5	106.5	107.5	transparent
#424242	55	107	67	54.5	55.5	106.5	107.5	transparent
#3E3E3E	56	107	63	55.5	56.5	106.5	107.5	transparent
#3B3B3B	57	107	60	56.5	57.5	106.5	107.5	transparent
#3A3A3A	58	107	59	57.5	58.5	106.5	107.5	transparent
#353535	59	107	54	58.5	59.5	106.5	107.5	transparent
#393939	60	107	58	59.5	60.5	106.5	107.5	transparent
#434343	61	107	68	60.5	61.5	106.5	107.5	transparent
#525252	62	107	83	61.5	62.5	106.5	107.5	transparent
#5D5D5D	63	107	94	62.5	63.5	106.5	107.5	transparent
#686868	64	107	105	63.5	64.5	106.5	107.5	transparent
#737373	65	107	116	64.5	65.5	106.5	107.5	transparent
#7F7F7F	66	107	128	65.5	66.5	106.5	107.5	transparent
#868686	67	107	135	66.5	67.5	106.5	107.5	transparent
#989898	68	107	153	67.5	68.5	106.5	107.5	transparent
#9B9B9B	69	107	156	68.5	69.5	106.5	107.5	transparent
#939393	70	107	148	69.5	70.5	106.5	107.5	transparent
#969696	71	107	151	70.5	71.5	106.5	107.5	transparent
#9B9B9B	72	107	156	71.5	72.5	106.5	107.5	transparent
#A2A2A2	73	107	163	72.5	73.5	106.5	107.5	transparent
#A6A6A6	74	107	167	73.5	74.5	106.5	107.5	transparent
#A8A8A8	75	107	169	74.5	75.5	106.5	107.5	transparent
#A1A1A1	76	107	162	75.5	76.5	106.5	107.5	transparent
#959595	77	107	150	76.5	77.5	106.5	107.5	transparent
#8C8C8C	78	107	141	77.5	78.5	106.5	107.5	transparent
#747474	79	107	117	78.5	79.5	106.5	107.5	transparent
#5D5D5D	80	107	94	79.5	80.5	106.5	107.5	transparent
#535353	81	107	84	80.5	81.5	106.5	107.5	transparent
#4B4B4B	82	107	76	81.5	82.5	106.5	107.5	transparent
#444444	83	107	69	82.5	83.5	106.5	107.5	transparent
#3F3F3F	84	107	64	83.5	84.5	106.5	107.5	transparent
#383838	85	107	57	84.5	85.5	106.5	107.5	transparent
#343434	86	107	53	85.5	86.5	106.5	107.5	transparent
#383838	87	107	57	86.5	87.5	106.5	107.5	transparent
#353535	88	107	54	87.5	88.5	106.5	107.5	transparent
#343434	89	107	53	88.5	89.5	106.5	107.5	transparent
#323232	90	107	51	89.5	90.5	106.5	107.5	transparent
#2B2B2B	91	107	44	90.5	91.5	106.5	107.5	transparent
#2B2B2B	92	107	44	91.5	92.5	106.5	107.5	transparent
#2C2C2C	93	107	45	92.5	93.5	106.5	107.5	transparent
#292929	94	107	42	93.5	94.5	106.5	107.5	transparent
#2D2D2D	95	107	46	94.5	95.5	106.5	107.5	transparent
#323232	96	107	51	95.5	96.5	106.5	107.5	transparent
#323232	97	107	51	96.5	97.5	106.5	107.5	transparent
#333333	98	107	52	97.5	98.5	106.5	107.5	transparent
#333333	99	107	52	98.5	99.5	106.5	107.5	transparent
#343434	100	107	53	99.5	100.5	106.5	107.5	transparent
#353535	101	107	54	100.5	101.5	106.5	107.5	transparent
#353535	102	107	54	101.5	102.5	106.5	107.5	transparent
#393939	103	107	58	102.5	103.5	106.5	107.5	transparent
#3D3D3D	104	107	62	103.5	104.5	106.5	107.5	transparent
#454545	105	107	70	104.5	105.5	106.5	107.5	transparent
#4F4F4F	106	107	80	105.5	106.5	106.5	107.5	transparent
#585858	107	107	89	106.5	107.5	106.5	107.5	transparent
#5E5E5E	108	107	95	107.5	108.5	106.5	107.5	transparent
#636363	109	107	100	108.5	109.5	106.5	107.5	transparent
#6E6E6E	110	107	111	109.5	110.5	106.5	107.5	transparent
#797979	111	107	122	110.5	111.5	106.5	107.5	transparent
#8C8C8C	112	107	141	111.5	112.5	106.5	107.5	transparent
#A9A9A9	113	107	170	112.5	113.5	106.5	107.5	transparent
#ADADAD	114	107	174	113.5	114.5	106.5	107.5	transparent
#AFAFAF	115	107	176	114.5	115.5	106.5	107.5	transparent
#ABABAB	116	107	172	115.5	116.5	106.5	107.5	transparent
#9F9F9F	117	107	160	116.5	117.5	106.5	107.5	transparent
#9A9A9A	118	107	155	117.5	118.5	106.5	107.5	transparent
#999999	119	107	154	118.5	119.5	106.5	107.5	transparent
#9E9E9E	120	107	159	119.5	120.5	106.5	107.5	transparent
#A0A0A0	121	107	161	120.5	121.5	106.5	107.5	transparent
#A1A1A1	122	107	162	121.5	122.5	106.5	107.5	transparent
#A3A3A3	123	107	164	122.5	123.5	106.5	107.5	transparent
#A7A7A7	124	107	168	123.5	124.5	106.5	107.5	transparent
#A7A7A7	125	107	168	124.5	125.5	106.5	107.5	transparent
#AAAAAA	126	107	171	125.5	126.5	106.5	107.5	transparent
#A9A9A9	127	107	170	126.5	127.5	106.5	107.5	transparent
#B8B8B8	128	107	185	127.5	128.5	106.5	107.5	transparent
#CACACA	129	107	203	128.5	129.5	106.5	107.5	transparent
#C3C3C3	130	107	196	129.5	130.5	106.5	107.5	transparent
#BFBFBF	131	107	192	130.5	131.5	106.5	107.5	transparent
#BDBDBD	132	107	190	131.5	132.5	106.5	107.5	transparent
#BBBBBB	133	107	188	132.5	133.5	106.5	107.5	transparent
#BBBBBB	134	107	188	133.5	134.5	106.5	107.5	transparent
#B6B6B6	135	107	183	134.5	135.5	106.5	107.5	transparent
#B2B2B2	136	107	179	135.5	136.5	106.5	107.5	transparent
#ACACAC	137	107	173	136.5	137.5	106.5	107.5	transparent
#B4B4B4	138	107	181	137.5	138.5	106.5	107.5	transparent
#C5C5C5	139	107	198	138.5	139.5	106.5	107.5	transparent
#8E8E8E	0	106	143	-0.5	0.5	105.5	106.5	transparent
#878787	1	106	136	0.5	1.5	105.5	106.5	transparent
#898989	2	106	138	1.5	2.5	105.5	106.5	transparent
#8A8A8A	3	106	139	2.5	3.5	105.5	106.5	transparent
#8B8B8B	4	106	140	3.5	4.5	105.5	106.5	transparent
#919191	5	106	146	4.5	5.5	105.5	106.5	transparent
#989898	6	106	153	5.5	6.5	105.5	106.5	transparent
#A0A0A0	7	106	161	6.5	7.5	105.5	106.5	transparent
#A4A4A4	8	106	165	7.5	8.5	105.5	106.5	transparent
#A9A9A9	9	106	170	8.5	9.5	105.5	106.5	transparent
#B0B0B0	10	106	177	9.5	10.5	105.5	106.5	transparent
#AFAFAF	11	106	176	10.5	11.5	105.5	106.5	transparent
#B0B0B0	12	106	177	11.5	12.5	105.5	106.5	transparent
#B7B7B7	13	106	184	12.5	13.5	105.5	106.5	transparent
#BFBFBF	14	106	192	13.5	14.5	105.5	106.5	transparent
#A5A5A5	15	106	166	14.5	15.5	105.5	106.5	transparent
#9A9A9A	16	106	155	15.5	16.5	105.5	106.5	transparent
#9D9D9D	17	106	158	16.5	17.5	105.5	106.5	transparent
#9C9C9C	18	106	157	17.5	18.5	105.5	106.5	transparent
#9A9A9A	19	106	155	18.5	19.5	105.5	106.5	transparent
#969696	20	106	151	19.5	20.5	105.5	106.5	transparent
#929292	21	106	147	20.5	21.5	105.5	106.5	transparent
#8E8E8E	22	106	143	21.5	22.5	105.5	106.5	transparent
#8D8D8D	23	106	142	22.5	23.5	105.5	106.5	transparent
#878787	24	106	136	23.5	24.5	105.5	106.5	transparent
#8B8B8B	25	106	140	24.5	25.5	105.5	106.5	transparent
#919191	26	106	146	25.5	26.5	105.5	106.5	transparent
#9A9A9A	27	106	155	26.5	27.5	105.5	106.5	transparent
#A2A2A2	28	106	163	27.5	28.5	105.5	106.5	transparent
#9F9F9F	29	106	160	28.5	29.5	105.5	106.5	transparent
#8E8E8E	30	106	143	29.5	30.5	105.5	106.5	transparent
#797979	31	106	122	30.5	31.5	105.5	106.5	transparent
#5B5B5B	32	106	92	31.5	32.5	105.5	106.5	transparent
#444444	33	106	69	32.5	33.5	105.5	106.5	transparent
#3C3C3C	34	106	61	33.5	34.5	105.5	106.5	transparent
#373737	35	106	56	34.5	35.5	105.5	106.5	transparent
#333333	36	106	52	35.5	36.5	105.5	106.5	transparent
#323232	37	106	51	36.5	37.5	105.5	106.5	transparent
#343434	38	106	53	37.5	38.5	105.5	106.5	transparent
#363636	39	106	55	38.5	39.5	105.5	106.5	transparent
#343434	40	106	53	39.5	40.5	105.5	106.5	transparent
#333333	41	106	52	40.5	41.5	105.5	106.5	transparent
#313131	42	106	50	41.5	42.5	105.5	106.5	transparent
#313131	43	106	50	42.5	43.5	105.5	106.5	transparent
#2F2F2F	44	106	48	43.5	44.5	105.5	106.5	transparent
#303030	45	106	49	44.5	45.5	105.5	106.5	transparent
#2F2F2F	46	106	48	45.5	46.5	105.5	106.5	transparent
#2E2E2E	47	106	47	46.5	47.5	105.5	106.5	transparent
#2E2E2E	48	106	47	47.5	48.5	105.5	106.5	transparent
#2D2D2D	49	106	46	48.5	49.5	105.5	106.5	transparent
#2B2B2B	50	106	44	49.5	50.5	105.5	106.5	transparent
#2A2A2A	51	106	43	50.5	51.5	105.5	106.5	transparent
#2E2E2E	52	106	47	51.5	52.5	105.5	106.5	transparent
#2F2F2F	53	106	48	52.5	53.5	105.5	106.5	transparent
#2E2E2E	54	106	47	53.5	54.5	105.5	106.5	transparent
#393939	55	106	58	54.5	55.5	105.5	106.5	transparent
#3F3F3F	56	106	64	55.5	56.5	105.5	106.5	transparent
#424242	57	106	67	56.5	57.5	105.5	106.5	transparent
#424242	58	106	67	57.5	58.5	105.5	106.5	transparent
#3C3C3C	59	106	61	58.5	59.5	105.5	106.5	transparent
#3A3A3A	60	106	59	59.5	60.5	105.5	106.5	transparent
#434343	61	106	68	60.5	61.5	105.5	106.5	transparent
#4E4E4E	62	106	79	61.5	62.5	105.5	106.5	transparent
#585858	63	106	89	62.5	63.5	105.5	106.5	transparent
#616161	64	106	98	63.5	64.5	105.5	106.5	transparent
#6B6B6B	65	106	108	64.5	65.5	105.5	106.5	transparent
#797979	66	106	122	65.5	66.5	105.5	106.5	transparent
#868686	67	106	135	66.5	67.5	105.5	106.5	transparent
#999999	68	106	154	67.5	68.5	105.5	106.5	transparent
#9C9C9C	69	106	157	68.5	69.5	105.5	106.5	transparent
#959595	70	106	150	69.5	70.5	105.5	106.5	transparent
#9A9A9A	71	106	155	70.5	71.5	105.5	106.5	transparent
#9E9E9E	72	106	159	71.5	72.5	105.5	106.5	transparent
#A3A3A3	73	106	164	72.5	73.5	105.5	106.5	transparent
#AAAAAA	74	106	171	73.5	74.5	105.5	106.5	transparent
#ADADAD	75	106	174	74.5	75.5	105.5	106.5	transparent
#A2A2A2	76	106	163	75.5	76.5	105.5	106.5	transparent
#8F8F8F	77	106	144	76.5	77.5	105.5	106.5	transparent
#808080	78	106	129	77.5	78.5	105.5	106.5	transparent
#606060	79	106	97	78.5	79.5	105.5	106.5	transparent
#4C4C4C	80	106	77	79.5	80.5	105.5	106.5	transparent
#4C4C4C	81	106	77	80.5	81.5	105.5	106.5	transparent
#434343	82	106	68	81.5	82.5	105.5	106.5	transparent
#3B3B3B	83	106	60	82.5	83.5	105.5	106.5	transparent
#383838	84	106	57	83.5	84.5	105.5	106.5	transparent
#363636	85	106	55	84.5	85.5	105.5	106.5	transparent
#383838	86	106	57	85.5	86.5	105.5	106.5	transparent
#3C3C3C	87	106	61	86.5	87.5	105.5	106.5	transparent
#3D3D3D	88	106	62	87.5	88.5	105.5	106.5	transparent
#393939	89	106	58	88.5	89.5	105.5	106.5	transparent
#383838	90	106	57	89.5	90.5	105.5	106.5	transparent
#363636	91	106	55	90.5	91.5	105.5	106.5	transparent
#333333	92	106	52	91.5	92.5	105.5	106.5	transparent
#313131	93	106	50	92.5	93.5	105.5	106.5	transparent
#303030	94	106	49	93.5	94.5	105.5	106.5	transparent
#343434	95	106	53	94.5	95.5	105.5	106.5	transparent
#333333	96	106	52	95.5	96.5	105.5	106.5	transparent
#343434	97	106	53	96.5	97.5	105.5	106.5	transparent
#343434	98	106	53	97.5	98.5	105.5	106.5	transparent
#333333	99	106	52	98.5	99.5	105.5	106.5	transparent
#333333	100	106	52	99.5	100.5	105.5	106.5	transparent
#343434	101	106	53	100.5	101.5	105.5	106.5	transparent
#373737	102	106	56	101.5	102.5	105.5	106.5	transparent
#3B3B3B	103	106	60	102.5	103.5	105.5	106.5	transparent
#3D3D3D	104	106	62	103.5	104.5	105.5	106.5	transparent
#414141	105	106	66	104.5	105.5	105.5	106.5	transparent
#454545	106	106	70	105.5	106.5	105.5	106.5	transparent
#4C4C4C	107	106	77	106.5	107.5	105.5	106.5	transparent
#595959	108	106	90	107.5	108.5	105.5	106.5	transparent
#656565	109	106	102	108.5	109.5	105.5	106.5	transparent
#6F6F6F	110	106	112	109.5	110.5	105.5	106.5	transparent
#767676	111	106	119	110.5	111.5	105.5	106.5	transparent
#898989	112	106	138	111.5	112.5	105.5	106.5	transparent
#A6A6A6	113	106	167	112.5	113.5	105.5	106.5	transparent
#B0B0B0	114	106	177	113.5	114.5	105.5	106.5	transparent
#B1B1B1	115	106	178	114.5	115.5	105.5	106.5	transparent
#AEAEAE	116	106	175	115.5	116.5	105.5	106.5	transparent
#A2A2A2	117	106	163	116.5	117.5	105.5	106.5	transparent
#9E9E9E	118	106	159	117.5	118.5	105.5	106.5	transparent
#9C9C9C	119	106	157	118.5	119.5	105.5	106.5	transparent
#9F9F9F	120	106	160	119.5	120.5	105.5	106.5	transparent
#A2A2A2	121	106	163	120.5	121.5	105.5	106.5	transparent
#A2A2A2	122	106	163	121.5	122.5	105.5	106.5	transparent
#A3A3A3	123	106	164	122.5	123.5	105.5	106.5	transparent
#A8A8A8	124	106	169	123.5	124.5	105.5	106.5	transparent
#ABABAB	125	106	172	124.5	125.5	105.5	106.5	transparent
#ABABAB	126	106	172	125.5	126.5	105.5	106.5	transparent
#ACACAC	127	106	173	126.5	127.5	105.5	106.5	transparent
#B3B3B3	128	106	180	127.5	128.5	105.5	106.5	transparent
#CACACA	129	106	203	128.5	129.5	105.5	106.5	transparent
#C3C3C3	130	106	196	129.5	130.5	105.5	106.5	transparent
#C0C0C0	131	106	193	130.5	131.5	105.5	106.5	transparent
#BCBCBC	132	106	189	131.5	132.5	105.5	106.5	transparent
#BABABA	133	106	187	132.5	133.5	105.5	106.5	transparent
#B9B9B9	134	106	186	133.5	134.5	105.5	106.5	transparent
#BABABA	135	106	187	134.5	135.5	105.5	106.5	transparent
#B6B6B6	136	106	183	135.5	136.5	105.5	106.5	transparent
#B0B0B0	137	106	177	136.5	137.5	105.5	106.5	transparent
#B7B7B7	138	106	184	137.5	138.5	105.5	106.5	transparent
#C7C7C7	139	106	200	138.5	139.5	105.5	106.5	transparent
#909090	0	105	145	-0.5	0.5	104.5	105.5	transparent
#898989	1	105	138	0.5	1.5	104.5	105.5	transparent
#8B8B8B	2	105	140	1.5	2.5	104.5	105.5	transparent
#8E8E8E	3	105	143	2.5	3.5	104.5	105.5	transparent
#8E8E8E	4	105	143	3.5	4.5	104.5	105.5	transparent
#949494	5	105	149	4.5	5.5	104.5	105.5	transparent
#999999	6	105	154	5.5	6.5	104.5	105.5	transparent
#A3A3A3	7	105	164	6.5	7.5	104.5	105.5	transparent
#A7A7A7	8	105	168	7.5	8.5	104.5	105.5	transparent
#ACACAC	9	105	173	8.5	9.5	104.5	105.5	transparent
#B1B1B1	10	105	178	9.5	10.5	104.5	105.5	transparent
#AEAEAE	11	105	175	10.5	11.5	104.5	105.5	transparent
#B3B3B3	12	105	180	11.5	12.5	104.5	105.5	transparent
#B8B8B8	13	105	185	12.5	13.5	104.5	105.5	transparent
#BCBCBC	14	105	189	13.5	14.5	104.5	105.5	transparent
#A0A0A0	15	105	161	14.5	15.5	104.5	105.5	transparent
#9B9B9B	16	105	156	15.5	16.5	104.5	105.5	transparent
#9E9E9E	17	105	159	16.5	17.5	104.5	105.5	transparent
#9D9D9D	18	105	158	17.5	18.5	104.5	105.5	transparent
#9C9C9C	19	105	157	18.5	19.5	104.5	105.5	transparent
#969696	20	105	151	19.5	20.5	104.5	105.5	transparent
#929292	21	105	147	20.5	21.5	104.5	105.5	transparent
#8F8F8F	22	105	144	21.5	22.5	104.5	105.5	transparent
#8C8C8C	23	105	141	22.5	23.5	104.5	105.5	transparent
#8A8A8A	24	105	139	23.5	24.5	104.5	105.5	transparent
#8F8F8F	25	105	144	24.5	25.5	104.5	105.5	transparent
#999999	26	105	154	25.5	26.5	104.5	105.5	transparent
#A4A4A4	27	105	165	26.5	27.5	104.5	105.5	transparent
#A2A2A2	28	105	163	27.5	28.5	104.5	105.5	transparent
#9B9B9B	29	105	156	28.5	29.5	104.5	105.5	transparent
#7E7E7E	30	105	127	29.5	30.5	104.5	105.5	transparent
#626262	31	105	99	30.5	31.5	104.5	105.5	transparent
#525252	32	105	83	31.5	32.5	104.5	105.5	transparent
#454545	33	105	70	32.5	33.5	104.5	105.5	transparent
#3B3B3B	34	105	60	33.5	34.5	104.5	105.5	transparent
#3A3A3A	35	105	59	34.5	35.5	104.5	105.5	transparent
#3D3D3D	36	105	62	35.5	36.5	104.5	105.5	transparent
#3E3E3E	37	105	63	36.5	37.5	104.5	105.5	transparent
#3B3B3B	38	105	60	37.5	38.5	104.5	105.5	transparent
#373737	39	105	56	38.5	39.5	104.5	105.5	transparent
#323232	40	105	51	39.5	40.5	104.5	105.5	transparent
#2F2F2F	41	105	48	40.5	41.5	104.5	105.5	transparent
#2F2F2F	42	105	48	41.5	42.5	104.5	105.5	transparent
#303030	43	105	49	42.5	43.5	104.5	105.5	transparent
#313131	44	105	50	43.5	44.5	104.5	105.5	transparent
#313131	45	105	50	44.5	45.5	104.5	105.5	transparent
#313131	46	105	50	45.5	46.5	104.5	105.5	transparent
#2F2F2F	47	105	48	46.5	47.5	104.5	105.5	transparent
#2F2F2F	48	105	48	47.5	48.5	104.5	105.5	transparent
#2D2D2D	49	105	46	48.5	49.5	104.5	105.5	transparent
#2F2F2F	50	105	48	49.5	50.5	104.5	105.5	transparent
#2F2F2F	51	105	48	50.5	51.5	104.5	105.5	transparent
#303030	52	105	49	51.5	52.5	104.5	105.5	transparent
#313131	53	105	50	52.5	53.5	104.5	105.5	transparent
#2E2E2E	54	105	47	53.5	54.5	104.5	105.5	transparent
#2F2F2F	55	105	48	54.5	55.5	104.5	105.5	transparent
#353535	56	105	54	55.5	56.5	104.5	105.5	transparent
#383838	57	105	57	56.5	57.5	104.5	105.5	transparent
#3D3D3D	58	105	62	57.5	58.5	104.5	105.5	transparent
#3C3C3C	59	105	61	58.5	59.5	104.5	105.5	transparent
#434343	60	105	68	59.5	60.5	104.5	105.5	transparent
#4A4A4A	61	105	75	60.5	61.5	104.5	105.5	transparent
#4D4D4D	62	105	78	61.5	62.5	104.5	105.5	transparent
#535353	63	105	84	62.5	63.5	104.5	105.5	transparent
#5C5C5C	64	105	93	63.5	64.5	104.5	105.5	transparent
#666666	65	105	103	64.5	65.5	104.5	105.5	transparent
#727272	66	105	115	65.5	66.5	104.5	105.5	transparent
#808080	67	105	129	66.5	67.5	104.5	105.5	transparent
#969696	68	105	151	67.5	68.5	104.5	105.5	transparent
#999999	69	105	154	68.5	69.5	104.5	105.5	transparent
#979797	70	105	152	69.5	70.5	104.5	105.5	transparent
#9E9E9E	71	105	159	70.5	71.5	104.5	105.5	transparent
#A1A1A1	72	105	162	71.5	72.5	104.5	105.5	transparent
#A4A4A4	73	105	165	72.5	73.5	104.5	105.5	transparent
#ADADAD	74	105	174	73.5	74.5	104.5	105.5	transparent
#AAAAAA	75	105	171	74.5	75.5	104.5	105.5	transparent
#9C9C9C	76	105	157	75.5	76.5	104.5	105.5	transparent
#838383	77	105	132	76.5	77.5	104.5	105.5	transparent
#6E6E6E	78	105	111	77.5	78.5	104.5	105.5	transparent
#555555	79	105	86	78.5	79.5	104.5	105.5	transparent
#464646	80	105	71	79.5	80.5	104.5	105.5	transparent
#444444	81	105	69	80.5	81.5	104.5	105.5	transparent
#3D3D3D	82	105	62	81.5	82.5	104.5	105.5	transparent
#3A3A3A	83	105	59	82.5	83.5	104.5	105.5	transparent
#3C3C3C	84	105	61	83.5	84.5	104.5	105.5	transparent
#3D3D3D	85	105	62	84.5	85.5	104.5	105.5	transparent
#3F3F3F	86	105	64	85.5	86.5	104.5	105.5	transparent
#3E3E3E	87	105	63	86.5	87.5	104.5	105.5	transparent
#3B3B3B	88	105	60	87.5	88.5	104.5	105.5	transparent
#383838	89	105	57	88.5	89.5	104.5	105.5	transparent
#353535	90	105	54	89.5	90.5	104.5	105.5	transparent
#373737	91	105	56	90.5	91.5	104.5	105.5	transparent
#353535	92	105	54	91.5	92.5	104.5	105.5	transparent
#313131	93	105	50	92.5	93.5	104.5	105.5	transparent
#333333	94	105	52	93.5	94.5	104.5	105.5	transparent
#333333	95	105	52	94.5	95.5	104.5	105.5	transparent
#333333	96	105	52	95.5	96.5	104.5	105.5	transparent
#343434	97	105	53	96.5	97.5	104.5	105.5	transparent
#393939	98	105	58	97.5	98.5	104.5	105.5	transparent
#3B3B3B	99	105	60	98.5	99.5	104.5	105.5	transparent
#3A3A3A	100	105	59	99.5	100.5	104.5	105.5	transparent
#383838	101	105	57	100.5	101.5	104.5	105.5	transparent
#373737	102	105	56	101.5	102.5	104.5	105.5	transparent
#383838	103	105	57	102.5	103.5	104.5	105.5	transparent
#3B3B3B	104	105	60	103.5	104.5	104.5	105.5	transparent
#404040	105	105	65	104.5	105.5	104.5	105.5	transparent
#444444	106	105	69	105.5	106.5	104.5	105.5	transparent
#484848	107	105	73	106.5	107.5	104.5	105.5	transparent
#4F4F4F	108	105	80	107.5	108.5	104.5	105.5	transparent
#595959	109	105	90	108.5	109.5	104.5	105.5	transparent
#696969	110	105	106	109.5	110.5	104.5	105.5	transparent
#797979	111	105	122	110.5	111.5	104.5	105.5	transparent
#8B8B8B	112	105	140	111.5	112.5	104.5	105.5	transparent
#9C9C9C	113	105	157	112.5	113.5	104.5	105.5	transparent
#B2B2B2	114	105	179	113.5	114.5	104.5	105.5	transparent
#B6B6B6	115	105	183	114.5	115.5	104.5	105.5	transparent
#AEAEAE	116	105	175	115.5	116.5	104.5	105.5	transparent
#A5A5A5	117	105	166	116.5	117.5	104.5	105.5	transparent
#A0A0A0	118	105	161	117.5	118.5	104.5	105.5	transparent
#9E9E9E	119	105	159	118.5	119.5	104.5	105.5	transparent
#9F9F9F	120	105	160	119.5	120.5	104.5	105.5	transparent
#A4A4A4	121	105	165	120.5	121.5	104.5	105.5	transparent
#A4A4A4	122	105	165	121.5	122.5	104.5	105.5	transparent
#A5A5A5	123	105	166	122.5	123.5	104.5	105.5	transparent
#A8A8A8	124	105	169	123.5	124.5	104.5	105.5	transparent
#ABABAB	125	105	172	124.5	125.5	104.5	105.5	transparent
#ACACAC	126	105	173	125.5	126.5	104.5	105.5	transparent
#AEAEAE	127	105	175	126.5	127.5	104.5	105.5	transparent
#B1B1B1	128	105	178	127.5	128.5	104.5	105.5	transparent
#C7C7C7	129	105	200	128.5	129.5	104.5	105.5	transparent
#C2C2C2	130	105	195	129.5	130.5	104.5	105.5	transparent
#C1C1C1	131	105	194	130.5	131.5	104.5	105.5	transparent
#BEBEBE	132	105	191	131.5	132.5	104.5	105.5	transparent
#BABABA	133	105	187	132.5	133.5	104.5	105.5	transparent
#B8B8B8	134	105	185	133.5	134.5	104.5	105.5	transparent
#B9B9B9	135	105	186	134.5	135.5	104.5	105.5	transparent
#B7B7B7	136	105	184	135.5	136.5	104.5	105.5	transparent
#B4B4B4	137	105	181	136.5	137.5	104.5	105.5	transparent
#BBBBBB	138	105	188	137.5	138.5	104.5	105.5	transparent
#C9C9C9	139	105	202	138.5	139.5	104.5	105.5	transparent
#919191	0	104	146	-0.5	0.5	103.5	104.5	transparent
#8B8B8B	1	104	140	0.5	1.5	103.5	104.5	transparent
#8D8D8D	2	104	142	1.5	2.5	103.5	104.5	transparent
#929292	3	104	147	2.5	3.5	103.5	104.5	transparent
#949494	4	104	149	3.5	4.5	103.5	104.5	transparent
#969696	5	104	151	4.5	5.5	103.5	104.5	transparent
#9B9B9B	6	104	156	5.5	6.5	103.5	104.5	transparent
#A5A5A5	7	104	166	6.5	7.5	103.5	104.5	transparent
#A9A9A9	8	104	170	7.5	8.5	103.5	104.5	transparent
#AEAEAE	9	104	175	8.5	9.5	103.5	104.5	transparent
#AEAEAE	10	104	175	9.5	10.5	103.5	104.5	transparent
#B0B0B0	11	104	177	10.5	11.5	103.5	104.5	transparent
#B4B4B4	12	104	181	11.5	12.5	103.5	104.5	transparent
#B9B9B9	13	104	186	12.5	13.5	103.5	104.5	transparent
#B8B8B8	14	104	185	13.5	14.5	103.5	104.5	transparent
#A1A1A1	15	104	162	14.5	15.5	103.5	104.5	transparent
#9D9D9D	16	104	158	15.5	16.5	103.5	104.5	transparent
#A0A0A0	17	104	161	16.5	17.5	103.5	104.5	transparent
#9E9E9E	18	104	159	17.5	18.5	103.5	104.5	transparent
#9C9C9C	19	104	157	18.5	19.5	103.5	104.5	transparent
#979797	20	104	152	19.5	20.5	103.5	104.5	transparent
#939393	21	104	148	20.5	21.5	103.5	104.5	transparent
#909090	22	104	145	21.5	22.5	103.5	104.5	transparent
#8C8C8C	23	104	141	22.5	23.5	103.5	104.5	transparent
#8C8C8C	24	104	141	23.5	24.5	103.5	104.5	transparent
#939393	25	104	148	24.5	25.5	103.5	104.5	transparent
#A3A3A3	26	104	164	25.5	26.5	103.5	104.5	transparent
#A4A4A4	27	104	165	26.5	27.5	103.5	104.5	transparent
#A3A3A3	28	104	164	27.5	28.5	103.5	104.5	transparent
#8C8C8C	29	104	141	28.5	29.5	103.5	104.5	transparent
#676767	30	104	104	29.5	30.5	103.5	104.5	transparent
#595959	31	104	90	30.5	31.5	103.5	104.5	transparent
#525252	32	104	83	31.5	32.5	103.5	104.5	transparent
#4C4C4C	33	104	77	32.5	33.5	103.5	104.5	transparent
#484848	34	104	73	33.5	34.5	103.5	104.5	transparent
#444444	35	104	69	34.5	35.5	103.5	104.5	transparent
#3F3F3F	36	104	64	35.5	36.5	103.5	104.5	transparent
#3A3A3A	37	104	59	36.5	37.5	103.5	104.5	transparent
#393939	38	104	58	37.5	38.5	103.5	104.5	transparent
#3A3A3A	39	104	59	38.5	39.5	103.5	104.5	transparent
#383838	40	104	57	39.5	40.5	103.5	104.5	transparent
#333333	41	104	52	40.5	41.5	103.5	104.5	transparent
#2F2F2F	42	104	48	41.5	42.5	103.5	104.5	transparent
#292929	43	104	42	42.5	43.5	103.5	104.5	transparent
#282828	44	104	41	43.5	44.5	103.5	104.5	transparent
#272727	45	104	40	44.5	45.5	103.5	104.5	transparent
#272727	46	104	40	45.5	46.5	103.5	104.5	transparent
#272727	47	104	40	46.5	47.5	103.5	104.5	transparent
#282828	48	104	41	47.5	48.5	103.5	104.5	transparent
#292929	49	104	42	48.5	49.5	103.5	104.5	transparent
#2A2A2A	50	104	43	49.5	50.5	103.5	104.5	transparent
#2A2A2A	51	104	43	50.5	51.5	103.5	104.5	transparent
#2D2D2D	52	104	46	51.5	52.5	103.5	104.5	transparent
#2E2E2E	53	104	47	52.5	53.5	103.5	104.5	transparent
#2E2E2E	54	104	47	53.5	54.5	103.5	104.5	transparent
#2F2F2F	55	104	48	54.5	55.5	103.5	104.5	transparent
#363636	56	104	55	55.5	56.5	103.5	104.5	transparent
#363636	57	104	55	56.5	57.5	103.5	104.5	transparent
#3E3E3E	58	104	63	57.5	58.5	103.5	104.5	transparent
#414141	59	104	66	58.5	59.5	103.5	104.5	transparent
#474747	60	104	72	59.5	60.5	103.5	104.5	transparent
#4D4D4D	61	104	78	60.5	61.5	103.5	104.5	transparent
#515151	62	104	82	61.5	62.5	103.5	104.5	transparent
#4E4E4E	63	104	79	62.5	63.5	103.5	104.5	transparent
#525252	64	104	83	63.5	64.5	103.5	104.5	transparent
#636363	65	104	100	64.5	65.5	103.5	104.5	transparent
#757575	66	104	118	65.5	66.5	103.5	104.5	transparent
#858585	67	104	134	66.5	67.5	103.5	104.5	transparent
#979797	68	104	152	67.5	68.5	103.5	104.5	transparent
#979797	69	104	152	68.5	69.5	103.5	104.5	transparent
#989898	70	104	153	69.5	70.5	103.5	104.5	transparent
#9F9F9F	71	104	160	70.5	71.5	103.5	104.5	transparent
#A2A2A2	72	104	163	71.5	72.5	103.5	104.5	transparent
#A5A5A5	73	104	166	72.5	73.5	103.5	104.5	transparent
#AEAEAE	74	104	175	73.5	74.5	103.5	104.5	transparent
#A8A8A8	75	104	169	74.5	75.5	103.5	104.5	transparent
#979797	76	104	152	75.5	76.5	103.5	104.5	transparent
#797979	77	104	122	76.5	77.5	103.5	104.5	transparent
#626262	78	104	99	77.5	78.5	103.5	104.5	transparent
#4D4D4D	79	104	78	78.5	79.5	103.5	104.5	transparent
#424242	80	104	67	79.5	80.5	103.5	104.5	transparent
#454545	81	104	70	80.5	81.5	103.5	104.5	transparent
#464646	82	104	71	81.5	82.5	103.5	104.5	transparent
#434343	83	104	68	82.5	83.5	103.5	104.5	transparent
#3E3E3E	84	104	63	83.5	84.5	103.5	104.5	transparent
#3D3D3D	85	104	62	84.5	85.5	103.5	104.5	transparent
#3A3A3A	86	104	59	85.5	86.5	103.5	104.5	transparent
#393939	87	104	58	86.5	87.5	103.5	104.5	transparent
#393939	88	104	58	87.5	88.5	103.5	104.5	transparent
#363636	89	104	55	88.5	89.5	103.5	104.5	transparent
#333333	90	104	52	89.5	90.5	103.5	104.5	transparent
#373737	91	104	56	90.5	91.5	103.5	104.5	transparent
#393939	92	104	58	91.5	92.5	103.5	104.5	transparent
#363636	93	104	55	92.5	93.5	103.5	104.5	transparent
#343434	94	104	53	93.5	94.5	103.5	104.5	transparent
#333333	95	104	52	94.5	95.5	103.5	104.5	transparent
#333333	96	104	52	95.5	96.5	103.5	104.5	transparent
#363636	97	104	55	96.5	97.5	103.5	104.5	transparent
#363636	98	104	55	97.5	98.5	103.5	104.5	transparent
#383838	99	104	57	98.5	99.5	103.5	104.5	transparent
#3D3D3D	100	104	62	99.5	100.5	103.5	104.5	transparent
#3F3F3F	101	104	64	100.5	101.5	103.5	104.5	transparent
#414141	102	104	66	101.5	102.5	103.5	104.5	transparent
#424242	103	104	67	102.5	103.5	103.5	104.5	transparent
#414141	104	104	66	103.5	104.5	103.5	104.5	transparent
#3F3F3F	105	104	64	104.5	105.5	103.5	104.5	transparent
#424242	106	104	67	105.5	106.5	103.5	104.5	transparent
#494949	107	104	74	106.5	107.5	103.5	104.5	transparent
#4E4E4E	108	104	79	107.5	108.5	103.5	104.5	transparent
#525252	109	104	83	108.5	109.5	103.5	104.5	transparent
#5B5B5B	110	104	92	109.5	110.5	103.5	104.5	transparent
#707070	111	104	113	110.5	111.5	103.5	104.5	transparent
#8A8A8A	112	104	139	111.5	112.5	103.5	104.5	transparent
#9A9A9A	113	104	155	112.5	113.5	103.5	104.5	transparent
#ACACAC	114	104	173	113.5	114.5	103.5	104.5	transparent
#BBBBBB	115	104	188	114.5	115.5	103.5	104.5	transparent
#B3B3B3	116	104	180	115.5	116.5	103.5	104.5	transparent
#A7A7A7	117	104	168	116.5	117.5	103.5	104.5	transparent
#A3A3A3	118	104	164	117.5	118.5	103.5	104.5	transparent
#9F9F9F	119	104	160	118.5	119.5	103.5	104.5	transparent
#A1A1A1	120	104	162	119.5	120.5	103.5	104.5	transparent
#A4A4A4	121	104	165	120.5	121.5	103.5	104.5	transparent
#A5A5A5	122	104	166	121.5	122.5	103.5	104.5	transparent
#A7A7A7	123	104	168	122.5	123.5	103.5	104.5	transparent
#AAAAAA	124	104	171	123.5	124.5	103.5	104.5	transparent
#ADADAD	125	104	174	124.5	125.5	103.5	104.5	transparent
#AEAEAE	126	104	175	125.5	126.5	103.5	104.5	transparent
#AEAEAE	127	104	175	126.5	127.5	103.5	104.5	transparent
#B2B2B2	128	104	179	127.5	128.5	103.5	104.5	transparent
#C6C6C6	129	104	199	128.5	129.5	103.5	104.5	transparent
#C3C3C3	130	104	196	129.5	130.5	103.5	104.5	transparent
#C0C0C0	131	104	193	130.5	131.5	103.5	104.5	transparent
#C0C0C0	132	104	193	131.5	132.5	103.5	104.5	transparent
#BBBBBB	133	104	188	132.5	133.5	103.5	104.5	transparent
#B9B9B9	134	104	186	133.5	134.5	103.5	104.5	transparent
#B7B7B7	135	104	184	134.5	135.5	103.5	104.5	transparent
#B8B8B8	136	104	185	135.5	136.5	103.5	104.5	transparent
#B9B9B9	137	104	186	136.5	137.5	103.5	104.5	transparent
#BFBFBF	138	104	192	137.5	138.5	103.5	104.5	transparent
#CDCDCD	139	104	206	138.5	139.5	103.5	104.5	transparent
#939393	0	103	148	-0.5	0.5	102.5	103.5	transparent
#909090	1	103	145	0.5	1.5	102.5	103.5	transparent
#929292	2	103	147	1.5	2.5	102.5	103.5	transparent
#969696	3	103	151	2.5	3.5	102.5	103.5	transparent
#9B9B9B	4	103	156	3.5	4.5	102.5	103.5	transparent
#9D9D9D	5	103	158	4.5	5.5	102.5	103.5	transparent
#A0A0A0	6	103	161	5.5	6.5	102.5	103.5	transparent
#A2A2A2	7	103	163	6.5	7.5	102.5	103.5	transparent
#AAAAAA	8	103	171	7.5	8.5	102.5	103.5	transparent
#AFAFAF	9	103	176	8.5	9.5	102.5	103.5	transparent
#B3B3B3	10	103	180	9.5	10.5	102.5	103.5	transparent
#B5B5B5	11	103	182	10.5	11.5	102.5	103.5	transparent
#B5B5B5	12	103	182	11.5	12.5	102.5	103.5	transparent
#B5B5B5	13	103	182	12.5	13.5	102.5	103.5	transparent
#B4B4B4	14	103	181	13.5	14.5	102.5	103.5	transparent
#A5A5A5	15	103	166	14.5	15.5	102.5	103.5	transparent
#9D9D9D	16	103	158	15.5	16.5	102.5	103.5	transparent
#A2A2A2	17	103	163	16.5	17.5	102.5	103.5	transparent
#9F9F9F	18	103	160	17.5	18.5	102.5	103.5	transparent
#9C9C9C	19	103	157	18.5	19.5	102.5	103.5	transparent
#979797	20	103	152	19.5	20.5	102.5	103.5	transparent
#949494	21	103	149	20.5	21.5	102.5	103.5	transparent
#919191	22	103	146	21.5	22.5	102.5	103.5	transparent
#8F8F8F	23	103	144	22.5	23.5	102.5	103.5	transparent
#8F8F8F	24	103	144	23.5	24.5	102.5	103.5	transparent
#9B9B9B	25	103	156	24.5	25.5	102.5	103.5	transparent
#A5A5A5	26	103	166	25.5	26.5	102.5	103.5	transparent
#A7A7A7	27	103	168	26.5	27.5	102.5	103.5	transparent
#9E9E9E	28	103	159	27.5	28.5	102.5	103.5	transparent
#757575	29	103	118	28.5	29.5	102.5	103.5	transparent
#5B5B5B	30	103	92	29.5	30.5	102.5	103.5	transparent
#575757	31	103	88	30.5	31.5	102.5	103.5	transparent
#575757	32	103	88	31.5	32.5	102.5	103.5	transparent
#545454	33	103	85	32.5	33.5	102.5	103.5	transparent
#4B4B4B	34	103	76	33.5	34.5	102.5	103.5	transparent
#404040	35	103	65	34.5	35.5	102.5	103.5	transparent
#3C3C3C	36	103	61	35.5	36.5	102.5	103.5	transparent
#3C3C3C	37	103	61	36.5	37.5	102.5	103.5	transparent
#3B3B3B	38	103	60	37.5	38.5	102.5	103.5	transparent
#393939	39	103	58	38.5	39.5	102.5	103.5	transparent
#323232	40	103	51	39.5	40.5	102.5	103.5	transparent
#292929	41	103	42	40.5	41.5	102.5	103.5	transparent
#232323	42	103	36	41.5	42.5	102.5	103.5	transparent
#212121	43	103	34	42.5	43.5	102.5	103.5	transparent
#1F1F1F	44	103	32	43.5	44.5	102.5	103.5	transparent
#222222	45	103	35	44.5	45.5	102.5	103.5	transparent
#232323	46	103	36	45.5	46.5	102.5	103.5	transparent
#212121	47	103	34	46.5	47.5	102.5	103.5	transparent
#222222	48	103	35	47.5	48.5	102.5	103.5	transparent
#252525	49	103	38	48.5	49.5	102.5	103.5	transparent
#232323	50	103	36	49.5	50.5	102.5	103.5	transparent
#212121	51	103	34	50.5	51.5	102.5	103.5	transparent
#222222	52	103	35	51.5	52.5	102.5	103.5	transparent
#272727	53	103	40	52.5	53.5	102.5	103.5	transparent
#282828	54	103	41	53.5	54.5	102.5	103.5	transparent
#272727	55	103	40	54.5	55.5	102.5	103.5	transparent
#2C2C2C	56	103	45	55.5	56.5	102.5	103.5	transparent
#323232	57	103	51	56.5	57.5	102.5	103.5	transparent
#3C3C3C	58	103	61	57.5	58.5	102.5	103.5	transparent
#444444	59	103	69	58.5	59.5	102.5	103.5	transparent
#494949	60	103	74	59.5	60.5	102.5	103.5	transparent
#484848	61	103	73	60.5	61.5	102.5	103.5	transparent
#505050	62	103	81	61.5	62.5	102.5	103.5	transparent
#515151	63	103	82	62.5	63.5	102.5	103.5	transparent
#515151	64	103	82	63.5	64.5	102.5	103.5	transparent
#616161	65	103	98	64.5	65.5	102.5	103.5	transparent
#717171	66	103	114	65.5	66.5	102.5	103.5	transparent
#818181	67	103	130	66.5	67.5	102.5	103.5	transparent
#979797	68	103	152	67.5	68.5	102.5	103.5	transparent
#939393	69	103	148	68.5	69.5	102.5	103.5	transparent
#959595	70	103	150	69.5	70.5	102.5	103.5	transparent
#A2A2A2	71	103	163	70.5	71.5	102.5	103.5	transparent
#9F9F9F	72	103	160	71.5	72.5	102.5	103.5	transparent
#A3A3A3	73	103	164	72.5	73.5	102.5	103.5	transparent
#B0B0B0	74	103	177	73.5	74.5	102.5	103.5	transparent
#A4A4A4	75	103	165	74.5	75.5	102.5	103.5	transparent
#909090	76	103	145	75.5	76.5	102.5	103.5	transparent
#757575	77	103	118	76.5	77.5	102.5	103.5	transparent
#626262	78	103	99	77.5	78.5	102.5	103.5	transparent
#4F4F4F	79	103	80	78.5	79.5	102.5	103.5	transparent
#474747	80	103	72	79.5	80.5	102.5	103.5	transparent
#4B4B4B	81	103	76	80.5	81.5	102.5	103.5	transparent
#4A4A4A	82	103	75	81.5	82.5	102.5	103.5	transparent
#454545	83	103	70	82.5	83.5	102.5	103.5	transparent
#3E3E3E	84	103	63	83.5	84.5	102.5	103.5	transparent
#3B3B3B	85	103	60	84.5	85.5	102.5	103.5	transparent
#3B3B3B	86	103	60	85.5	86.5	102.5	103.5	transparent
#383838	87	103	57	86.5	87.5	102.5	103.5	transparent
#353535	88	103	54	87.5	88.5	102.5	103.5	transparent
#393939	89	103	58	88.5	89.5	102.5	103.5	transparent
#383838	90	103	57	89.5	90.5	102.5	103.5	transparent
#3C3C3C	91	103	61	90.5	91.5	102.5	103.5	transparent
#3A3A3A	92	103	59	91.5	92.5	102.5	103.5	transparent
#373737	93	103	56	92.5	93.5	102.5	103.5	transparent
#353535	94	103	54	93.5	94.5	102.5	103.5	transparent
#333333	95	103	52	94.5	95.5	102.5	103.5	transparent
#353535	96	103	54	95.5	96.5	102.5	103.5	transparent
#383838	97	103	57	96.5	97.5	102.5	103.5	transparent
#383838	98	103	57	97.5	98.5	102.5	103.5	transparent
#393939	99	103	58	98.5	99.5	102.5	103.5	transparent
#3D3D3D	100	103	62	99.5	100.5	102.5	103.5	transparent
#3F3F3F	101	103	64	100.5	101.5	102.5	103.5	transparent
#414141	102	103	66	101.5	102.5	102.5	103.5	transparent
#464646	103	103	71	102.5	103.5	102.5	103.5	transparent
#484848	104	103	73	103.5	104.5	102.5	103.5	transparent
#4A4A4A	105	103	75	104.5	105.5	102.5	103.5	transparent
#494949	106	103	74	105.5	106.5	102.5	103.5	transparent
#4A4A4A	107	103	75	106.5	107.5	102.5	103.5	transparent
#4B4B4B	108	103	76	107.5	108.5	102.5	103.5	transparent
#525252	109	103	83	108.5	109.5	102.5	103.5	transparent
#5E5E5E	110	103	95	109.5	110.5	102.5	103.5	transparent
#6A6A6A	111	103	107	110.5	111.5	102.5	103.5	transparent
#777777	112	103	120	111.5	112.5	102.5	103.5	transparent
#919191	113	103	146	112.5	113.5	102.5	103.5	transparent
#ABABAB	114	103	172	113.5	114.5	102.5	103.5	transparent
#B8B8B8	115	103	185	114.5	115.5	102.5	103.5	transparent
#B9B9B9	116	103	186	115.5	116.5	102.5	103.5	transparent
#ADADAD	117	103	174	116.5	117.5	102.5	103.5	transparent
#A6A6A6	118	103	167	117.5	118.5	102.5	103.5	transparent
#A2A2A2	119	103	163	118.5	119.5	102.5	103.5	transparent
#A4A4A4	120	103	165	119.5	120.5	102.5	103.5	transparent
#A7A7A7	121	103	168	120.5	121.5	102.5	103.5	transparent
#A7A7A7	122	103	168	121.5	122.5	102.5	103.5	transparent
#A9A9A9	123	103	170	122.5	123.5	102.5	103.5	transparent
#ACACAC	124	103	173	123.5	124.5	102.5	103.5	transparent
#AFAFAF	125	103	176	124.5	125.5	102.5	103.5	transparent
#AFAFAF	126	103	176	125.5	126.5	102.5	103.5	transparent
#AFAFAF	127	103	176	126.5	127.5	102.5	103.5	transparent
#B6B6B6	128	103	183	127.5	128.5	102.5	103.5	transparent
#C4C4C4	129	103	197	128.5	129.5	102.5	103.5	transparent
#C4C4C4	130	103	197	129.5	130.5	102.5	103.5	transparent
#BFBFBF	131	103	192	130.5	131.5	102.5	103.5	transparent
#C2C2C2	132	103	195	131.5	132.5	102.5	103.5	transparent
#BEBEBE	133	103	191	132.5	133.5	102.5	103.5	transparent
#BCBCBC	134	103	189	133.5	134.5	102.5	103.5	transparent
#BABABA	135	103	187	134.5	135.5	102.5	103.5	transparent
#B7B7B7	136	103	184	135.5	136.5	102.5	103.5	transparent
#B8B8B8	137	103	185	136.5	137.5	102.5	103.5	transparent
#C4C4C4	138	103	197	137.5	138.5	102.5	103.5	transparent
#D3D3D3	139	103	212	138.5	139.5	102.5	103.5	transparent
#959595	0	102	150	-0.5	0.5	101.5	102.5	transparent
#929292	1	102	147	0.5	1.5	101.5	102.5	transparent
#959595	2	102	150	1.5	2.5	101.5	102.5	transparent
#9D9D9D	3	102	158	2.5	3.5	101.5	102.5	transparent
#A4A4A4	4	102	165	3.5	4.5	101.5	102.5	transparent
#A2A2A2	5	102	163	4.5	5.5	101.5	102.5	transparent
#9E9E9E	6	102	159	5.5	6.5	101.5	102.5	transparent
#9E9E9E	7	102	159	6.5	7.5	101.5	102.5	transparent
#A3A3A3	8	102	164	7.5	8.5	101.5	102.5	transparent
#AEAEAE	9	102	175	8.5	9.5	101.5	102.5	transparent
#B3B3B3	10	102	180	9.5	10.5	101.5	102.5	transparent
#B1B1B1	11	102	178	10.5	11.5	101.5	102.5	transparent
#ADADAD	12	102	174	11.5	12.5	101.5	102.5	transparent
#AEAEAE	13	102	175	12.5	13.5	101.5	102.5	transparent
#B2B2B2	14	102	179	13.5	14.5	101.5	102.5	transparent
#A8A8A8	15	102	169	14.5	15.5	101.5	102.5	transparent
#9C9C9C	16	102	157	15.5	16.5	101.5	102.5	transparent
#A2A2A2	17	102	163	16.5	17.5	101.5	102.5	transparent
#A2A2A2	18	102	163	17.5	18.5	101.5	102.5	transparent
#9E9E9E	19	102	159	18.5	19.5	101.5	102.5	transparent
#9A9A9A	20	102	155	19.5	20.5	101.5	102.5	transparent
#979797	21	102	152	20.5	21.5	101.5	102.5	transparent
#929292	22	102	147	21.5	22.5	101.5	102.5	transparent
#919191	23	102	146	22.5	23.5	101.5	102.5	transparent
#949494	24	102	149	23.5	24.5	101.5	102.5	transparent
#A3A3A3	25	102	164	24.5	25.5	101.5	102.5	transparent
#A5A5A5	26	102	166	25.5	26.5	101.5	102.5	transparent
#ADADAD	27	102	174	26.5	27.5	101.5	102.5	transparent
#8E8E8E	28	102	143	27.5	28.5	101.5	102.5	transparent
#656565	29	102	102	28.5	29.5	101.5	102.5	transparent
#5D5D5D	30	102	94	29.5	30.5	101.5	102.5	transparent
#5C5C5C	31	102	93	30.5	31.5	101.5	102.5	transparent
#565656	32	102	87	31.5	32.5	101.5	102.5	transparent
#505050	33	102	81	32.5	33.5	101.5	102.5	transparent
#4C4C4C	34	102	77	33.5	34.5	101.5	102.5	transparent
#484848	35	102	73	34.5	35.5	101.5	102.5	transparent
#424242	36	102	67	35.5	36.5	101.5	102.5	transparent
#383838	37	102	57	36.5	37.5	101.5	102.5	transparent
#2D2D2D	38	102	46	37.5	38.5	101.5	102.5	transparent
#282828	39	102	41	38.5	39.5	101.5	102.5	transparent
#272727	40	102	40	39.5	40.5	101.5	102.5	transparent
#272727	41	102	40	40.5	41.5	101.5	102.5	transparent
#232323	42	102	36	41.5	42.5	101.5	102.5	transparent
#222222	43	102	35	42.5	43.5	101.5	102.5	transparent
#202020	44	102	33	43.5	44.5	101.5	102.5	transparent
#1E1E1E	45	102	31	44.5	45.5	101.5	102.5	transparent
#212121	46	102	34	45.5	46.5	101.5	102.5	transparent
#212121	47	102	34	46.5	47.5	101.5	102.5	transparent
#222222	48	102	35	47.5	48.5	101.5	102.5	transparent
#252525	49	102	38	48.5	49.5	101.5	102.5	transparent
#222222	50	102	35	49.5	50.5	101.5	102.5	transparent
#212121	51	102	34	50.5	51.5	101.5	102.5	transparent
#202020	52	102	33	51.5	52.5	101.5	102.5	transparent
#212121	53	102	34	52.5	53.5	101.5	102.5	transparent
#272727	54	102	40	53.5	54.5	101.5	102.5	transparent
#282828	55	102	41	54.5	55.5	101.5	102.5	transparent
#2A2A2A	56	102	43	55.5	56.5	101.5	102.5	transparent
#2C2C2C	57	102	45	56.5	57.5	101.5	102.5	transparent
#333333	58	102	52	57.5	58.5	101.5	102.5	transparent
#3D3D3D	59	102	62	58.5	59.5	101.5	102.5	transparent
#494949	60	102	74	59.5	60.5	101.5	102.5	transparent
#484848	61	102	73	60.5	61.5	101.5	102.5	transparent
#4B4B4B	62	102	76	61.5	62.5	101.5	102.5	transparent
#535353	63	102	84	62.5	63.5	101.5	102.5	transparent
#545454	64	102	85	63.5	64.5	101.5	102.5	transparent
#626262	65	102	99	64.5	65.5	101.5	102.5	transparent
#717171	66	102	114	65.5	66.5	101.5	102.5	transparent
#828282	67	102	131	66.5	67.5	101.5	102.5	transparent
#939393	68	102	148	67.5	68.5	101.5	102.5	transparent
#8F8F8F	69	102	144	68.5	69.5	101.5	102.5	transparent
#919191	70	102	146	69.5	70.5	101.5	102.5	transparent
#9B9B9B	71	102	156	70.5	71.5	101.5	102.5	transparent
#9A9A9A	72	102	155	71.5	72.5	101.5	102.5	transparent
#A4A4A4	73	102	165	72.5	73.5	101.5	102.5	transparent
#AFAFAF	74	102	176	73.5	74.5	101.5	102.5	transparent
#9F9F9F	75	102	160	74.5	75.5	101.5	102.5	transparent
#8F8F8F	76	102	144	75.5	76.5	101.5	102.5	transparent
#818181	77	102	130	76.5	77.5	101.5	102.5	transparent
#747474	78	102	117	77.5	78.5	101.5	102.5	transparent
#5E5E5E	79	102	95	78.5	79.5	101.5	102.5	transparent
#4C4C4C	80	102	77	79.5	80.5	101.5	102.5	transparent
#4A4A4A	81	102	75	80.5	81.5	101.5	102.5	transparent
#474747	82	102	72	81.5	82.5	101.5	102.5	transparent
#464646	83	102	71	82.5	83.5	101.5	102.5	transparent
#424242	84	102	67	83.5	84.5	101.5	102.5	transparent
#3E3E3E	85	102	63	84.5	85.5	101.5	102.5	transparent
#383838	86	102	57	85.5	86.5	101.5	102.5	transparent
#323232	87	102	51	86.5	87.5	101.5	102.5	transparent
#2D2D2D	88	102	46	87.5	88.5	101.5	102.5	transparent
#323232	89	102	51	88.5	89.5	101.5	102.5	transparent
#333333	90	102	52	89.5	90.5	101.5	102.5	transparent
#303030	91	102	49	90.5	91.5	101.5	102.5	transparent
#2E2E2E	92	102	47	91.5	92.5	101.5	102.5	transparent
#2C2C2C	93	102	45	92.5	93.5	101.5	102.5	transparent
#2B2B2B	94	102	44	93.5	94.5	101.5	102.5	transparent
#2B2B2B	95	102	44	94.5	95.5	101.5	102.5	transparent
#2C2C2C	96	102	45	95.5	96.5	101.5	102.5	transparent
#2E2E2E	97	102	47	96.5	97.5	101.5	102.5	transparent
#333333	98	102	52	97.5	98.5	101.5	102.5	transparent
#383838	99	102	57	98.5	99.5	101.5	102.5	transparent
#3F3F3F	100	102	64	99.5	100.5	101.5	102.5	transparent
#424242	101	102	67	100.5	101.5	101.5	102.5	transparent
#464646	102	102	71	101.5	102.5	101.5	102.5	transparent
#474747	103	102	72	102.5	103.5	101.5	102.5	transparent
#464646	104	102	71	103.5	104.5	101.5	102.5	transparent
#4A4A4A	105	102	75	104.5	105.5	101.5	102.5	transparent
#505050	106	102	81	105.5	106.5	101.5	102.5	transparent
#515151	107	102	82	106.5	107.5	101.5	102.5	transparent
#525252	108	102	83	107.5	108.5	101.5	102.5	transparent
#555555	109	102	86	108.5	109.5	101.5	102.5	transparent
#5D5D5D	110	102	94	109.5	110.5	101.5	102.5	transparent
#656565	111	102	102	110.5	111.5	101.5	102.5	transparent
#6E6E6E	112	102	111	111.5	112.5	101.5	102.5	transparent
#7A7A7A	113	102	123	112.5	113.5	101.5	102.5	transparent
#A1A1A1	114	102	162	113.5	114.5	101.5	102.5	transparent
#B9B9B9	115	102	186	114.5	115.5	101.5	102.5	transparent
#B9B9B9	116	102	186	115.5	116.5	101.5	102.5	transparent
#B5B5B5	117	102	182	116.5	117.5	101.5	102.5	transparent
#A9A9A9	118	102	170	117.5	118.5	101.5	102.5	transparent
#A4A4A4	119	102	165	118.5	119.5	101.5	102.5	transparent
#A5A5A5	120	102	166	119.5	120.5	101.5	102.5	transparent
#A7A7A7	121	102	168	120.5	121.5	101.5	102.5	transparent
#A9A9A9	122	102	170	121.5	122.5	101.5	102.5	transparent
#AAAAAA	123	102	171	122.5	123.5	101.5	102.5	transparent
#ADADAD	124	102	174	123.5	124.5	101.5	102.5	transparent
#B1B1B1	125	102	178	124.5	125.5	101.5	102.5	transparent
#B2B2B2	126	102	179	125.5	126.5	101.5	102.5	transparent
#B1B1B1	127	102	178	126.5	127.5	101.5	102.5	transparent
#BABABA	128	102	187	127.5	128.5	101.5	102.5	transparent
#C2C2C2	129	102	195	128.5	129.5	101.5	102.5	transparent
#C1C1C1	130	102	194	129.5	130.5	101.5	102.5	transparent
#BEBEBE	131	102	191	130.5	131.5	101.5	102.5	transparent
#C0C0C0	132	102	193	131.5	132.5	101.5	102.5	transparent
#C2C2C2	133	102	195	132.5	133.5	101.5	102.5	transparent
#C1C1C1	134	102	194	133.5	134.5	101.5	102.5	transparent
#BABABA	135	102	187	134.5	135.5	101.5	102.5	transparent
#B6B6B6	136	102	183	135.5	136.5	101.5	102.5	transparent
#B7B7B7	137	102	184	136.5	137.5	101.5	102.5	transparent
#C6C6C6	138	102	199	137.5	138.5	101.5	102.5	transparent
#D7D7D7	139	102	216	138.5	139.5	101.5	102.5	transparent
#989898	0	101	153	-0.5	0.5	100.5	101.5	transparent
#979797	1	101	152	0.5	1.5	100.5	101.5	transparent
#A3A3A3	2	101	164	1.5	2.5	100.5	101.5	transparent
#ABABAB	3	101	172	2.5	3.5	100.5	101.5	transparent
#A7A7A7	4	101	168	3.5	4.5	100.5	101.5	transparent
#A0A0A0	5	101	161	4.5	5.5	100.5	101.5	transparent
#9C9C9C	6	101	157	5.5	6.5	100.5	101.5	transparent
#9D9D9D	7	101	158	6.5	7.5	100.5	101.5	transparent
#9D9D9D	8	101	158	7.5	8.5	100.5	101.5	transparent
#A6A6A6	9	101	167	8.5	9.5	100.5	101.5	transparent
#ABABAB	10	101	172	9.5	10.5	100.5	101.5	transparent
#A7A7A7	11	101	168	10.5	11.5	100.5	101.5	transparent
#A6A6A6	12	101	167	11.5	12.5	100.5	101.5	transparent
#ABABAB	13	101	172	12.5	13.5	100.5	101.5	transparent
#B0B0B0	14	101	177	13.5	14.5	100.5	101.5	transparent
#ADADAD	15	101	174	14.5	15.5	100.5	101.5	transparent
#9F9F9F	16	101	160	15.5	16.5	100.5	101.5	transparent
#A2A2A2	17	101	163	16.5	17.5	100.5	101.5	transparent
#A2A2A2	18	101	163	17.5	18.5	100.5	101.5	transparent
#9E9E9E	19	101	159	18.5	19.5	100.5	101.5	transparent
#999999	20	101	154	19.5	20.5	100.5	101.5	transparent
#979797	21	101	152	20.5	21.5	100.5	101.5	transparent
#949494	22	101	149	21.5	22.5	100.5	101.5	transparent
#929292	23	101	147	22.5	23.5	100.5	101.5	transparent
#9B9B9B	24	101	156	23.5	24.5	100.5	101.5	transparent
#A6A6A6	25	101	167	24.5	25.5	100.5	101.5	transparent
#A7A7A7	26	101	168	25.5	26.5	100.5	101.5	transparent
#ABABAB	27	101	172	26.5	27.5	100.5	101.5	transparent
#7E7E7E	28	101	127	27.5	28.5	100.5	101.5	transparent
#656565	29	101	102	28.5	29.5	100.5	101.5	transparent
#606060	30	101	97	29.5	30.5	100.5	101.5	transparent
#565656	31	101	87	30.5	31.5	100.5	101.5	transparent
#525252	32	101	83	31.5	32.5	100.5	101.5	transparent
#525252	33	101	83	32.5	33.5	100.5	101.5	transparent
#4F4F4F	34	101	80	33.5	34.5	100.5	101.5	transparent
#414141	35	101	66	34.5	35.5	100.5	101.5	transparent
#353535	36	101	54	35.5	36.5	100.5	101.5	transparent
#2E2E2E	37	101	47	36.5	37.5	100.5	101.5	transparent
#2A2A2A	38	101	43	37.5	38.5	100.5	101.5	transparent
#282828	39	101	41	38.5	39.5	100.5	101.5	transparent
#272727	40	101	40	39.5	40.5	100.5	101.5	transparent
#262626	41	101	39	40.5	41.5	100.5	101.5	transparent
#242424	42	101	37	41.5	42.5	100.5	101.5	transparent
#232323	43	101	36	42.5	43.5	100.5	101.5	transparent
#222222	44	101	35	43.5	44.5	100.5	101.5	transparent
#1F1F1F	45	101	32	44.5	45.5	100.5	101.5	transparent
#1D1D1D	46	101	30	45.5	46.5	100.5	101.5	transparent
#1F1F1F	47	101	32	46.5	47.5	100.5	101.5	transparent
#202020	48	101	33	47.5	48.5	100.5	101.5	transparent
#212121	49	101	34	48.5	49.5	100.5	101.5	transparent
#222222	50	101	35	49.5	50.5	100.5	101.5	transparent
#202020	51	101	33	50.5	51.5	100.5	101.5	transparent
#212121	52	101	34	51.5	52.5	100.5	101.5	transparent
#222222	53	101	35	52.5	53.5	100.5	101.5	transparent
#252525	54	101	38	53.5	54.5	100.5	101.5	transparent
#272727	55	101	40	54.5	55.5	100.5	101.5	transparent
#2A2A2A	56	101	43	55.5	56.5	100.5	101.5	transparent
#2F2F2F	57	101	48	56.5	57.5	100.5	101.5	transparent
#323232	58	101	51	57.5	58.5	100.5	101.5	transparent
#363636	59	101	55	58.5	59.5	100.5	101.5	transparent
#404040	60	101	65	59.5	60.5	100.5	101.5	transparent
#454545	61	101	70	60.5	61.5	100.5	101.5	transparent
#494949	62	101	74	61.5	62.5	100.5	101.5	transparent
#4C4C4C	63	101	77	62.5	63.5	100.5	101.5	transparent
#525252	64	101	83	63.5	64.5	100.5	101.5	transparent
#5E5E5E	65	101	95	64.5	65.5	100.5	101.5	transparent
#707070	66	101	113	65.5	66.5	100.5	101.5	transparent
#8A8A8A	67	101	139	66.5	67.5	100.5	101.5	transparent
#969696	68	101	151	67.5	68.5	100.5	101.5	transparent
#939393	69	101	148	68.5	69.5	100.5	101.5	transparent
#959595	70	101	150	69.5	70.5	100.5	101.5	transparent
#9A9A9A	71	101	155	70.5	71.5	100.5	101.5	transparent
#9E9E9E	72	101	159	71.5	72.5	100.5	101.5	transparent
#ABABAB	73	101	172	72.5	73.5	100.5	101.5	transparent
#B1B1B1	74	101	178	73.5	74.5	100.5	101.5	transparent
#A6A6A6	75	101	167	74.5	75.5	100.5	101.5	transparent
#999999	76	101	154	75.5	76.5	100.5	101.5	transparent
#8A8A8A	77	101	139	76.5	77.5	100.5	101.5	transparent
#808080	78	101	129	77.5	78.5	100.5	101.5	transparent
#727272	79	101	115	78.5	79.5	100.5	101.5	transparent
#575757	80	101	88	79.5	80.5	100.5	101.5	transparent
#474747	81	101	72	80.5	81.5	100.5	101.5	transparent
#434343	82	101	68	81.5	82.5	100.5	101.5	transparent
#434343	83	101	68	82.5	83.5	100.5	101.5	transparent
#3F3F3F	84	101	64	83.5	84.5	100.5	101.5	transparent
#373737	85	101	56	84.5	85.5	100.5	101.5	transparent
#303030	86	101	49	85.5	86.5	100.5	101.5	transparent
#2D2D2D	87	101	46	86.5	87.5	100.5	101.5	transparent
#2A2A2A	88	101	43	87.5	88.5	100.5	101.5	transparent
#2C2C2C	89	101	45	88.5	89.5	100.5	101.5	transparent
#2F2F2F	90	101	48	89.5	90.5	100.5	101.5	transparent
#2E2E2E	91	101	47	90.5	91.5	100.5	101.5	transparent
#2F2F2F	92	101	48	91.5	92.5	100.5	101.5	transparent
#303030	93	101	49	92.5	93.5	100.5	101.5	transparent
#2A2A2A	94	101	43	93.5	94.5	100.5	101.5	transparent
#292929	95	101	42	94.5	95.5	100.5	101.5	transparent
#292929	96	101	42	95.5	96.5	100.5	101.5	transparent
#2A2A2A	97	101	43	96.5	97.5	100.5	101.5	transparent
#2C2C2C	98	101	45	97.5	98.5	100.5	101.5	transparent
#313131	99	101	50	98.5	99.5	100.5	101.5	transparent
#333333	100	101	52	99.5	100.5	100.5	101.5	transparent
#373737	101	101	56	100.5	101.5	100.5	101.5	transparent
#3F3F3F	102	101	64	101.5	102.5	100.5	101.5	transparent
#494949	103	101	74	102.5	103.5	100.5	101.5	transparent
#4F4F4F	104	101	80	103.5	104.5	100.5	101.5	transparent
#505050	105	101	81	104.5	105.5	100.5	101.5	transparent
#4F4F4F	106	101	80	105.5	106.5	100.5	101.5	transparent
#515151	107	101	82	106.5	107.5	100.5	101.5	transparent
#5A5A5A	108	101	91	107.5	108.5	100.5	101.5	transparent
#606060	109	101	97	108.5	109.5	100.5	101.5	transparent
#616161	110	101	98	109.5	110.5	100.5	101.5	transparent
#636363	111	101	100	110.5	111.5	100.5	101.5	transparent
#686868	112	101	105	111.5	112.5	100.5	101.5	transparent
#717171	113	101	114	112.5	113.5	100.5	101.5	transparent
#888888	114	101	137	113.5	114.5	100.5	101.5	transparent
#B6B6B6	115	101	183	114.5	115.5	100.5	101.5	transparent
#BBBBBB	116	101	188	115.5	116.5	100.5	101.5	transparent
#BABABA	117	101	187	116.5	117.5	100.5	101.5	transparent
#AEAEAE	118	101	175	117.5	118.5	100.5	101.5	transparent
#A6A6A6	119	101	167	118.5	119.5	100.5	101.5	transparent
#A5A5A5	120	101	166	119.5	120.5	100.5	101.5	transparent
#A8A8A8	121	101	169	120.5	121.5	100.5	101.5	transparent
#A9A9A9	122	101	170	121.5	122.5	100.5	101.5	transparent
#ABABAB	123	101	172	122.5	123.5	100.5	101.5	transparent
#ADADAD	124	101	174	123.5	124.5	100.5	101.5	transparent
#B1B1B1	125	101	178	124.5	125.5	100.5	101.5	transparent
#B2B2B2	126	101	179	125.5	126.5	100.5	101.5	transparent
#B2B2B2	127	101	179	126.5	127.5	100.5	101.5	transparent
#BCBCBC	128	101	189	127.5	128.5	100.5	101.5	transparent
#C1C1C1	129	101	194	128.5	129.5	100.5	101.5	transparent
#BEBEBE	130	101	191	129.5	130.5	100.5	101.5	transparent
#BABABA	131	101	187	130.5	131.5	100.5	101.5	transparent
#BABABA	132	101	187	131.5	132.5	100.5	101.5	transparent
#BCBCBC	133	101	189	132.5	133.5	100.5	101.5	transparent
#BCBCBC	134	101	189	133.5	134.5	100.5	101.5	transparent
#B3B3B3	135	101	180	134.5	135.5	100.5	101.5	transparent
#B2B2B2	136	101	179	135.5	136.5	100.5	101.5	transparent
#B7B7B7	137	101	184	136.5	137.5	100.5	101.5	transparent
#C8C8C8	138	101	201	137.5	138.5	100.5	101.5	transparent
#D8D8D8	139	101	217	138.5	139.5	100.5	101.5	transparent
#A0A0A0	0	100	161	-0.5	0.5	99.5	100.5	transparent
#A7A7A7	1	100	168	0.5	1.5	99.5	100.5	transparent
#A5A5A5	2	100	166	1.5	2.5	99.5	100.5	transparent
#969696	3	100	151	2.5	3.5	99.5	100.5	transparent
#8F8F8F	4	100	144	3.5	4.5	99.5	100.5	transparent
#909090	5	100	145	4.5	5.5	99.5	100.5	transparent
#949494	6	100	149	5.5	6.5	99.5	100.5	transparent
#989898	7	100	153	6.5	7.5	99.5	100.5	transparent
#989898	8	100	153	7.5	8.5	99.5	100.5	transparent
#9D9D9D	9	100	158	8.5	9.5	99.5	100.5	transparent
#A7A7A7	10	100	168	9.5	10.5	99.5	100.5	transparent
#A7A7A7	11	100	168	10.5	11.5	99.5	100.5	transparent
#A5A5A5	12	100	166	11.5	12.5	99.5	100.5	transparent
#A9A9A9	13	100	170	12.5	13.5	99.5	100.5	transparent
#ADADAD	14	100	174	13.5	14.5	99.5	100.5	transparent
#AFAFAF	15	100	176	14.5	15.5	99.5	100.5	transparent
#A3A3A3	16	100	164	15.5	16.5	99.5	100.5	transparent
#A1A1A1	17	100	162	16.5	17.5	99.5	100.5	transparent
#A0A0A0	18	100	161	17.5	18.5	99.5	100.5	transparent
#9B9B9B	19	100	156	18.5	19.5	99.5	100.5	transparent
#979797	20	100	152	19.5	20.5	99.5	100.5	transparent
#959595	21	100	150	20.5	21.5	99.5	100.5	transparent
#919191	22	100	146	21.5	22.5	99.5	100.5	transparent
#939393	23	100	148	22.5	23.5	99.5	100.5	transparent
#A1A1A1	24	100	162	23.5	24.5	99.5	100.5	transparent
#A8A8A8	25	100	169	24.5	25.5	99.5	100.5	transparent
#ACACAC	26	100	173	25.5	26.5	99.5	100.5	transparent
#A4A4A4	27	100	165	26.5	27.5	99.5	100.5	transparent
#797979	28	100	122	27.5	28.5	99.5	100.5	transparent
#646464	29	100	101	28.5	29.5	99.5	100.5	transparent
#575757	30	100	88	29.5	30.5	99.5	100.5	transparent
#585858	31	100	89	30.5	31.5	99.5	100.5	transparent
#565656	32	100	87	31.5	32.5	99.5	100.5	transparent
#474747	33	100	72	32.5	33.5	99.5	100.5	transparent
#3A3A3A	34	100	59	33.5	34.5	99.5	100.5	transparent
#363636	35	100	55	34.5	35.5	99.5	100.5	transparent
#333333	36	100	52	35.5	36.5	99.5	100.5	transparent
#313131	37	100	50	36.5	37.5	99.5	100.5	transparent
#2B2B2B	38	100	44	37.5	38.5	99.5	100.5	transparent
#252525	39	100	38	38.5	39.5	99.5	100.5	transparent
#252525	40	100	38	39.5	40.5	99.5	100.5	transparent
#242424	41	100	37	40.5	41.5	99.5	100.5	transparent
#252525	42	100	38	41.5	42.5	99.5	100.5	transparent
#242424	43	100	37	42.5	43.5	99.5	100.5	transparent
#202020	44	100	33	43.5	44.5	99.5	100.5	transparent
#202020	45	100	33	44.5	45.5	99.5	100.5	transparent
#1F1F1F	46	100	32	45.5	46.5	99.5	100.5	transparent
#1E1E1E	47	100	31	46.5	47.5	99.5	100.5	transparent
#1D1D1D	48	100	30	47.5	48.5	99.5	100.5	transparent
#1E1E1E	49	100	31	48.5	49.5	99.5	100.5	transparent
#232323	50	100	36	49.5	50.5	99.5	100.5	transparent
#252525	51	100	38	50.5	51.5	99.5	100.5	transparent
#232323	52	100	36	51.5	52.5	99.5	100.5	transparent
#272727	53	100	40	52.5	53.5	99.5	100.5	transparent
#2F2F2F	54	100	48	53.5	54.5	99.5	100.5	transparent
#303030	55	100	49	54.5	55.5	99.5	100.5	transparent
#2E2E2E	56	100	47	55.5	56.5	99.5	100.5	transparent
#2F2F2F	57	100	48	56.5	57.5	99.5	100.5	transparent
#333333	58	100	52	57.5	58.5	99.5	100.5	transparent
#3D3D3D	59	100	62	58.5	59.5	99.5	100.5	transparent
#3B3B3B	60	100	60	59.5	60.5	99.5	100.5	transparent
#363636	61	100	55	60.5	61.5	99.5	100.5	transparent
#404040	62	100	65	61.5	62.5	99.5	100.5	transparent
#474747	63	100	72	62.5	63.5	99.5	100.5	transparent
#4F4F4F	64	100	80	63.5	64.5	99.5	100.5	transparent
#5E5E5E	65	100	95	64.5	65.5	99.5	100.5	transparent
#717171	66	100	114	65.5	66.5	99.5	100.5	transparent
#8B8B8B	67	100	140	66.5	67.5	99.5	100.5	transparent
#919191	68	100	146	67.5	68.5	99.5	100.5	transparent
#8F8F8F	69	100	144	68.5	69.5	99.5	100.5	transparent
#989898	70	100	153	69.5	70.5	99.5	100.5	transparent
#9F9F9F	71	100	160	70.5	71.5	99.5	100.5	transparent
#A3A3A3	72	100	164	71.5	72.5	99.5	100.5	transparent
#ADADAD	73	100	174	72.5	73.5	99.5	100.5	transparent
#AFAFAF	74	100	176	73.5	74.5	99.5	100.5	transparent
#A6A6A6	75	100	167	74.5	75.5	99.5	100.5	transparent
#9A9A9A	76	100	155	75.5	76.5	99.5	100.5	transparent
#8C8C8C	77	100	141	76.5	77.5	99.5	100.5	transparent
#838383	78	100	132	77.5	78.5	99.5	100.5	transparent
#7A7A7A	79	100	123	78.5	79.5	99.5	100.5	transparent
#676767	80	100	104	79.5	80.5	99.5	100.5	transparent
#4A4A4A	81	100	75	80.5	81.5	99.5	100.5	transparent
#3A3A3A	82	100	59	81.5	82.5	99.5	100.5	transparent
#363636	83	100	55	82.5	83.5	99.5	100.5	transparent
#303030	84	100	49	83.5	84.5	99.5	100.5	transparent
#2E2E2E	85	100	47	84.5	85.5	99.5	100.5	transparent
#2F2F2F	86	100	48	85.5	86.5	99.5	100.5	transparent
#323232	87	100	51	86.5	87.5	99.5	100.5	transparent
#2C2C2C	88	100	45	87.5	88.5	99.5	100.5	transparent
#2C2C2C	89	100	45	88.5	89.5	99.5	100.5	transparent
#2F2F2F	90	100	48	89.5	90.5	99.5	100.5	transparent
#303030	91	100	49	90.5	91.5	99.5	100.5	transparent
#333333	92	100	52	91.5	92.5	99.5	100.5	transparent
#2E2E2E	93	100	47	92.5	93.5	99.5	100.5	transparent
#272727	94	100	40	93.5	94.5	99.5	100.5	transparent
#272727	95	100	40	94.5	95.5	99.5	100.5	transparent
#272727	96	100	40	95.5	96.5	99.5	100.5	transparent
#2B2B2B	97	100	44	96.5	97.5	99.5	100.5	transparent
#2D2D2D	98	100	46	97.5	98.5	99.5	100.5	transparent
#2E2E2E	99	100	47	98.5	99.5	99.5	100.5	transparent
#303030	100	100	49	99.5	100.5	99.5	100.5	transparent
#333333	101	100	52	100.5	101.5	99.5	100.5	transparent
#373737	102	100	56	101.5	102.5	99.5	100.5	transparent
#3B3B3B	103	100	60	102.5	103.5	99.5	100.5	transparent
#464646	104	100	71	103.5	104.5	99.5	100.5	transparent
#515151	105	100	82	104.5	105.5	99.5	100.5	transparent
#585858	106	100	89	105.5	106.5	99.5	100.5	transparent
#5B5B5B	107	100	92	106.5	107.5	99.5	100.5	transparent
#5C5C5C	108	100	93	107.5	108.5	99.5	100.5	transparent
#5F5F5F	109	100	96	108.5	109.5	99.5	100.5	transparent
#656565	110	100	102	109.5	110.5	99.5	100.5	transparent
#686868	111	100	105	110.5	111.5	99.5	100.5	transparent
#676767	112	100	104	111.5	112.5	99.5	100.5	transparent
#6C6C6C	113	100	109	112.5	113.5	99.5	100.5	transparent
#7A7A7A	114	100	123	113.5	114.5	99.5	100.5	transparent
#ABABAB	115	100	172	114.5	115.5	99.5	100.5	transparent
#BFBFBF	116	100	192	115.5	116.5	99.5	100.5	transparent
#BABABA	117	100	187	116.5	117.5	99.5	100.5	transparent
#B4B4B4	118	100	181	117.5	118.5	99.5	100.5	transparent
#A8A8A8	119	100	169	118.5	119.5	99.5	100.5	transparent
#A6A6A6	120	100	167	119.5	120.5	99.5	100.5	transparent
#A9A9A9	121	100	170	120.5	121.5	99.5	100.5	transparent
#ABABAB	122	100	172	121.5	122.5	99.5	100.5	transparent
#ACACAC	123	100	173	122.5	123.5	99.5	100.5	transparent
#AFAFAF	124	100	176	123.5	124.5	99.5	100.5	transparent
#B0B0B0	125	100	177	124.5	125.5	99.5	100.5	transparent
#B2B2B2	126	100	179	125.5	126.5	99.5	100.5	transparent
#B3B3B3	127	100	180	126.5	127.5	99.5	100.5	transparent
#BFBFBF	128	100	192	127.5	128.5	99.5	100.5	transparent
#C0C0C0	129	100	193	128.5	129.5	99.5	100.5	transparent
#BCBCBC	130	100	189	129.5	130.5	99.5	100.5	transparent
#B9B9B9	131	100	186	130.5	131.5	99.5	100.5	transparent
#BABABA	132	100	187	131.5	132.5	99.5	100.5	transparent
#BABABA	133	100	187	132.5	133.5	99.5	100.5	transparent
#B4B4B4	134	100	181	133.5	134.5	99.5	100.5	transparent
#AFAFAF	135	100	176	134.5	135.5	99.5	100.5	transparent
#AFAFAF	136	100	176	135.5	136.5	99.5	100.5	transparent
#B0B0B0	137	100	177	136.5	137.5	99.5	100.5	transparent
#C0C0C0	138	100	193	137.5	138.5	99.5	100.5	transparent
#D0D0D0	139	100	209	138.5	139.5	99.5	100.5	transparent
#A8A8A8	0	99	169	-0.5	0.5	98.5	99.5	transparent
#939393	1	99	148	0.5	1.5	98.5	99.5	transparent
#848484	2	99	133	1.5	2.5	98.5	99.5	transparent
#858585	3	99	134	2.5	3.5	98.5	99.5	transparent
#8B8B8B	4	99	140	3.5	4.5	98.5	99.5	transparent
#8E8E8E	5	99	143	4.5	5.5	98.5	99.5	transparent
#909090	6	99	145	5.5	6.5	98.5	99.5	transparent
#939393	7	99	148	6.5	7.5	98.5	99.5	transparent
#959595	8	99	150	7.5	8.5	98.5	99.5	transparent
#979797	9	99	152	8.5	9.5	98.5	99.5	transparent
#A5A5A5	10	99	166	9.5	10.5	98.5	99.5	transparent
#ACACAC	11	99	173	10.5	11.5	98.5	99.5	transparent
#A8A8A8	12	99	169	11.5	12.5	98.5	99.5	transparent
#A7A7A7	13	99	168	12.5	13.5	98.5	99.5	transparent
#ABABAB	14	99	172	13.5	14.5	98.5	99.5	transparent
#ADADAD	15	99	174	14.5	15.5	98.5	99.5	transparent
#A4A4A4	16	99	165	15.5	16.5	98.5	99.5	transparent
#9F9F9F	17	99	160	16.5	17.5	98.5	99.5	transparent
#9E9E9E	18	99	159	17.5	18.5	98.5	99.5	transparent
#999999	19	99	154	18.5	19.5	98.5	99.5	transparent
#969696	20	99	151	19.5	20.5	98.5	99.5	transparent
#929292	21	99	147	20.5	21.5	98.5	99.5	transparent
#919191	22	99	146	21.5	22.5	98.5	99.5	transparent
#969696	23	99	151	22.5	23.5	98.5	99.5	transparent
#A4A4A4	24	99	165	23.5	24.5	98.5	99.5	transparent
#A8A8A8	25	99	169	24.5	25.5	98.5	99.5	transparent
#B0B0B0	26	99	177	25.5	26.5	98.5	99.5	transparent
#9B9B9B	27	99	156	26.5	27.5	98.5	99.5	transparent
#727272	28	99	115	27.5	28.5	98.5	99.5	transparent
#646464	29	99	101	28.5	29.5	98.5	99.5	transparent
#5F5F5F	30	99	96	29.5	30.5	98.5	99.5	transparent
#525252	31	99	83	30.5	31.5	98.5	99.5	transparent
#414141	32	99	66	31.5	32.5	98.5	99.5	transparent
#393939	33	99	58	32.5	33.5	98.5	99.5	transparent
#353535	34	99	54	33.5	34.5	98.5	99.5	transparent
#343434	35	99	53	34.5	35.5	98.5	99.5	transparent
#323232	36	99	51	35.5	36.5	98.5	99.5	transparent
#2E2E2E	37	99	47	36.5	37.5	98.5	99.5	transparent
#2B2B2B	38	99	44	37.5	38.5	98.5	99.5	transparent
#282828	39	99	41	38.5	39.5	98.5	99.5	transparent
#262626	40	99	39	39.5	40.5	98.5	99.5	transparent
#242424	41	99	37	40.5	41.5	98.5	99.5	transparent
#242424	42	99	37	41.5	42.5	98.5	99.5	transparent
#262626	43	99	39	42.5	43.5	98.5	99.5	transparent
#252525	44	99	38	43.5	44.5	98.5	99.5	transparent
#232323	45	99	36	44.5	45.5	98.5	99.5	transparent
#242424	46	99	37	45.5	46.5	98.5	99.5	transparent
#222222	47	99	35	46.5	47.5	98.5	99.5	transparent
#222222	48	99	35	47.5	48.5	98.5	99.5	transparent
#222222	49	99	35	48.5	49.5	98.5	99.5	transparent
#232323	50	99	36	49.5	50.5	98.5	99.5	transparent
#262626	51	99	39	50.5	51.5	98.5	99.5	transparent
#242424	52	99	37	51.5	52.5	98.5	99.5	transparent
#262626	53	99	39	52.5	53.5	98.5	99.5	transparent
#2E2E2E	54	99	47	53.5	54.5	98.5	99.5	transparent
#343434	55	99	53	54.5	55.5	98.5	99.5	transparent
#393939	56	99	58	55.5	56.5	98.5	99.5	transparent
#333333	57	99	52	56.5	57.5	98.5	99.5	transparent
#323232	58	99	51	57.5	58.5	98.5	99.5	transparent
#393939	59	99	58	58.5	59.5	98.5	99.5	transparent
#3B3B3B	60	99	60	59.5	60.5	98.5	99.5	transparent
#333333	61	99	52	60.5	61.5	98.5	99.5	transparent
#313131	62	99	50	61.5	62.5	98.5	99.5	transparent
#3E3E3E	63	99	63	62.5	63.5	98.5	99.5	transparent
#4D4D4D	64	99	78	63.5	64.5	98.5	99.5	transparent
#5F5F5F	65	99	96	64.5	65.5	98.5	99.5	transparent
#747474	66	99	117	65.5	66.5	98.5	99.5	transparent
#949494	67	99	149	66.5	67.5	98.5	99.5	transparent
#939393	68	99	148	67.5	68.5	98.5	99.5	transparent
#8D8D8D	69	99	142	68.5	69.5	98.5	99.5	transparent
#969696	70	99	151	69.5	70.5	98.5	99.5	transparent
#9E9E9E	71	99	159	70.5	71.5	98.5	99.5	transparent
#A0A0A0	72	99	161	71.5	72.5	98.5	99.5	transparent
#ADADAD	73	99	174	72.5	73.5	98.5	99.5	transparent
#AFAFAF	74	99	176	73.5	74.5	98.5	99.5	transparent
#A8A8A8	75	99	169	74.5	75.5	98.5	99.5	transparent
#9B9B9B	76	99	156	75.5	76.5	98.5	99.5	transparent
#8B8B8B	77	99	140	76.5	77.5	98.5	99.5	transparent
#838383	78	99	132	77.5	78.5	98.5	99.5	transparent
#7A7A7A	79	99	123	78.5	79.5	98.5	99.5	transparent
#696969	80	99	106	79.5	80.5	98.5	99.5	transparent
#4A4A4A	81	99	75	80.5	81.5	98.5	99.5	transparent
#2F2F2F	82	99	48	81.5	82.5	98.5	99.5	transparent
#2F2F2F	83	99	48	82.5	83.5	98.5	99.5	transparent
#2E2E2E	84	99	47	83.5	84.5	98.5	99.5	transparent
#2C2C2C	85	99	45	84.5	85.5	98.5	99.5	transparent
#2A2A2A	86	99	43	85.5	86.5	98.5	99.5	transparent
#2D2D2D	87	99	46	86.5	87.5	98.5	99.5	transparent
#2F2F2F	88	99	48	87.5	88.5	98.5	99.5	transparent
#2F2F2F	89	99	48	88.5	89.5	98.5	99.5	transparent
#303030	90	99	49	89.5	90.5	98.5	99.5	transparent
#303030	91	99	49	90.5	91.5	98.5	99.5	transparent
#2D2D2D	92	99	46	91.5	92.5	98.5	99.5	transparent
#282828	93	99	41	92.5	93.5	98.5	99.5	transparent
#252525	94	99	38	93.5	94.5	98.5	99.5	transparent
#272727	95	99	40	94.5	95.5	98.5	99.5	transparent
#2B2B2B	96	99	44	95.5	96.5	98.5	99.5	transparent
#2C2C2C	97	99	45	96.5	97.5	98.5	99.5	transparent
#2D2D2D	98	99	46	97.5	98.5	98.5	99.5	transparent
#2E2E2E	99	99	47	98.5	99.5	98.5	99.5	transparent
#333333	100	99	52	99.5	100.5	98.5	99.5	transparent
#353535	101	99	54	100.5	101.5	98.5	99.5	transparent
#373737	102	99	56	101.5	102.5	98.5	99.5	transparent
#3A3A3A	103	99	59	102.5	103.5	98.5	99.5	transparent
#3F3F3F	104	99	64	103.5	104.5	98.5	99.5	transparent
#454545	105	99	70	104.5	105.5	98.5	99.5	transparent
#515151	106	99	82	105.5	106.5	98.5	99.5	transparent
#5C5C5C	107	99	93	106.5	107.5	98.5	99.5	transparent
#636363	108	99	100	107.5	108.5	98.5	99.5	transparent
#636363	109	99	100	108.5	109.5	98.5	99.5	transparent
#626262	110	99	99	109.5	110.5	98.5	99.5	transparent
#676767	111	99	104	110.5	111.5	98.5	99.5	transparent
#6B6B6B	112	99	108	111.5	112.5	98.5	99.5	transparent
#6D6D6D	113	99	110	112.5	113.5	98.5	99.5	transparent
#767676	114	99	119	113.5	114.5	98.5	99.5	transparent
#9E9E9E	115	99	159	114.5	115.5	98.5	99.5	transparent
#C0C0C0	116	99	193	115.5	116.5	98.5	99.5	transparent
#BBBBBB	117	99	188	116.5	117.5	98.5	99.5	transparent
#B7B7B7	118	99	184	117.5	118.5	98.5	99.5	transparent
#ABABAB	119	99	172	118.5	119.5	98.5	99.5	transparent
#A6A6A6	120	99	167	119.5	120.5	98.5	99.5	transparent
#A9A9A9	121	99	170	120.5	121.5	98.5	99.5	transparent
#ABABAB	122	99	172	121.5	122.5	98.5	99.5	transparent
#ADADAD	123	99	174	122.5	123.5	98.5	99.5	transparent
#AFAFAF	124	99	176	123.5	124.5	98.5	99.5	transparent
#B1B1B1	125	99	178	124.5	125.5	98.5	99.5	transparent
#B2B2B2	126	99	179	125.5	126.5	98.5	99.5	transparent
#B6B6B6	127	99	183	126.5	127.5	98.5	99.5	transparent
#C0C0C0	128	99	193	127.5	128.5	98.5	99.5	transparent
#BFBFBF	129	99	192	128.5	129.5	98.5	99.5	transparent
#BABABA	130	99	187	129.5	130.5	98.5	99.5	transparent
#BABABA	131	99	187	130.5	131.5	98.5	99.5	transparent
#BDBDBD	132	99	190	131.5	132.5	98.5	99.5	transparent
#BABABA	133	99	187	132.5	133.5	98.5	99.5	transparent
#B1B1B1	134	99	178	133.5	134.5	98.5	99.5	transparent
#ACACAC	135	99	173	134.5	135.5	98.5	99.5	transparent
#ABABAB	136	99	172	135.5	136.5	98.5	99.5	transparent
#AEAEAE	137	99	175	136.5	137.5	98.5	99.5	transparent
#BDBDBD	138	99	190	137.5	138.5	98.5	99.5	transparent
#CECECE	139	99	207	138.5	139.5	98.5	99.5	transparent
#8C8C8C	0	98	141	-0.5	0.5	97.5	98.5	transparent
#7E7E7E	1	98	127	0.5	1.5	97.5	98.5	transparent
#828282	2	98	131	1.5	2.5	97.5	98.5	transparent
#868686	3	98	135	2.5	3.5	97.5	98.5	transparent
#8A8A8A	4	98	139	3.5	4.5	97.5	98.5	transparent
#8E8E8E	5	98	143	4.5	5.5	97.5	98.5	transparent
#909090	6	98	145	5.5	6.5	97.5	98.5	transparent
#929292	7	98	147	6.5	7.5	97.5	98.5	transparent
#959595	8	98	150	7.5	8.5	97.5	98.5	transparent
#979797	9	98	152	8.5	9.5	97.5	98.5	transparent
#9C9C9C	10	98	157	9.5	10.5	97.5	98.5	transparent
#ACACAC	11	98	173	10.5	11.5	97.5	98.5	transparent
#AAAAAA	12	98	171	11.5	12.5	97.5	98.5	transparent
#A6A6A6	13	98	167	12.5	13.5	97.5	98.5	transparent
#AAAAAA	14	98	171	13.5	14.5	97.5	98.5	transparent
#ACACAC	15	98	173	14.5	15.5	97.5	98.5	transparent
#A5A5A5	16	98	166	15.5	16.5	97.5	98.5	transparent
#9E9E9E	17	98	159	16.5	17.5	97.5	98.5	transparent
#9C9C9C	18	98	157	17.5	18.5	97.5	98.5	transparent
#999999	19	98	154	18.5	19.5	97.5	98.5	transparent
#959595	20	98	150	19.5	20.5	97.5	98.5	transparent
#909090	21	98	145	20.5	21.5	97.5	98.5	transparent
#919191	22	98	146	21.5	22.5	97.5	98.5	transparent
#989898	23	98	153	22.5	23.5	97.5	98.5	transparent
#A4A4A4	24	98	165	23.5	24.5	97.5	98.5	transparent
#ACACAC	25	98	173	24.5	25.5	97.5	98.5	transparent
#AFAFAF	26	98	176	25.5	26.5	97.5	98.5	transparent
#919191	27	98	146	26.5	27.5	97.5	98.5	transparent
#727272	28	98	115	27.5	28.5	97.5	98.5	transparent
#6A6A6A	29	98	107	28.5	29.5	97.5	98.5	transparent
#545454	30	98	85	29.5	30.5	97.5	98.5	transparent
#404040	31	98	65	30.5	31.5	97.5	98.5	transparent
#383838	32	98	57	31.5	32.5	97.5	98.5	transparent
#363636	33	98	55	32.5	33.5	97.5	98.5	transparent
#343434	34	98	53	33.5	34.5	97.5	98.5	transparent
#323232	35	98	51	34.5	35.5	97.5	98.5	transparent
#303030	36	98	49	35.5	36.5	97.5	98.5	transparent
#2C2C2C	37	98	45	36.5	37.5	97.5	98.5	transparent
#2C2C2C	38	98	45	37.5	38.5	97.5	98.5	transparent
#2C2C2C	39	98	45	38.5	39.5	97.5	98.5	transparent
#2C2C2C	40	98	45	39.5	40.5	97.5	98.5	transparent
#2A2A2A	41	98	43	40.5	41.5	97.5	98.5	transparent
#292929	42	98	42	41.5	42.5	97.5	98.5	transparent
#282828	43	98	41	42.5	43.5	97.5	98.5	transparent
#2C2C2C	44	98	45	43.5	44.5	97.5	98.5	transparent
#2A2A2A	45	98	43	44.5	45.5	97.5	98.5	transparent
#292929	46	98	42	45.5	46.5	97.5	98.5	transparent
#2B2B2B	47	98	44	46.5	47.5	97.5	98.5	transparent
#2A2A2A	48	98	43	47.5	48.5	97.5	98.5	transparent
#262626	49	98	39	48.5	49.5	97.5	98.5	transparent
#252525	50	98	38	49.5	50.5	97.5	98.5	transparent
#282828	51	98	41	50.5	51.5	97.5	98.5	transparent
#2A2A2A	52	98	43	51.5	52.5	97.5	98.5	transparent
#2A2A2A	53	98	43	52.5	53.5	97.5	98.5	transparent
#2E2E2E	54	98	47	53.5	54.5	97.5	98.5	transparent
#313131	55	98	50	54.5	55.5	97.5	98.5	transparent
#393939	56	98	58	55.5	56.5	97.5	98.5	transparent
#383838	57	98	57	56.5	57.5	97.5	98.5	transparent
#363636	58	98	55	57.5	58.5	97.5	98.5	transparent
#383838	59	98	57	58.5	59.5	97.5	98.5	transparent
#373737	60	98	56	59.5	60.5	97.5	98.5	transparent
#333333	61	98	52	60.5	61.5	97.5	98.5	transparent
#303030	62	98	49	61.5	62.5	97.5	98.5	transparent
#363636	63	98	55	62.5	63.5	97.5	98.5	transparent
#414141	64	98	66	63.5	64.5	97.5	98.5	transparent
#585858	65	98	89	64.5	65.5	97.5	98.5	transparent
#707070	66	98	113	65.5	66.5	97.5	98.5	transparent
#929292	67	98	147	66.5	67.5	97.5	98.5	transparent
#8F8F8F	68	98	144	67.5	68.5	97.5	98.5	transparent
#8B8B8B	69	98	140	68.5	69.5	97.5	98.5	transparent
#959595	70	98	150	69.5	70.5	97.5	98.5	transparent
#9C9C9C	71	98	157	70.5	71.5	97.5	98.5	transparent
#A2A2A2	72	98	163	71.5	72.5	97.5	98.5	transparent
#AEAEAE	73	98	175	72.5	73.5	97.5	98.5	transparent
#AFAFAF	74	98	176	73.5	74.5	97.5	98.5	transparent
#AAAAAA	75	98	171	74.5	75.5	97.5	98.5	transparent
#989898	76	98	153	75.5	76.5	97.5	98.5	transparent
#898989	77	98	138	76.5	77.5	97.5	98.5	transparent
#828282	78	98	131	77.5	78.5	97.5	98.5	transparent
#737373	79	98	116	78.5	79.5	97.5	98.5	transparent
#636363	80	98	100	79.5	80.5	97.5	98.5	transparent
#4C4C4C	81	98	77	80.5	81.5	97.5	98.5	transparent
#303030	82	98	49	81.5	82.5	97.5	98.5	transparent
#2D2D2D	83	98	46	82.5	83.5	97.5	98.5	transparent
#2C2C2C	84	98	45	83.5	84.5	97.5	98.5	transparent
#2B2B2B	85	98	44	84.5	85.5	97.5	98.5	transparent
#282828	86	98	41	85.5	86.5	97.5	98.5	transparent
#292929	87	98	42	86.5	87.5	97.5	98.5	transparent
#2F2F2F	88	98	48	87.5	88.5	97.5	98.5	transparent
#313131	89	98	50	88.5	89.5	97.5	98.5	transparent
#2F2F2F	90	98	48	89.5	90.5	97.5	98.5	transparent
#2F2F2F	91	98	48	90.5	91.5	97.5	98.5	transparent
#2C2C2C	92	98	45	91.5	92.5	97.5	98.5	transparent
#262626	93	98	39	92.5	93.5	97.5	98.5	transparent
#272727	94	98	40	93.5	94.5	97.5	98.5	transparent
#282828	95	98	41	94.5	95.5	97.5	98.5	transparent
#2A2A2A	96	98	43	95.5	96.5	97.5	98.5	transparent
#2D2D2D	97	98	46	96.5	97.5	97.5	98.5	transparent
#303030	98	98	49	97.5	98.5	97.5	98.5	transparent
#303030	99	98	49	98.5	99.5	97.5	98.5	transparent
#333333	100	98	52	99.5	100.5	97.5	98.5	transparent
#343434	101	98	53	100.5	101.5	97.5	98.5	transparent
#373737	102	98	56	101.5	102.5	97.5	98.5	transparent
#3D3D3D	103	98	62	102.5	103.5	97.5	98.5	transparent
#434343	104	98	68	103.5	104.5	97.5	98.5	transparent
#4A4A4A	105	98	75	104.5	105.5	97.5	98.5	transparent
#4E4E4E	106	98	79	105.5	106.5	97.5	98.5	transparent
#4F4F4F	107	98	80	106.5	107.5	97.5	98.5	transparent
#565656	108	98	87	107.5	108.5	97.5	98.5	transparent
#626262	109	98	99	108.5	109.5	97.5	98.5	transparent
#686868	110	98	105	109.5	110.5	97.5	98.5	transparent
#666666	111	98	103	110.5	111.5	97.5	98.5	transparent
#666666	112	98	103	111.5	112.5	97.5	98.5	transparent
#6F6F6F	113	98	112	112.5	113.5	97.5	98.5	transparent
#7C7C7C	114	98	125	113.5	114.5	97.5	98.5	transparent
#989898	115	98	153	114.5	115.5	97.5	98.5	transparent
#BBBBBB	116	98	188	115.5	116.5	97.5	98.5	transparent
#BCBCBC	117	98	189	116.5	117.5	97.5	98.5	transparent
#B9B9B9	118	98	186	117.5	118.5	97.5	98.5	transparent
#AEAEAE	119	98	175	118.5	119.5	97.5	98.5	transparent
#A7A7A7	120	98	168	119.5	120.5	97.5	98.5	transparent
#A9A9A9	121	98	170	120.5	121.5	97.5	98.5	transparent
#ABABAB	122	98	172	121.5	122.5	97.5	98.5	transparent
#ACACAC	123	98	173	122.5	123.5	97.5	98.5	transparent
#AFAFAF	124	98	176	123.5	124.5	97.5	98.5	transparent
#B0B0B0	125	98	177	124.5	125.5	97.5	98.5	transparent
#B2B2B2	126	98	179	125.5	126.5	97.5	98.5	transparent
#B9B9B9	127	98	186	126.5	127.5	97.5	98.5	transparent
#C0C0C0	128	98	193	127.5	128.5	97.5	98.5	transparent
#BEBEBE	129	98	191	128.5	129.5	97.5	98.5	transparent
#BABABA	130	98	187	129.5	130.5	97.5	98.5	transparent
#BBBBBB	131	98	188	130.5	131.5	97.5	98.5	transparent
#BEBEBE	132	98	191	131.5	132.5	97.5	98.5	transparent
#B7B7B7	133	98	184	132.5	133.5	97.5	98.5	transparent
#AEAEAE	134	98	175	133.5	134.5	97.5	98.5	transparent
#ACACAC	135	98	173	134.5	135.5	97.5	98.5	transparent
#ACACAC	136	98	173	135.5	136.5	97.5	98.5	transparent
#AFAFAF	137	98	176	136.5	137.5	97.5	98.5	transparent
#BEBEBE	138	98	191	137.5	138.5	97.5	98.5	transparent
#CECECE	139	98	207	138.5	139.5	97.5	98.5	transparent
#848484	0	97	133	-0.5	0.5	96.5	97.5	transparent
#828282	1	97	131	0.5	1.5	96.5	97.5	transparent
#868686	2	97	135	1.5	2.5	96.5	97.5	transparent
#888888	3	97	137	2.5	3.5	96.5	97.5	transparent
#8A8A8A	4	97	139	3.5	4.5	96.5	97.5	transparent
#8C8C8C	5	97	141	4.5	5.5	96.5	97.5	transparent
#8C8C8C	6	97	141	5.5	6.5	96.5	97.5	transparent
#8F8F8F	7	97	144	6.5	7.5	96.5	97.5	transparent
#949494	8	97	149	7.5	8.5	96.5	97.5	transparent
#979797	9	97	152	8.5	9.5	96.5	97.5	transparent
#979797	10	97	152	9.5	10.5	96.5	97.5	transparent
#A5A5A5	11	97	166	10.5	11.5	96.5	97.5	transparent
#AEAEAE	12	97	175	11.5	12.5	96.5	97.5	transparent
#A6A6A6	13	97	167	12.5	13.5	96.5	97.5	transparent
#A9A9A9	14	97	170	13.5	14.5	96.5	97.5	transparent
#ACACAC	15	97	173	14.5	15.5	96.5	97.5	transparent
#A8A8A8	16	97	169	15.5	16.5	96.5	97.5	transparent
#9F9F9F	17	97	160	16.5	17.5	96.5	97.5	transparent
#9B9B9B	18	97	156	17.5	18.5	96.5	97.5	transparent
#9A9A9A	19	97	155	18.5	19.5	96.5	97.5	transparent
#949494	20	97	149	19.5	20.5	96.5	97.5	transparent
#8F8F8F	21	97	144	20.5	21.5	96.5	97.5	transparent
#929292	22	97	147	21.5	22.5	96.5	97.5	transparent
#999999	23	97	154	22.5	23.5	96.5	97.5	transparent
#A6A6A6	24	97	167	23.5	24.5	96.5	97.5	transparent
#B2B2B2	25	97	179	24.5	25.5	96.5	97.5	transparent
#A5A5A5	26	97	166	25.5	26.5	96.5	97.5	transparent
#8E8E8E	27	97	143	26.5	27.5	96.5	97.5	transparent
#787878	28	97	121	27.5	28.5	96.5	97.5	transparent
#5C5C5C	29	97	93	28.5	29.5	96.5	97.5	transparent
#484848	30	97	73	29.5	30.5	96.5	97.5	transparent
#3F3F3F	31	97	64	30.5	31.5	96.5	97.5	transparent
#383838	32	97	57	31.5	32.5	96.5	97.5	transparent
#333333	33	97	52	32.5	33.5	96.5	97.5	transparent
#303030	34	97	49	33.5	34.5	96.5	97.5	transparent
#2F2F2F	35	97	48	34.5	35.5	96.5	97.5	transparent
#303030	36	97	49	35.5	36.5	96.5	97.5	transparent
#323232	37	97	51	36.5	37.5	96.5	97.5	transparent
#313131	38	97	50	37.5	38.5	96.5	97.5	transparent
#333333	39	97	52	38.5	39.5	96.5	97.5	transparent
#313131	40	97	50	39.5	40.5	96.5	97.5	transparent
#2E2E2E	41	97	47	40.5	41.5	96.5	97.5	transparent
#2C2C2C	42	97	45	41.5	42.5	96.5	97.5	transparent
#292929	43	97	42	42.5	43.5	96.5	97.5	transparent
#292929	44	97	42	43.5	44.5	96.5	97.5	transparent
#2B2B2B	45	97	44	44.5	45.5	96.5	97.5	transparent
#282828	46	97	41	45.5	46.5	96.5	97.5	transparent
#2B2B2B	47	97	44	46.5	47.5	96.5	97.5	transparent
#2C2C2C	48	97	45	47.5	48.5	96.5	97.5	transparent
#2A2A2A	49	97	43	48.5	49.5	96.5	97.5	transparent
#272727	50	97	40	49.5	50.5	96.5	97.5	transparent
#2A2A2A	51	97	43	50.5	51.5	96.5	97.5	transparent
#2D2D2D	52	97	46	51.5	52.5	96.5	97.5	transparent
#2B2B2B	53	97	44	52.5	53.5	96.5	97.5	transparent
#2F2F2F	54	97	48	53.5	54.5	96.5	97.5	transparent
#393939	55	97	58	54.5	55.5	96.5	97.5	transparent
#393939	56	97	58	55.5	56.5	96.5	97.5	transparent
#373737	57	97	56	56.5	57.5	96.5	97.5	transparent
#393939	58	97	58	57.5	58.5	96.5	97.5	transparent
#3C3C3C	59	97	61	58.5	59.5	96.5	97.5	transparent
#393939	60	97	58	59.5	60.5	96.5	97.5	transparent
#383838	61	97	57	60.5	61.5	96.5	97.5	transparent
#333333	62	97	52	61.5	62.5	96.5	97.5	transparent
#353535	63	97	54	62.5	63.5	96.5	97.5	transparent
#393939	64	97	58	63.5	64.5	96.5	97.5	transparent
#525252	65	97	83	64.5	65.5	96.5	97.5	transparent
#747474	66	97	117	65.5	66.5	96.5	97.5	transparent
#8A8A8A	67	97	139	66.5	67.5	96.5	97.5	transparent
#888888	68	97	137	67.5	68.5	96.5	97.5	transparent
#8C8C8C	69	97	141	68.5	69.5	96.5	97.5	transparent
#949494	70	97	149	69.5	70.5	96.5	97.5	transparent
#9A9A9A	71	97	155	70.5	71.5	96.5	97.5	transparent
#A2A2A2	72	97	163	71.5	72.5	96.5	97.5	transparent
#ADADAD	73	97	174	72.5	73.5	96.5	97.5	transparent
#ACACAC	74	97	173	73.5	74.5	96.5	97.5	transparent
#A5A5A5	75	97	166	74.5	75.5	96.5	97.5	transparent
#949494	76	97	149	75.5	76.5	96.5	97.5	transparent
#858585	77	97	134	76.5	77.5	96.5	97.5	transparent
#7C7C7C	78	97	125	77.5	78.5	96.5	97.5	transparent
#717171	79	97	114	78.5	79.5	96.5	97.5	transparent
#656565	80	97	102	79.5	80.5	96.5	97.5	transparent
#4E4E4E	81	97	79	80.5	81.5	96.5	97.5	transparent
#2E2E2E	82	97	47	81.5	82.5	96.5	97.5	transparent
#2A2A2A	83	97	43	82.5	83.5	96.5	97.5	transparent
#2C2C2C	84	97	45	83.5	84.5	96.5	97.5	transparent
#2E2E2E	85	97	47	84.5	85.5	96.5	97.5	transparent
#2C2C2C	86	97	45	85.5	86.5	96.5	97.5	transparent
#2C2C2C	87	97	45	86.5	87.5	96.5	97.5	transparent
#2F2F2F	88	97	48	87.5	88.5	96.5	97.5	transparent
#363636	89	97	55	88.5	89.5	96.5	97.5	transparent
#363636	90	97	55	89.5	90.5	96.5	97.5	transparent
#363636	91	97	55	90.5	91.5	96.5	97.5	transparent
#313131	92	97	50	91.5	92.5	96.5	97.5	transparent
#2D2D2D	93	97	46	92.5	93.5	96.5	97.5	transparent
#2C2C2C	94	97	45	93.5	94.5	96.5	97.5	transparent
#2C2C2C	95	97	45	94.5	95.5	96.5	97.5	transparent
#2E2E2E	96	97	47	95.5	96.5	96.5	97.5	transparent
#303030	97	97	49	96.5	97.5	96.5	97.5	transparent
#313131	98	97	50	97.5	98.5	96.5	97.5	transparent
#313131	99	97	50	98.5	99.5	96.5	97.5	transparent
#333333	100	97	52	99.5	100.5	96.5	97.5	transparent
#363636	101	97	55	100.5	101.5	96.5	97.5	transparent
#3A3A3A	102	97	59	101.5	102.5	96.5	97.5	transparent
#404040	103	97	65	102.5	103.5	96.5	97.5	transparent
#484848	104	97	73	103.5	104.5	96.5	97.5	transparent
#4A4A4A	105	97	75	104.5	105.5	96.5	97.5	transparent
#494949	106	97	74	105.5	106.5	96.5	97.5	transparent
#4A4A4A	107	97	75	106.5	107.5	96.5	97.5	transparent
#4E4E4E	108	97	79	107.5	108.5	96.5	97.5	transparent
#525252	109	97	83	108.5	109.5	96.5	97.5	transparent
#5C5C5C	110	97	93	109.5	110.5	96.5	97.5	transparent
#686868	111	97	105	110.5	111.5	96.5	97.5	transparent
#6D6D6D	112	97	110	111.5	112.5	96.5	97.5	transparent
#707070	113	97	113	112.5	113.5	96.5	97.5	transparent
#7D7D7D	114	97	126	113.5	114.5	96.5	97.5	transparent
#9B9B9B	115	97	156	114.5	115.5	96.5	97.5	transparent
#B9B9B9	116	97	186	115.5	116.5	96.5	97.5	transparent
#BCBCBC	117	97	189	116.5	117.5	96.5	97.5	transparent
#BABABA	118	97	187	117.5	118.5	96.5	97.5	transparent
#B1B1B1	119	97	178	118.5	119.5	96.5	97.5	transparent
#ABABAB	120	97	172	119.5	120.5	96.5	97.5	transparent
#A9A9A9	121	97	170	120.5	121.5	96.5	97.5	transparent
#A9A9A9	122	97	170	121.5	122.5	96.5	97.5	transparent
#ABABAB	123	97	172	122.5	123.5	96.5	97.5	transparent
#AFAFAF	124	97	176	123.5	124.5	96.5	97.5	transparent
#AFAFAF	125	97	176	124.5	125.5	96.5	97.5	transparent
#B2B2B2	126	97	179	125.5	126.5	96.5	97.5	transparent
#BBBBBB	127	97	188	126.5	127.5	96.5	97.5	transparent
#C0C0C0	128	97	193	127.5	128.5	96.5	97.5	transparent
#BCBCBC	129	97	189	128.5	129.5	96.5	97.5	transparent
#BABABA	130	97	187	129.5	130.5	96.5	97.5	transparent
#BDBDBD	131	97	190	130.5	131.5	96.5	97.5	transparent
#BEBEBE	132	97	191	131.5	132.5	96.5	97.5	transparent
#B3B3B3	133	97	180	132.5	133.5	96.5	97.5	transparent
#ACACAC	134	97	173	133.5	134.5	96.5	97.5	transparent
#ABABAB	135	97	172	134.5	135.5	96.5	97.5	transparent
#ABABAB	136	97	172	135.5	136.5	96.5	97.5	transparent
#ADADAD	137	97	174	136.5	137.5	96.5	97.5	transparent
#BDBDBD	138	97	190	137.5	138.5	96.5	97.5	transparent
#CECECE	139	97	207	138.5	139.5	96.5	97.5	transparent
#868686	0	96	135	-0.5	0.5	95.5	96.5	transparent
#838383	1	96	132	0.5	1.5	95.5	96.5	transparent
#878787	2	96	136	1.5	2.5	95.5	96.5	transparent
#8A8A8A	3	96	139	2.5	3.5	95.5	96.5	transparent
#8B8B8B	4	96	140	3.5	4.5	95.5	96.5	transparent
#8C8C8C	5	96	141	4.5	5.5	95.5	96.5	transparent
#8B8B8B	6	96	140	5.5	6.5	95.5	96.5	transparent
#8C8C8C	7	96	141	6.5	7.5	95.5	96.5	transparent
#909090	8	96	145	7.5	8.5	95.5	96.5	transparent
#959595	9	96	150	8.5	9.5	95.5	96.5	transparent
#969696	10	96	151	9.5	10.5	95.5	96.5	transparent
#9E9E9E	11	96	159	10.5	11.5	95.5	96.5	transparent
#ADADAD	12	96	174	11.5	12.5	95.5	96.5	transparent
#A7A7A7	13	96	168	12.5	13.5	95.5	96.5	transparent
#A8A8A8	14	96	169	13.5	14.5	95.5	96.5	transparent
#ACACAC	15	96	173	14.5	15.5	95.5	96.5	transparent
#A9A9A9	16	96	170	15.5	16.5	95.5	96.5	transparent
#9F9F9F	17	96	160	16.5	17.5	95.5	96.5	transparent
#9A9A9A	18	96	155	17.5	18.5	95.5	96.5	transparent
#999999	19	96	154	18.5	19.5	95.5	96.5	transparent
#949494	20	96	149	19.5	20.5	95.5	96.5	transparent
#919191	21	96	146	20.5	21.5	95.5	96.5	transparent
#959595	22	96	150	21.5	22.5	95.5	96.5	transparent
#9A9A9A	23	96	155	22.5	23.5	95.5	96.5	transparent
#ACACAC	24	96	173	23.5	24.5	95.5	96.5	transparent
#B0B0B0	25	96	177	24.5	25.5	95.5	96.5	transparent
#9E9E9E	26	96	159	25.5	26.5	95.5	96.5	transparent
#8E8E8E	27	96	143	26.5	27.5	95.5	96.5	transparent
#6D6D6D	28	96	110	27.5	28.5	95.5	96.5	transparent
#525252	29	96	83	28.5	29.5	95.5	96.5	transparent
#494949	30	96	74	29.5	30.5	95.5	96.5	transparent
#404040	31	96	65	30.5	31.5	95.5	96.5	transparent
#373737	32	96	56	31.5	32.5	95.5	96.5	transparent
#343434	33	96	53	32.5	33.5	95.5	96.5	transparent
#313131	34	96	50	33.5	34.5	95.5	96.5	transparent
#333333	35	96	52	34.5	35.5	95.5	96.5	transparent
#373737	36	96	56	35.5	36.5	95.5	96.5	transparent
#373737	37	96	56	36.5	37.5	95.5	96.5	transparent
#353535	38	96	54	37.5	38.5	95.5	96.5	transparent
#343434	39	96	53	38.5	39.5	95.5	96.5	transparent
#303030	40	96	49	39.5	40.5	95.5	96.5	transparent
#2F2F2F	41	96	48	40.5	41.5	95.5	96.5	transparent
#2E2E2E	42	96	47	41.5	42.5	95.5	96.5	transparent
#2E2E2E	43	96	47	42.5	43.5	95.5	96.5	transparent
#2D2D2D	44	96	46	43.5	44.5	95.5	96.5	transparent
#2F2F2F	45	96	48	44.5	45.5	95.5	96.5	transparent
#2C2C2C	46	96	45	45.5	46.5	95.5	96.5	transparent
#2A2A2A	47	96	43	46.5	47.5	95.5	96.5	transparent
#2A2A2A	48	96	43	47.5	48.5	95.5	96.5	transparent
#2A2A2A	49	96	43	48.5	49.5	95.5	96.5	transparent
#2A2A2A	50	96	43	49.5	50.5	95.5	96.5	transparent
#2C2C2C	51	96	45	50.5	51.5	95.5	96.5	transparent
#2E2E2E	52	96	47	51.5	52.5	95.5	96.5	transparent
#2E2E2E	53	96	47	52.5	53.5	95.5	96.5	transparent
#2D2D2D	54	96	46	53.5	54.5	95.5	96.5	transparent
#353535	55	96	54	54.5	55.5	95.5	96.5	transparent
#353535	56	96	54	55.5	56.5	95.5	96.5	transparent
#333333	57	96	52	56.5	57.5	95.5	96.5	transparent
#3E3E3E	58	96	63	57.5	58.5	95.5	96.5	transparent
#3E3E3E	59	96	63	58.5	59.5	95.5	96.5	transparent
#3E3E3E	60	96	63	59.5	60.5	95.5	96.5	transparent
#3E3E3E	61	96	63	60.5	61.5	95.5	96.5	transparent
#3A3A3A	62	96	59	61.5	62.5	95.5	96.5	transparent
#343434	63	96	53	62.5	63.5	95.5	96.5	transparent
#3A3A3A	64	96	59	63.5	64.5	95.5	96.5	transparent
#585858	65	96	89	64.5	65.5	95.5	96.5	transparent
#7F7F7F	66	96	128	65.5	66.5	95.5	96.5	transparent
#898989	67	96	138	66.5	67.5	95.5	96.5	transparent
#888888	68	96	137	67.5	68.5	95.5	96.5	transparent
#8E8E8E	69	96	143	68.5	69.5	95.5	96.5	transparent
#949494	70	96	149	69.5	70.5	95.5	96.5	transparent
#9A9A9A	71	96	155	70.5	71.5	95.5	96.5	transparent
#A0A0A0	72	96	161	71.5	72.5	95.5	96.5	transparent
#ABABAB	73	96	172	72.5	73.5	95.5	96.5	transparent
#AAAAAA	74	96	171	73.5	74.5	95.5	96.5	transparent
#A2A2A2	75	96	163	74.5	75.5	95.5	96.5	transparent
#949494	76	96	149	75.5	76.5	95.5	96.5	transparent
#848484	77	96	133	76.5	77.5	95.5	96.5	transparent
#797979	78	96	122	77.5	78.5	95.5	96.5	transparent
#727272	79	96	115	78.5	79.5	95.5	96.5	transparent
#666666	80	96	103	79.5	80.5	95.5	96.5	transparent
#525252	81	96	83	80.5	81.5	95.5	96.5	transparent
#333333	82	96	52	81.5	82.5	95.5	96.5	transparent
#303030	83	96	49	82.5	83.5	95.5	96.5	transparent
#323232	84	96	51	83.5	84.5	95.5	96.5	transparent
#343434	85	96	53	84.5	85.5	95.5	96.5	transparent
#353535	86	96	54	85.5	86.5	95.5	96.5	transparent
#343434	87	96	53	86.5	87.5	95.5	96.5	transparent
#323232	88	96	51	87.5	88.5	95.5	96.5	transparent
#393939	89	96	58	88.5	89.5	95.5	96.5	transparent
#404040	90	96	65	89.5	90.5	95.5	96.5	transparent
#3B3B3B	91	96	60	90.5	91.5	95.5	96.5	transparent
#353535	92	96	54	91.5	92.5	95.5	96.5	transparent
#343434	93	96	53	92.5	93.5	95.5	96.5	transparent
#323232	94	96	51	93.5	94.5	95.5	96.5	transparent
#363636	95	96	55	94.5	95.5	95.5	96.5	transparent
#353535	96	96	54	95.5	96.5	95.5	96.5	transparent
#343434	97	96	53	96.5	97.5	95.5	96.5	transparent
#373737	98	96	56	97.5	98.5	95.5	96.5	transparent
#3A3A3A	99	96	59	98.5	99.5	95.5	96.5	transparent
#3D3D3D	100	96	62	99.5	100.5	95.5	96.5	transparent
#3D3D3D	101	96	62	100.5	101.5	95.5	96.5	transparent
#3F3F3F	102	96	64	101.5	102.5	95.5	96.5	transparent
#444444	103	96	69	102.5	103.5	95.5	96.5	transparent
#464646	104	96	71	103.5	104.5	95.5	96.5	transparent
#444444	105	96	69	104.5	105.5	95.5	96.5	transparent
#464646	106	96	71	105.5	106.5	95.5	96.5	transparent
#4A4A4A	107	96	75	106.5	107.5	95.5	96.5	transparent
#4C4C4C	108	96	77	107.5	108.5	95.5	96.5	transparent
#4F4F4F	109	96	80	108.5	109.5	95.5	96.5	transparent
#4F4F4F	110	96	80	109.5	110.5	95.5	96.5	transparent
#565656	111	96	87	110.5	111.5	95.5	96.5	transparent
#6A6A6A	112	96	107	111.5	112.5	95.5	96.5	transparent
#787878	113	96	121	112.5	113.5	95.5	96.5	transparent
#7F7F7F	114	96	128	113.5	114.5	95.5	96.5	transparent
#9A9A9A	115	96	155	114.5	115.5	95.5	96.5	transparent
#B5B5B5	116	96	182	115.5	116.5	95.5	96.5	transparent
#BEBEBE	117	96	191	116.5	117.5	95.5	96.5	transparent
#BABABA	118	96	187	117.5	118.5	95.5	96.5	transparent
#B4B4B4	119	96	181	118.5	119.5	95.5	96.5	transparent
#ADADAD	120	96	174	119.5	120.5	95.5	96.5	transparent
#AAAAAA	121	96	171	120.5	121.5	95.5	96.5	transparent
#A9A9A9	122	96	170	121.5	122.5	95.5	96.5	transparent
#ACACAC	123	96	173	122.5	123.5	95.5	96.5	transparent
#AEAEAE	124	96	175	123.5	124.5	95.5	96.5	transparent
#B0B0B0	125	96	177	124.5	125.5	95.5	96.5	transparent
#B4B4B4	126	96	181	125.5	126.5	95.5	96.5	transparent
#BCBCBC	127	96	189	126.5	127.5	95.5	96.5	transparent
#BFBFBF	128	96	192	127.5	128.5	95.5	96.5	transparent
#BBBBBB	129	96	188	128.5	129.5	95.5	96.5	transparent
#BBBBBB	130	96	188	129.5	130.5	95.5	96.5	transparent
#BFBFBF	131	96	192	130.5	131.5	95.5	96.5	transparent
#BABABA	132	96	187	131.5	132.5	95.5	96.5	transparent
#AFAFAF	133	96	176	132.5	133.5	95.5	96.5	transparent
#ACACAC	134	96	173	133.5	134.5	95.5	96.5	transparent
#A9A9A9	135	96	170	134.5	135.5	95.5	96.5	transparent
#A9A9A9	136	96	170	135.5	136.5	95.5	96.5	transparent
#ADADAD	137	96	174	136.5	137.5	95.5	96.5	transparent
#BEBEBE	138	96	191	137.5	138.5	95.5	96.5	transparent
#D0D0D0	139	96	209	138.5	139.5	95.5	96.5	transparent
#878787	0	95	136	-0.5	0.5	94.5	95.5	transparent
#838383	1	95	132	0.5	1.5	94.5	95.5	transparent
#848484	2	95	133	1.5	2.5	94.5	95.5	transparent
#888888	3	95	137	2.5	3.5	94.5	95.5	transparent
#8A8A8A	4	95	139	3.5	4.5	94.5	95.5	transparent
#8A8A8A	5	95	139	4.5	5.5	94.5	95.5	transparent
#8B8B8B	6	95	140	5.5	6.5	94.5	95.5	transparent
#8D8D8D	7	95	142	6.5	7.5	94.5	95.5	transparent
#8E8E8E	8	95	143	7.5	8.5	94.5	95.5	transparent
#939393	9	95	148	8.5	9.5	94.5	95.5	transparent
#959595	10	95	150	9.5	10.5	94.5	95.5	transparent
#9B9B9B	11	95	156	10.5	11.5	94.5	95.5	transparent
#ACACAC	12	95	173	11.5	12.5	94.5	95.5	transparent
#AAAAAA	13	95	171	12.5	13.5	94.5	95.5	transparent
#A7A7A7	14	95	168	13.5	14.5	94.5	95.5	transparent
#AAAAAA	15	95	171	14.5	15.5	94.5	95.5	transparent
#A8A8A8	16	95	169	15.5	16.5	94.5	95.5	transparent
#9F9F9F	17	95	160	16.5	17.5	94.5	95.5	transparent
#9A9A9A	18	95	155	17.5	18.5	94.5	95.5	transparent
#999999	19	95	154	18.5	19.5	94.5	95.5	transparent
#969696	20	95	151	19.5	20.5	94.5	95.5	transparent
#939393	21	95	148	20.5	21.5	94.5	95.5	transparent
#989898	22	95	153	21.5	22.5	94.5	95.5	transparent
#A1A1A1	23	95	162	22.5	23.5	94.5	95.5	transparent
#B0B0B0	24	95	177	23.5	24.5	94.5	95.5	transparent
#ACACAC	25	95	173	24.5	25.5	94.5	95.5	transparent
#9C9C9C	26	95	157	25.5	26.5	94.5	95.5	transparent
#838383	27	95	132	26.5	27.5	94.5	95.5	transparent
#686868	28	95	105	27.5	28.5	94.5	95.5	transparent
#545454	29	95	85	28.5	29.5	94.5	95.5	transparent
#474747	30	95	72	29.5	30.5	94.5	95.5	transparent
#404040	31	95	65	30.5	31.5	94.5	95.5	transparent
#3B3B3B	32	95	60	31.5	32.5	94.5	95.5	transparent
#3D3D3D	33	95	62	32.5	33.5	94.5	95.5	transparent
#3C3C3C	34	95	61	33.5	34.5	94.5	95.5	transparent
#393939	35	95	58	34.5	35.5	94.5	95.5	transparent
#383838	36	95	57	35.5	36.5	94.5	95.5	transparent
#373737	37	95	56	36.5	37.5	94.5	95.5	transparent
#383838	38	95	57	37.5	38.5	94.5	95.5	transparent
#383838	39	95	57	38.5	39.5	94.5	95.5	transparent
#3A3A3A	40	95	59	39.5	40.5	94.5	95.5	transparent
#383838	41	95	57	40.5	41.5	94.5	95.5	transparent
#373737	42	95	56	41.5	42.5	94.5	95.5	transparent
#333333	43	95	52	42.5	43.5	94.5	95.5	transparent
#2D2D2D	44	95	46	43.5	44.5	94.5	95.5	transparent
#2E2E2E	45	95	47	44.5	45.5	94.5	95.5	transparent
#2E2E2E	46	95	47	45.5	46.5	94.5	95.5	transparent
#2C2C2C	47	95	45	46.5	47.5	94.5	95.5	transparent
#2C2C2C	48	95	45	47.5	48.5	94.5	95.5	transparent
#292929	49	95	42	48.5	49.5	94.5	95.5	transparent
#262626	50	95	39	49.5	50.5	94.5	95.5	transparent
#292929	51	95	42	50.5	51.5	94.5	95.5	transparent
#2E2E2E	52	95	47	51.5	52.5	94.5	95.5	transparent
#393939	53	95	58	52.5	53.5	94.5	95.5	transparent
#3C3C3C	54	95	61	53.5	54.5	94.5	95.5	transparent
#3B3B3B	55	95	60	54.5	55.5	94.5	95.5	transparent
#353535	56	95	54	55.5	56.5	94.5	95.5	transparent
#323232	57	95	51	56.5	57.5	94.5	95.5	transparent
#454545	58	95	70	57.5	58.5	94.5	95.5	transparent
#474747	59	95	72	58.5	59.5	94.5	95.5	transparent
#464646	60	95	71	59.5	60.5	94.5	95.5	transparent
#434343	61	95	68	60.5	61.5	94.5	95.5	transparent
#393939	62	95	58	61.5	62.5	94.5	95.5	transparent
#343434	63	95	53	62.5	63.5	94.5	95.5	transparent
#393939	64	95	58	63.5	64.5	94.5	95.5	transparent
#5F5F5F	65	95	96	64.5	65.5	94.5	95.5	transparent
#858585	66	95	134	65.5	66.5	94.5	95.5	transparent
#898989	67	95	138	66.5	67.5	94.5	95.5	transparent
#8C8C8C	68	95	141	67.5	68.5	94.5	95.5	transparent
#909090	69	95	145	68.5	69.5	94.5	95.5	transparent
#949494	70	95	149	69.5	70.5	94.5	95.5	transparent
#9D9D9D	71	95	158	70.5	71.5	94.5	95.5	transparent
#A3A3A3	72	95	164	71.5	72.5	94.5	95.5	transparent
#ACACAC	73	95	173	72.5	73.5	94.5	95.5	transparent
#ACACAC	74	95	173	73.5	74.5	94.5	95.5	transparent
#A1A1A1	75	95	162	74.5	75.5	94.5	95.5	transparent
#949494	76	95	149	75.5	76.5	94.5	95.5	transparent
#858585	77	95	134	76.5	77.5	94.5	95.5	transparent
#7C7C7C	78	95	125	77.5	78.5	94.5	95.5	transparent
#767676	79	95	119	78.5	79.5	94.5	95.5	transparent
#6D6D6D	80	95	110	79.5	80.5	94.5	95.5	transparent
#595959	81	95	90	80.5	81.5	94.5	95.5	transparent
#3A3A3A	82	95	59	81.5	82.5	94.5	95.5	transparent
#303030	83	95	49	82.5	83.5	94.5	95.5	transparent
#2F2F2F	84	95	48	83.5	84.5	94.5	95.5	transparent
#323232	85	95	51	84.5	85.5	94.5	95.5	transparent
#323232	86	95	51	85.5	86.5	94.5	95.5	transparent
#353535	87	95	54	86.5	87.5	94.5	95.5	transparent
#393939	88	95	58	87.5	88.5	94.5	95.5	transparent
#3E3E3E	89	95	63	88.5	89.5	94.5	95.5	transparent
#434343	90	95	68	89.5	90.5	94.5	95.5	transparent
#393939	91	95	58	90.5	91.5	94.5	95.5	transparent
#383838	92	95	57	91.5	92.5	94.5	95.5	transparent
#363636	93	95	55	92.5	93.5	94.5	95.5	transparent
#3B3B3B	94	95	60	93.5	94.5	94.5	95.5	transparent
#3B3B3B	95	95	60	94.5	95.5	94.5	95.5	transparent
#353535	96	95	54	95.5	96.5	94.5	95.5	transparent
#373737	97	95	56	96.5	97.5	94.5	95.5	transparent
#3C3C3C	98	95	61	97.5	98.5	94.5	95.5	transparent
#3F3F3F	99	95	64	98.5	99.5	94.5	95.5	transparent
#424242	100	95	67	99.5	100.5	94.5	95.5	transparent
#444444	101	95	69	100.5	101.5	94.5	95.5	transparent
#484848	102	95	73	101.5	102.5	94.5	95.5	transparent
#464646	103	95	71	102.5	103.5	94.5	95.5	transparent
#444444	104	95	69	103.5	104.5	94.5	95.5	transparent
#444444	105	95	69	104.5	105.5	94.5	95.5	transparent
#454545	106	95	70	105.5	106.5	94.5	95.5	transparent
#464646	107	95	71	106.5	107.5	94.5	95.5	transparent
#464646	108	95	71	107.5	108.5	94.5	95.5	transparent
#4D4D4D	109	95	78	108.5	109.5	94.5	95.5	transparent
#525252	110	95	83	109.5	110.5	94.5	95.5	transparent
#555555	111	95	86	110.5	111.5	94.5	95.5	transparent
#5A5A5A	112	95	91	111.5	112.5	94.5	95.5	transparent
#707070	113	95	113	112.5	113.5	94.5	95.5	transparent
#898989	114	95	138	113.5	114.5	94.5	95.5	transparent
#9B9B9B	115	95	156	114.5	115.5	94.5	95.5	transparent
#AFAFAF	116	95	176	115.5	116.5	94.5	95.5	transparent
#BFBFBF	117	95	192	116.5	117.5	94.5	95.5	transparent
#BCBCBC	118	95	189	117.5	118.5	94.5	95.5	transparent
#B4B4B4	119	95	181	118.5	119.5	94.5	95.5	transparent
#AFAFAF	120	95	176	119.5	120.5	94.5	95.5	transparent
#ADADAD	121	95	174	120.5	121.5	94.5	95.5	transparent
#ACACAC	122	95	173	121.5	122.5	94.5	95.5	transparent
#ADADAD	123	95	174	122.5	123.5	94.5	95.5	transparent
#AEAEAE	124	95	175	123.5	124.5	94.5	95.5	transparent
#B1B1B1	125	95	178	124.5	125.5	94.5	95.5	transparent
#B4B4B4	126	95	181	125.5	126.5	94.5	95.5	transparent
#BDBDBD	127	95	190	126.5	127.5	94.5	95.5	transparent
#BDBDBD	128	95	190	127.5	128.5	94.5	95.5	transparent
#BCBCBC	129	95	189	128.5	129.5	94.5	95.5	transparent
#BDBDBD	130	95	190	129.5	130.5	94.5	95.5	transparent
#C0C0C0	131	95	193	130.5	131.5	94.5	95.5	transparent
#B5B5B5	132	95	182	131.5	132.5	94.5	95.5	transparent
#ACACAC	133	95	173	132.5	133.5	94.5	95.5	transparent
#A8A8A8	134	95	169	133.5	134.5	94.5	95.5	transparent
#A8A8A8	135	95	169	134.5	135.5	94.5	95.5	transparent
#AAAAAA	136	95	171	135.5	136.5	94.5	95.5	transparent
#AFAFAF	137	95	176	136.5	137.5	94.5	95.5	transparent
#BEBEBE	138	95	191	137.5	138.5	94.5	95.5	transparent
#CFCFCF	139	95	208	138.5	139.5	94.5	95.5	transparent
#868686	0	94	135	-0.5	0.5	93.5	94.5	transparent
#818181	1	94	130	0.5	1.5	93.5	94.5	transparent
#828282	2	94	131	1.5	2.5	93.5	94.5	transparent
#868686	3	94	135	2.5	3.5	93.5	94.5	transparent
#888888	4	94	137	3.5	4.5	93.5	94.5	transparent
#898989	5	94	138	4.5	5.5	93.5	94.5	transparent
#8A8A8A	6	94	139	5.5	6.5	93.5	94.5	transparent
#8E8E8E	7	94	143	6.5	7.5	93.5	94.5	transparent
#909090	8	94	145	7.5	8.5	93.5	94.5	transparent
#919191	9	94	146	8.5	9.5	93.5	94.5	transparent
#949494	10	94	149	9.5	10.5	93.5	94.5	transparent
#989898	11	94	153	10.5	11.5	93.5	94.5	transparent
#A9A9A9	12	94	170	11.5	12.5	93.5	94.5	transparent
#AAAAAA	13	94	171	12.5	13.5	93.5	94.5	transparent
#A6A6A6	14	94	167	13.5	14.5	93.5	94.5	transparent
#A8A8A8	15	94	169	14.5	15.5	93.5	94.5	transparent
#A8A8A8	16	94	169	15.5	16.5	93.5	94.5	transparent
#9F9F9F	17	94	160	16.5	17.5	93.5	94.5	transparent
#9B9B9B	18	94	156	17.5	18.5	93.5	94.5	transparent
#9A9A9A	19	94	155	18.5	19.5	93.5	94.5	transparent
#999999	20	94	154	19.5	20.5	93.5	94.5	transparent
#979797	21	94	152	20.5	21.5	93.5	94.5	transparent
#9C9C9C	22	94	157	21.5	22.5	93.5	94.5	transparent
#A9A9A9	23	94	170	22.5	23.5	93.5	94.5	transparent
#AFAFAF	24	94	176	23.5	24.5	93.5	94.5	transparent
#ABABAB	25	94	172	24.5	25.5	93.5	94.5	transparent
#949494	26	94	149	25.5	26.5	93.5	94.5	transparent
#757575	27	94	118	26.5	27.5	93.5	94.5	transparent
#686868	28	94	105	27.5	28.5	93.5	94.5	transparent
#565656	29	94	87	28.5	29.5	93.5	94.5	transparent
#4A4A4A	30	94	75	29.5	30.5	93.5	94.5	transparent
#484848	31	94	73	30.5	31.5	93.5	94.5	transparent
#484848	32	94	73	31.5	32.5	93.5	94.5	transparent
#444444	33	94	69	32.5	33.5	93.5	94.5	transparent
#3F3F3F	34	94	64	33.5	34.5	93.5	94.5	transparent
#3B3B3B	35	94	60	34.5	35.5	93.5	94.5	transparent
#383838	36	94	57	35.5	36.5	93.5	94.5	transparent
#3B3B3B	37	94	60	36.5	37.5	93.5	94.5	transparent
#393939	38	94	58	37.5	38.5	93.5	94.5	transparent
#393939	39	94	58	38.5	39.5	93.5	94.5	transparent
#373737	40	94	56	39.5	40.5	93.5	94.5	transparent
#343434	41	94	53	40.5	41.5	93.5	94.5	transparent
#313131	42	94	50	41.5	42.5	93.5	94.5	transparent
#2E2E2E	43	94	47	42.5	43.5	93.5	94.5	transparent
#2C2C2C	44	94	45	43.5	44.5	93.5	94.5	transparent
#2B2B2B	45	94	44	44.5	45.5	93.5	94.5	transparent
#2A2A2A	46	94	43	45.5	46.5	93.5	94.5	transparent
#292929	47	94	42	46.5	47.5	93.5	94.5	transparent
#282828	48	94	41	47.5	48.5	93.5	94.5	transparent
#252525	49	94	38	48.5	49.5	93.5	94.5	transparent
#232323	50	94	36	49.5	50.5	93.5	94.5	transparent
#232323	51	94	36	50.5	51.5	93.5	94.5	transparent
#272727	52	94	40	51.5	52.5	93.5	94.5	transparent
#333333	53	94	52	52.5	53.5	93.5	94.5	transparent
#3D3D3D	54	94	62	53.5	54.5	93.5	94.5	transparent
#3F3F3F	55	94	64	54.5	55.5	93.5	94.5	transparent
#3D3D3D	56	94	62	55.5	56.5	93.5	94.5	transparent
#363636	57	94	55	56.5	57.5	93.5	94.5	transparent
#3C3C3C	58	94	61	57.5	58.5	93.5	94.5	transparent
#515151	59	94	82	58.5	59.5	93.5	94.5	transparent
#515151	60	94	82	59.5	60.5	93.5	94.5	transparent
#484848	61	94	73	60.5	61.5	93.5	94.5	transparent
#3F3F3F	62	94	64	61.5	62.5	93.5	94.5	transparent
#3B3B3B	63	94	60	62.5	63.5	93.5	94.5	transparent
#3F3F3F	64	94	64	63.5	64.5	93.5	94.5	transparent
#6D6D6D	65	94	110	64.5	65.5	93.5	94.5	transparent
#898989	66	94	138	65.5	66.5	93.5	94.5	transparent
#878787	67	94	136	66.5	67.5	93.5	94.5	transparent
#8D8D8D	68	94	142	67.5	68.5	93.5	94.5	transparent
#979797	69	94	152	68.5	69.5	93.5	94.5	transparent
#9C9C9C	70	94	157	69.5	70.5	93.5	94.5	transparent
#A4A4A4	71	94	165	70.5	71.5	93.5	94.5	transparent
#A7A7A7	72	94	168	71.5	72.5	93.5	94.5	transparent
#AAAAAA	73	94	171	72.5	73.5	93.5	94.5	transparent
#ABABAB	74	94	172	73.5	74.5	93.5	94.5	transparent
#A2A2A2	75	94	163	74.5	75.5	93.5	94.5	transparent
#969696	76	94	151	75.5	76.5	93.5	94.5	transparent
#888888	77	94	137	76.5	77.5	93.5	94.5	transparent
#808080	78	94	129	77.5	78.5	93.5	94.5	transparent
#7C7C7C	79	94	125	78.5	79.5	93.5	94.5	transparent
#727272	80	94	115	79.5	80.5	93.5	94.5	transparent
#5B5B5B	81	94	92	80.5	81.5	93.5	94.5	transparent
#3D3D3D	82	94	62	81.5	82.5	93.5	94.5	transparent
#333333	83	94	52	82.5	83.5	93.5	94.5	transparent
#343434	84	94	53	83.5	84.5	93.5	94.5	transparent
#353535	85	94	54	84.5	85.5	93.5	94.5	transparent
#363636	86	94	55	85.5	86.5	93.5	94.5	transparent
#3E3E3E	87	94	63	86.5	87.5	93.5	94.5	transparent
#414141	88	94	66	87.5	88.5	93.5	94.5	transparent
#414141	89	94	66	88.5	89.5	93.5	94.5	transparent
#424242	90	94	67	89.5	90.5	93.5	94.5	transparent
#383838	91	94	57	90.5	91.5	93.5	94.5	transparent
#3A3A3A	92	94	59	91.5	92.5	93.5	94.5	transparent
#3D3D3D	93	94	62	92.5	93.5	93.5	94.5	transparent
#3D3D3D	94	94	62	93.5	94.5	93.5	94.5	transparent
#373737	95	94	56	94.5	95.5	93.5	94.5	transparent
#393939	96	94	58	95.5	96.5	93.5	94.5	transparent
#3C3C3C	97	94	61	96.5	97.5	93.5	94.5	transparent
#404040	98	94	65	97.5	98.5	93.5	94.5	transparent
#414141	99	94	66	98.5	99.5	93.5	94.5	transparent
#424242	100	94	67	99.5	100.5	93.5	94.5	transparent
#444444	101	94	69	100.5	101.5	93.5	94.5	transparent
#454545	102	94	70	101.5	102.5	93.5	94.5	transparent
#444444	103	94	69	102.5	103.5	93.5	94.5	transparent
#484848	104	94	73	103.5	104.5	93.5	94.5	transparent
#4A4A4A	105	94	75	104.5	105.5	93.5	94.5	transparent
#484848	106	94	73	105.5	106.5	93.5	94.5	transparent
#464646	107	94	71	106.5	107.5	93.5	94.5	transparent
#474747	108	94	72	107.5	108.5	93.5	94.5	transparent
#4C4C4C	109	94	77	108.5	109.5	93.5	94.5	transparent
#555555	110	94	86	109.5	110.5	93.5	94.5	transparent
#595959	111	94	90	110.5	111.5	93.5	94.5	transparent
#5D5D5D	112	94	94	111.5	112.5	93.5	94.5	transparent
#656565	113	94	102	112.5	113.5	93.5	94.5	transparent
#7F7F7F	114	94	128	113.5	114.5	93.5	94.5	transparent
#9D9D9D	115	94	158	114.5	115.5	93.5	94.5	transparent
#ABABAB	116	94	172	115.5	116.5	93.5	94.5	transparent
#BCBCBC	117	94	189	116.5	117.5	93.5	94.5	transparent
#C0C0C0	118	94	193	117.5	118.5	93.5	94.5	transparent
#B5B5B5	119	94	182	118.5	119.5	93.5	94.5	transparent
#B1B1B1	120	94	178	119.5	120.5	93.5	94.5	transparent
#AEAEAE	121	94	175	120.5	121.5	93.5	94.5	transparent
#AEAEAE	122	94	175	121.5	122.5	93.5	94.5	transparent
#B0B0B0	123	94	177	122.5	123.5	93.5	94.5	transparent
#AFAFAF	124	94	176	123.5	124.5	93.5	94.5	transparent
#B0B0B0	125	94	177	124.5	125.5	93.5	94.5	transparent
#B5B5B5	126	94	182	125.5	126.5	93.5	94.5	transparent
#BDBDBD	127	94	190	126.5	127.5	93.5	94.5	transparent
#BCBCBC	128	94	189	127.5	128.5	93.5	94.5	transparent
#BCBCBC	129	94	189	128.5	129.5	93.5	94.5	transparent
#C0C0C0	130	94	193	129.5	130.5	93.5	94.5	transparent
#BEBEBE	131	94	191	130.5	131.5	93.5	94.5	transparent
#B0B0B0	132	94	177	131.5	132.5	93.5	94.5	transparent
#ABABAB	133	94	172	132.5	133.5	93.5	94.5	transparent
#A9A9A9	134	94	170	133.5	134.5	93.5	94.5	transparent
#AAAAAA	135	94	171	134.5	135.5	93.5	94.5	transparent
#ABABAB	136	94	172	135.5	136.5	93.5	94.5	transparent
#ADADAD	137	94	174	136.5	137.5	93.5	94.5	transparent
#BDBDBD	138	94	190	137.5	138.5	93.5	94.5	transparent
#CFCFCF	139	94	208	138.5	139.5	93.5	94.5	transparent
#838383	0	93	132	-0.5	0.5	92.5	93.5	transparent
#7E7E7E	1	93	127	0.5	1.5	92.5	93.5	transparent
#7F7F7F	2	93	128	1.5	2.5	92.5	93.5	transparent
#818181	3	93	130	2.5	3.5	92.5	93.5	transparent
#848484	4	93	133	3.5	4.5	92.5	93.5	transparent
#888888	5	93	137	4.5	5.5	92.5	93.5	transparent
#8A8A8A	6	93	139	5.5	6.5	92.5	93.5	transparent
#8C8C8C	7	93	141	6.5	7.5	92.5	93.5	transparent
#8F8F8F	8	93	144	7.5	8.5	92.5	93.5	transparent
#939393	9	93	148	8.5	9.5	92.5	93.5	transparent
#939393	10	93	148	9.5	10.5	92.5	93.5	transparent
#959595	11	93	150	10.5	11.5	92.5	93.5	transparent
#A4A4A4	12	93	165	11.5	12.5	92.5	93.5	transparent
#A9A9A9	13	93	170	12.5	13.5	92.5	93.5	transparent
#A5A5A5	14	93	166	13.5	14.5	92.5	93.5	transparent
#A7A7A7	15	93	168	14.5	15.5	92.5	93.5	transparent
#A5A5A5	16	93	166	15.5	16.5	92.5	93.5	transparent
#9E9E9E	17	93	159	16.5	17.5	92.5	93.5	transparent
#9A9A9A	18	93	155	17.5	18.5	92.5	93.5	transparent
#9A9A9A	19	93	155	18.5	19.5	92.5	93.5	transparent
#9D9D9D	20	93	158	19.5	20.5	92.5	93.5	transparent
#9C9C9C	21	93	157	20.5	21.5	92.5	93.5	transparent
#A1A1A1	22	93	162	21.5	22.5	92.5	93.5	transparent
#ADADAD	23	93	174	22.5	23.5	92.5	93.5	transparent
#ADADAD	24	93	174	23.5	24.5	92.5	93.5	transparent
#ABABAB	25	93	172	24.5	25.5	92.5	93.5	transparent
#878787	26	93	136	25.5	26.5	92.5	93.5	transparent
#6C6C6C	27	93	109	26.5	27.5	92.5	93.5	transparent
#646464	28	93	101	27.5	28.5	92.5	93.5	transparent
#5D5D5D	29	93	94	28.5	29.5	92.5	93.5	transparent
#545454	30	93	85	29.5	30.5	92.5	93.5	transparent
#4D4D4D	31	93	78	30.5	31.5	92.5	93.5	transparent
#474747	32	93	72	31.5	32.5	92.5	93.5	transparent
#414141	33	93	66	32.5	33.5	92.5	93.5	transparent
#3F3F3F	34	93	64	33.5	34.5	92.5	93.5	transparent
#414141	35	93	66	34.5	35.5	92.5	93.5	transparent
#3C3C3C	36	93	61	35.5	36.5	92.5	93.5	transparent
#363636	37	93	55	36.5	37.5	92.5	93.5	transparent
#2F2F2F	38	93	48	37.5	38.5	92.5	93.5	transparent
#2B2B2B	39	93	44	38.5	39.5	92.5	93.5	transparent
#282828	40	93	41	39.5	40.5	92.5	93.5	transparent
#282828	41	93	41	40.5	41.5	92.5	93.5	transparent
#2A2A2A	42	93	43	41.5	42.5	92.5	93.5	transparent
#2A2A2A	43	93	43	42.5	43.5	92.5	93.5	transparent
#2A2A2A	44	93	43	43.5	44.5	92.5	93.5	transparent
#2B2B2B	45	93	44	44.5	45.5	92.5	93.5	transparent
#2C2C2C	46	93	45	45.5	46.5	92.5	93.5	transparent
#282828	47	93	41	46.5	47.5	92.5	93.5	transparent
#282828	48	93	41	47.5	48.5	92.5	93.5	transparent
#272727	49	93	40	48.5	49.5	92.5	93.5	transparent
#292929	50	93	42	49.5	50.5	92.5	93.5	transparent
#2A2A2A	51	93	43	50.5	51.5	92.5	93.5	transparent
#2D2D2D	52	93	46	51.5	52.5	92.5	93.5	transparent
#323232	53	93	51	52.5	53.5	92.5	93.5	transparent
#2F2F2F	54	93	48	53.5	54.5	92.5	93.5	transparent
#383838	55	93	57	54.5	55.5	92.5	93.5	transparent
#414141	56	93	66	55.5	56.5	92.5	93.5	transparent
#454545	57	93	70	56.5	57.5	92.5	93.5	transparent
#3D3D3D	58	93	62	57.5	58.5	92.5	93.5	transparent
#4C4C4C	59	93	77	58.5	59.5	92.5	93.5	transparent
#595959	60	93	90	59.5	60.5	92.5	93.5	transparent
#4B4B4B	61	93	76	60.5	61.5	92.5	93.5	transparent
#444444	62	93	69	61.5	62.5	92.5	93.5	transparent
#434343	63	93	68	62.5	63.5	92.5	93.5	transparent
#4B4B4B	64	93	76	63.5	64.5	92.5	93.5	transparent
#7C7C7C	65	93	125	64.5	65.5	92.5	93.5	transparent
#8C8C8C	66	93	141	65.5	66.5	92.5	93.5	transparent
#8E8E8E	67	93	143	66.5	67.5	92.5	93.5	transparent
#919191	68	93	146	67.5	68.5	92.5	93.5	transparent
#949494	69	93	149	68.5	69.5	92.5	93.5	transparent
#9A9A9A	70	93	155	69.5	70.5	92.5	93.5	transparent
#A7A7A7	71	93	168	70.5	71.5	92.5	93.5	transparent
#A7A7A7	72	93	168	71.5	72.5	92.5	93.5	transparent
#A7A7A7	73	93	168	72.5	73.5	92.5	93.5	transparent
#ACACAC	74	93	173	73.5	74.5	92.5	93.5	transparent
#A8A8A8	75	93	169	74.5	75.5	92.5	93.5	transparent
#9C9C9C	76	93	157	75.5	76.5	92.5	93.5	transparent
#8F8F8F	77	93	144	76.5	77.5	92.5	93.5	transparent
#858585	78	93	134	77.5	78.5	92.5	93.5	transparent
#7E7E7E	79	93	127	78.5	79.5	92.5	93.5	transparent
#757575	80	93	118	79.5	80.5	92.5	93.5	transparent
#5B5B5B	81	93	92	80.5	81.5	92.5	93.5	transparent
#3E3E3E	82	93	63	81.5	82.5	92.5	93.5	transparent
#373737	83	93	56	82.5	83.5	92.5	93.5	transparent
#373737	84	93	56	83.5	84.5	92.5	93.5	transparent
#323232	85	93	51	84.5	85.5	92.5	93.5	transparent
#313131	86	93	50	85.5	86.5	92.5	93.5	transparent
#323232	87	93	51	86.5	87.5	92.5	93.5	transparent
#383838	88	93	57	87.5	88.5	92.5	93.5	transparent
#3F3F3F	89	93	64	88.5	89.5	92.5	93.5	transparent
#3D3D3D	90	93	62	89.5	90.5	92.5	93.5	transparent
#343434	91	93	53	90.5	91.5	92.5	93.5	transparent
#3A3A3A	92	93	59	91.5	92.5	92.5	93.5	transparent
#3A3A3A	93	93	59	92.5	93.5	92.5	93.5	transparent
#363636	94	93	55	93.5	94.5	92.5	93.5	transparent
#363636	95	93	55	94.5	95.5	92.5	93.5	transparent
#393939	96	93	58	95.5	96.5	92.5	93.5	transparent
#3B3B3B	97	93	60	96.5	97.5	92.5	93.5	transparent
#3F3F3F	98	93	64	97.5	98.5	92.5	93.5	transparent
#434343	99	93	68	98.5	99.5	92.5	93.5	transparent
#494949	100	93	74	99.5	100.5	92.5	93.5	transparent
#444444	101	93	69	100.5	101.5	92.5	93.5	transparent
#424242	102	93	67	101.5	102.5	92.5	93.5	transparent
#454545	103	93	70	102.5	103.5	92.5	93.5	transparent
#484848	104	93	73	103.5	104.5	92.5	93.5	transparent
#494949	105	93	74	104.5	105.5	92.5	93.5	transparent
#4B4B4B	106	93	76	105.5	106.5	92.5	93.5	transparent
#4F4F4F	107	93	80	106.5	107.5	92.5	93.5	transparent
#525252	108	93	83	107.5	108.5	92.5	93.5	transparent
#525252	109	93	83	108.5	109.5	92.5	93.5	transparent
#555555	110	93	86	109.5	110.5	92.5	93.5	transparent
#5A5A5A	111	93	91	110.5	111.5	92.5	93.5	transparent
#5F5F5F	112	93	96	111.5	112.5	92.5	93.5	transparent
#676767	113	93	104	112.5	113.5	92.5	93.5	transparent
#787878	114	93	121	113.5	114.5	92.5	93.5	transparent
#919191	115	93	146	114.5	115.5	92.5	93.5	transparent
#ABABAB	116	93	172	115.5	116.5	92.5	93.5	transparent
#B8B8B8	117	93	185	116.5	117.5	92.5	93.5	transparent
#C1C1C1	118	93	194	117.5	118.5	92.5	93.5	transparent
#B8B8B8	119	93	185	118.5	119.5	92.5	93.5	transparent
#B3B3B3	120	93	180	119.5	120.5	92.5	93.5	transparent
#B1B1B1	121	93	178	120.5	121.5	92.5	93.5	transparent
#B3B3B3	122	93	180	121.5	122.5	92.5	93.5	transparent
#B1B1B1	123	93	178	122.5	123.5	92.5	93.5	transparent
#AFAFAF	124	93	176	123.5	124.5	92.5	93.5	transparent
#AFAFAF	125	93	176	124.5	125.5	92.5	93.5	transparent
#B5B5B5	126	93	182	125.5	126.5	92.5	93.5	transparent
#BBBBBB	127	93	188	126.5	127.5	92.5	93.5	transparent
#BABABA	128	93	187	127.5	128.5	92.5	93.5	transparent
#BBBBBB	129	93	188	128.5	129.5	92.5	93.5	transparent
#C1C1C1	130	93	194	129.5	130.5	92.5	93.5	transparent
#B9B9B9	131	93	186	130.5	131.5	92.5	93.5	transparent
#AFAFAF	132	93	176	131.5	132.5	92.5	93.5	transparent
#ACACAC	133	93	173	132.5	133.5	92.5	93.5	transparent
#ABABAB	134	93	172	133.5	134.5	92.5	93.5	transparent
#AAAAAA	135	93	171	134.5	135.5	92.5	93.5	transparent
#A9A9A9	136	93	170	135.5	136.5	92.5	93.5	transparent
#ACACAC	137	93	173	136.5	137.5	92.5	93.5	transparent
#BBBBBB	138	93	188	137.5	138.5	92.5	93.5	transparent
#CFCFCF	139	93	208	138.5	139.5	92.5	93.5	transparent
#818181	0	92	130	-0.5	0.5	91.5	92.5	transparent
#7C7C7C	1	92	125	0.5	1.5	91.5	92.5	transparent
#7C7C7C	2	92	125	1.5	2.5	91.5	92.5	transparent
#7C7C7C	3	92	125	2.5	3.5	91.5	92.5	transparent
#808080	4	92	129	3.5	4.5	91.5	92.5	transparent
#858585	5	92	134	4.5	5.5	91.5	92.5	transparent
#878787	6	92	136	5.5	6.5	91.5	92.5	transparent
#8A8A8A	7	92	139	6.5	7.5	91.5	92.5	transparent
#8F8F8F	8	92	144	7.5	8.5	91.5	92.5	transparent
#939393	9	92	148	8.5	9.5	91.5	92.5	transparent
#939393	10	92	148	9.5	10.5	91.5	92.5	transparent
#949494	11	92	149	10.5	11.5	91.5	92.5	transparent
#9E9E9E	12	92	159	11.5	12.5	91.5	92.5	transparent
#A7A7A7	13	92	168	12.5	13.5	91.5	92.5	transparent
#A5A5A5	14	92	166	13.5	14.5	91.5	92.5	transparent
#A6A6A6	15	92	167	14.5	15.5	91.5	92.5	transparent
#A4A4A4	16	92	165	15.5	16.5	91.5	92.5	transparent
#9F9F9F	17	92	160	16.5	17.5	91.5	92.5	transparent
#999999	18	92	154	17.5	18.5	91.5	92.5	transparent
#9A9A9A	19	92	155	18.5	19.5	91.5	92.5	transparent
#9F9F9F	20	92	160	19.5	20.5	91.5	92.5	transparent
#9E9E9E	21	92	159	20.5	21.5	91.5	92.5	transparent
#A7A7A7	22	92	168	21.5	22.5	91.5	92.5	transparent
#ACACAC	23	92	173	22.5	23.5	91.5	92.5	transparent
#AEAEAE	24	92	175	23.5	24.5	91.5	92.5	transparent
#A6A6A6	25	92	167	24.5	25.5	91.5	92.5	transparent
#7D7D7D	26	92	126	25.5	26.5	91.5	92.5	transparent
#6B6B6B	27	92	108	26.5	27.5	91.5	92.5	transparent
#676767	28	92	104	27.5	28.5	91.5	92.5	transparent
#646464	29	92	101	28.5	29.5	91.5	92.5	transparent
#585858	30	92	89	29.5	30.5	91.5	92.5	transparent
#4D4D4D	31	92	78	30.5	31.5	91.5	92.5	transparent
#484848	32	92	73	31.5	32.5	91.5	92.5	transparent
#464646	33	92	71	32.5	33.5	91.5	92.5	transparent
#434343	34	92	68	33.5	34.5	91.5	92.5	transparent
#393939	35	92	58	34.5	35.5	91.5	92.5	transparent
#303030	36	92	49	35.5	36.5	91.5	92.5	transparent
#2D2D2D	37	92	46	36.5	37.5	91.5	92.5	transparent
#282828	38	92	41	37.5	38.5	91.5	92.5	transparent
#252525	39	92	38	38.5	39.5	91.5	92.5	transparent
#262626	40	92	39	39.5	40.5	91.5	92.5	transparent
#252525	41	92	38	40.5	41.5	91.5	92.5	transparent
#262626	42	92	39	41.5	42.5	91.5	92.5	transparent
#272727	43	92	40	42.5	43.5	91.5	92.5	transparent
#262626	44	92	39	43.5	44.5	91.5	92.5	transparent
#272727	45	92	40	44.5	45.5	91.5	92.5	transparent
#2A2A2A	46	92	43	45.5	46.5	91.5	92.5	transparent
#2A2A2A	47	92	43	46.5	47.5	91.5	92.5	transparent
#292929	48	92	42	47.5	48.5	91.5	92.5	transparent
#2B2B2B	49	92	44	48.5	49.5	91.5	92.5	transparent
#313131	50	92	50	49.5	50.5	91.5	92.5	transparent
#333333	51	92	52	50.5	51.5	91.5	92.5	transparent
#2C2C2C	52	92	45	51.5	52.5	91.5	92.5	transparent
#2B2B2B	53	92	44	52.5	53.5	91.5	92.5	transparent
#2F2F2F	54	92	48	53.5	54.5	91.5	92.5	transparent
#343434	55	92	53	54.5	55.5	91.5	92.5	transparent
#404040	56	92	65	55.5	56.5	91.5	92.5	transparent
#464646	57	92	71	56.5	57.5	91.5	92.5	transparent
#444444	58	92	69	57.5	58.5	91.5	92.5	transparent
#454545	59	92	70	58.5	59.5	91.5	92.5	transparent
#525252	60	92	83	59.5	60.5	91.5	92.5	transparent
#4C4C4C	61	92	77	60.5	61.5	91.5	92.5	transparent
#454545	62	92	70	61.5	62.5	91.5	92.5	transparent
#454545	63	92	70	62.5	63.5	91.5	92.5	transparent
#575757	64	92	88	63.5	64.5	91.5	92.5	transparent
#7E7E7E	65	92	127	64.5	65.5	91.5	92.5	transparent
#888888	66	92	137	65.5	66.5	91.5	92.5	transparent
#909090	67	92	145	66.5	67.5	91.5	92.5	transparent
#999999	68	92	154	67.5	68.5	91.5	92.5	transparent
#999999	69	92	154	68.5	69.5	91.5	92.5	transparent
#989898	70	92	153	69.5	70.5	91.5	92.5	transparent
#A8A8A8	71	92	169	70.5	71.5	91.5	92.5	transparent
#AAAAAA	72	92	171	71.5	72.5	91.5	92.5	transparent
#A8A8A8	73	92	169	72.5	73.5	91.5	92.5	transparent
#ABABAB	74	92	172	73.5	74.5	91.5	92.5	transparent
#A9A9A9	75	92	170	74.5	75.5	91.5	92.5	transparent
#9A9A9A	76	92	155	75.5	76.5	91.5	92.5	transparent
#8E8E8E	77	92	143	76.5	77.5	91.5	92.5	transparent
#868686	78	92	135	77.5	78.5	91.5	92.5	transparent
#7E7E7E	79	92	127	78.5	79.5	91.5	92.5	transparent
#767676	80	92	119	79.5	80.5	91.5	92.5	transparent
#565656	81	92	87	80.5	81.5	91.5	92.5	transparent
#323232	82	92	51	81.5	82.5	91.5	92.5	transparent
#2C2C2C	83	92	45	82.5	83.5	91.5	92.5	transparent
#2A2A2A	84	92	43	83.5	84.5	91.5	92.5	transparent
#282828	85	92	41	84.5	85.5	91.5	92.5	transparent
#2D2D2D	86	92	46	85.5	86.5	91.5	92.5	transparent
#2F2F2F	87	92	48	86.5	87.5	91.5	92.5	transparent
#363636	88	92	55	87.5	88.5	91.5	92.5	transparent
#3E3E3E	89	92	63	88.5	89.5	91.5	92.5	transparent
#3F3F3F	90	92	64	89.5	90.5	91.5	92.5	transparent
#3A3A3A	91	92	59	90.5	91.5	91.5	92.5	transparent
#393939	92	92	58	91.5	92.5	91.5	92.5	transparent
#323232	93	92	51	92.5	93.5	91.5	92.5	transparent
#313131	94	92	50	93.5	94.5	91.5	92.5	transparent
#333333	95	92	52	94.5	95.5	91.5	92.5	transparent
#343434	96	92	53	95.5	96.5	91.5	92.5	transparent
#353535	97	92	54	96.5	97.5	91.5	92.5	transparent
#383838	98	92	57	97.5	98.5	91.5	92.5	transparent
#3C3C3C	99	92	61	98.5	99.5	91.5	92.5	transparent
#3D3D3D	100	92	62	99.5	100.5	91.5	92.5	transparent
#3F3F3F	101	92	64	100.5	101.5	91.5	92.5	transparent
#434343	102	92	68	101.5	102.5	91.5	92.5	transparent
#474747	103	92	72	102.5	103.5	91.5	92.5	transparent
#4A4A4A	104	92	75	103.5	104.5	91.5	92.5	transparent
#4B4B4B	105	92	76	104.5	105.5	91.5	92.5	transparent
#4E4E4E	106	92	79	105.5	106.5	91.5	92.5	transparent
#525252	107	92	83	106.5	107.5	91.5	92.5	transparent
#565656	108	92	87	107.5	108.5	91.5	92.5	transparent
#595959	109	92	90	108.5	109.5	91.5	92.5	transparent
#5B5B5B	110	92	92	109.5	110.5	91.5	92.5	transparent
#5D5D5D	111	92	94	110.5	111.5	91.5	92.5	transparent
#626262	112	92	99	111.5	112.5	91.5	92.5	transparent
#6B6B6B	113	92	108	112.5	113.5	91.5	92.5	transparent
#767676	114	92	119	113.5	114.5	91.5	92.5	transparent
#838383	115	92	132	114.5	115.5	91.5	92.5	transparent
#A2A2A2	116	92	163	115.5	116.5	91.5	92.5	transparent
#B8B8B8	117	92	185	116.5	117.5	91.5	92.5	transparent
#BEBEBE	118	92	191	117.5	118.5	91.5	92.5	transparent
#BCBCBC	119	92	189	118.5	119.5	91.5	92.5	transparent
#B4B4B4	120	92	181	119.5	120.5	91.5	92.5	transparent
#B3B3B3	121	92	180	120.5	121.5	91.5	92.5	transparent
#B4B4B4	122	92	181	121.5	122.5	91.5	92.5	transparent
#AFAFAF	123	92	176	122.5	123.5	91.5	92.5	transparent
#ADADAD	124	92	174	123.5	124.5	91.5	92.5	transparent
#B0B0B0	125	92	177	124.5	125.5	91.5	92.5	transparent
#B6B6B6	126	92	183	125.5	126.5	91.5	92.5	transparent
#BBBBBB	127	92	188	126.5	127.5	91.5	92.5	transparent
#B8B8B8	128	92	185	127.5	128.5	91.5	92.5	transparent
#BBBBBB	129	92	188	128.5	129.5	91.5	92.5	transparent
#C0C0C0	130	92	193	129.5	130.5	91.5	92.5	transparent
#B5B5B5	131	92	182	130.5	131.5	91.5	92.5	transparent
#AFAFAF	132	92	176	131.5	132.5	91.5	92.5	transparent
#AEAEAE	133	92	175	132.5	133.5	91.5	92.5	transparent
#ABABAB	134	92	172	133.5	134.5	91.5	92.5	transparent
#A8A8A8	135	92	169	134.5	135.5	91.5	92.5	transparent
#A7A7A7	136	92	168	135.5	136.5	91.5	92.5	transparent
#ABABAB	137	92	172	136.5	137.5	91.5	92.5	transparent
#BBBBBB	138	92	188	137.5	138.5	91.5	92.5	transparent
#CDCDCD	139	92	206	138.5	139.5	91.5	92.5	transparent
#7B7B7B	0	91	124	-0.5	0.5	90.5	91.5	transparent
#757575	1	91	118	0.5	1.5	90.5	91.5	transparent
#757575	2	91	118	1.5	2.5	90.5	91.5	transparent
#777777	3	91	120	2.5	3.5	90.5	91.5	transparent
#797979	4	91	122	3.5	4.5	90.5	91.5	transparent
#7F7F7F	5	91	128	4.5	5.5	90.5	91.5	transparent
#858585	6	91	134	5.5	6.5	90.5	91.5	transparent
#878787	7	91	136	6.5	7.5	90.5	91.5	transparent
#8C8C8C	8	91	141	7.5	8.5	90.5	91.5	transparent
#909090	9	91	145	8.5	9.5	90.5	91.5	transparent
#929292	10	91	147	9.5	10.5	90.5	91.5	transparent
#929292	11	91	147	10.5	11.5	90.5	91.5	transparent
#9A9A9A	12	91	155	11.5	12.5	90.5	91.5	transparent
#A5A5A5	13	91	166	12.5	13.5	90.5	91.5	transparent
#A4A4A4	14	91	165	13.5	14.5	90.5	91.5	transparent
#A4A4A4	15	91	165	14.5	15.5	90.5	91.5	transparent
#A5A5A5	16	91	166	15.5	16.5	90.5	91.5	transparent
#A0A0A0	17	91	161	16.5	17.5	90.5	91.5	transparent
#999999	18	91	154	17.5	18.5	90.5	91.5	transparent
#989898	19	91	153	18.5	19.5	90.5	91.5	transparent
#9D9D9D	20	91	158	19.5	20.5	90.5	91.5	transparent
#A0A0A0	21	91	161	20.5	21.5	90.5	91.5	transparent
#ABABAB	22	91	172	21.5	22.5	90.5	91.5	transparent
#ACACAC	23	91	173	22.5	23.5	90.5	91.5	transparent
#B1B1B1	24	91	178	23.5	24.5	90.5	91.5	transparent
#9B9B9B	25	91	156	24.5	25.5	90.5	91.5	transparent
#777777	26	91	120	25.5	26.5	90.5	91.5	transparent
#707070	27	91	113	26.5	27.5	90.5	91.5	transparent
#696969	28	91	106	27.5	28.5	90.5	91.5	transparent
#5F5F5F	29	91	96	28.5	29.5	90.5	91.5	transparent
#595959	30	91	90	29.5	30.5	90.5	91.5	transparent
#525252	31	91	83	30.5	31.5	90.5	91.5	transparent
#494949	32	91	74	31.5	32.5	90.5	91.5	transparent
#3D3D3D	33	91	62	32.5	33.5	90.5	91.5	transparent
#343434	34	91	53	33.5	34.5	90.5	91.5	transparent
#333333	35	91	52	34.5	35.5	90.5	91.5	transparent
#2D2D2D	36	91	46	35.5	36.5	90.5	91.5	transparent
#272727	37	91	40	36.5	37.5	90.5	91.5	transparent
#252525	38	91	38	37.5	38.5	90.5	91.5	transparent
#232323	39	91	36	38.5	39.5	90.5	91.5	transparent
#232323	40	91	36	39.5	40.5	90.5	91.5	transparent
#232323	41	91	36	40.5	41.5	90.5	91.5	transparent
#242424	42	91	37	41.5	42.5	90.5	91.5	transparent
#242424	43	91	37	42.5	43.5	90.5	91.5	transparent
#242424	44	91	37	43.5	44.5	90.5	91.5	transparent
#242424	45	91	37	44.5	45.5	90.5	91.5	transparent
#252525	46	91	38	45.5	46.5	90.5	91.5	transparent
#252525	47	91	38	46.5	47.5	90.5	91.5	transparent
#262626	48	91	39	47.5	48.5	90.5	91.5	transparent
#282828	49	91	41	48.5	49.5	90.5	91.5	transparent
#323232	50	91	51	49.5	50.5	90.5	91.5	transparent
#373737	51	91	56	50.5	51.5	90.5	91.5	transparent
#2C2C2C	52	91	45	51.5	52.5	90.5	91.5	transparent
#292929	53	91	42	52.5	53.5	90.5	91.5	transparent
#2F2F2F	54	91	48	53.5	54.5	90.5	91.5	transparent
#383838	55	91	57	54.5	55.5	90.5	91.5	transparent
#373737	56	91	56	55.5	56.5	90.5	91.5	transparent
#393939	57	91	58	56.5	57.5	90.5	91.5	transparent
#3F3F3F	58	91	64	57.5	58.5	90.5	91.5	transparent
#444444	59	91	69	58.5	59.5	90.5	91.5	transparent
#484848	60	91	73	59.5	60.5	90.5	91.5	transparent
#4C4C4C	61	91	77	60.5	61.5	90.5	91.5	transparent
#494949	62	91	74	61.5	62.5	90.5	91.5	transparent
#4D4D4D	63	91	78	62.5	63.5	90.5	91.5	transparent
#616161	64	91	98	63.5	64.5	90.5	91.5	transparent
#7A7A7A	65	91	123	64.5	65.5	90.5	91.5	transparent
#888888	66	91	137	65.5	66.5	90.5	91.5	transparent
#939393	67	91	148	66.5	67.5	90.5	91.5	transparent
#9B9B9B	68	91	156	67.5	68.5	90.5	91.5	transparent
#9C9C9C	69	91	157	68.5	69.5	90.5	91.5	transparent
#9D9D9D	70	91	158	69.5	70.5	90.5	91.5	transparent
#A7A7A7	71	91	168	70.5	71.5	90.5	91.5	transparent
#AAAAAA	72	91	171	71.5	72.5	90.5	91.5	transparent
#A8A8A8	73	91	169	72.5	73.5	90.5	91.5	transparent
#AAAAAA	74	91	171	73.5	74.5	90.5	91.5	transparent
#A5A5A5	75	91	166	74.5	75.5	90.5	91.5	transparent
#979797	76	91	152	75.5	76.5	90.5	91.5	transparent
#8D8D8D	77	91	142	76.5	77.5	90.5	91.5	transparent
#878787	78	91	136	77.5	78.5	90.5	91.5	transparent
#7F7F7F	79	91	128	78.5	79.5	90.5	91.5	transparent
#737373	80	91	116	79.5	80.5	90.5	91.5	transparent
#565656	81	91	87	80.5	81.5	90.5	91.5	transparent
#303030	82	91	49	81.5	82.5	90.5	91.5	transparent
#292929	83	91	42	82.5	83.5	90.5	91.5	transparent
#2B2B2B	84	91	44	83.5	84.5	90.5	91.5	transparent
#303030	85	91	49	84.5	85.5	90.5	91.5	transparent
#343434	86	91	53	85.5	86.5	90.5	91.5	transparent
#303030	87	91	49	86.5	87.5	90.5	91.5	transparent
#353535	88	91	54	87.5	88.5	90.5	91.5	transparent
#3A3A3A	89	91	59	88.5	89.5	90.5	91.5	transparent
#434343	90	91	68	89.5	90.5	90.5	91.5	transparent
#3F3F3F	91	91	64	90.5	91.5	90.5	91.5	transparent
#333333	92	91	52	91.5	92.5	90.5	91.5	transparent
#303030	93	91	49	92.5	93.5	90.5	91.5	transparent
#323232	94	91	51	93.5	94.5	90.5	91.5	transparent
#333333	95	91	52	94.5	95.5	90.5	91.5	transparent
#333333	96	91	52	95.5	96.5	90.5	91.5	transparent
#333333	97	91	52	96.5	97.5	90.5	91.5	transparent
#373737	98	91	56	97.5	98.5	90.5	91.5	transparent
#353535	99	91	54	98.5	99.5	90.5	91.5	transparent
#363636	100	91	55	99.5	100.5	90.5	91.5	transparent
#383838	101	91	57	100.5	101.5	90.5	91.5	transparent
#393939	102	91	58	101.5	102.5	90.5	91.5	transparent
#424242	103	91	67	102.5	103.5	90.5	91.5	transparent
#4A4A4A	104	91	75	103.5	104.5	90.5	91.5	transparent
#4F4F4F	105	91	80	104.5	105.5	90.5	91.5	transparent
#545454	106	91	85	105.5	106.5	90.5	91.5	transparent
#575757	107	91	88	106.5	107.5	90.5	91.5	transparent
#585858	108	91	89	107.5	108.5	90.5	91.5	transparent
#5B5B5B	109	91	92	108.5	109.5	90.5	91.5	transparent
#606060	110	91	97	109.5	110.5	90.5	91.5	transparent
#656565	111	91	102	110.5	111.5	90.5	91.5	transparent
#6B6B6B	112	91	108	111.5	112.5	90.5	91.5	transparent
#6F6F6F	113	91	112	112.5	113.5	90.5	91.5	transparent
#757575	114	91	118	113.5	114.5	90.5	91.5	transparent
#7F7F7F	115	91	128	114.5	115.5	90.5	91.5	transparent
#959595	116	91	150	115.5	116.5	90.5	91.5	transparent
#B7B7B7	117	91	184	116.5	117.5	90.5	91.5	transparent
#BFBFBF	118	91	192	117.5	118.5	90.5	91.5	transparent
#BFBFBF	119	91	192	118.5	119.5	90.5	91.5	transparent
#B7B7B7	120	91	184	119.5	120.5	90.5	91.5	transparent
#B3B3B3	121	91	180	120.5	121.5	90.5	91.5	transparent
#B2B2B2	122	91	179	121.5	122.5	90.5	91.5	transparent
#AEAEAE	123	91	175	122.5	123.5	90.5	91.5	transparent
#ACACAC	124	91	173	123.5	124.5	90.5	91.5	transparent
#B0B0B0	125	91	177	124.5	125.5	90.5	91.5	transparent
#B5B5B5	126	91	182	125.5	126.5	90.5	91.5	transparent
#B9B9B9	127	91	186	126.5	127.5	90.5	91.5	transparent
#B7B7B7	128	91	184	127.5	128.5	90.5	91.5	transparent
#BBBBBB	129	91	188	128.5	129.5	90.5	91.5	transparent
#BDBDBD	130	91	190	129.5	130.5	90.5	91.5	transparent
#B2B2B2	131	91	179	130.5	131.5	90.5	91.5	transparent
#AEAEAE	132	91	175	131.5	132.5	90.5	91.5	transparent
#ABABAB	133	91	172	132.5	133.5	90.5	91.5	transparent
#AAAAAA	134	91	171	133.5	134.5	90.5	91.5	transparent
#A7A7A7	135	91	168	134.5	135.5	90.5	91.5	transparent
#A5A5A5	136	91	166	135.5	136.5	90.5	91.5	transparent
#A9A9A9	137	91	170	136.5	137.5	90.5	91.5	transparent
#B8B8B8	138	91	185	137.5	138.5	90.5	91.5	transparent
#CBCBCB	139	91	204	138.5	139.5	90.5	91.5	transparent
#757575	0	90	118	-0.5	0.5	89.5	90.5	transparent
#717171	1	90	114	0.5	1.5	89.5	90.5	transparent
#727272	2	90	115	1.5	2.5	89.5	90.5	transparent
#737373	3	90	116	2.5	3.5	89.5	90.5	transparent
#777777	4	90	120	3.5	4.5	89.5	90.5	transparent
#7B7B7B	5	90	124	4.5	5.5	89.5	90.5	transparent
#7F7F7F	6	90	128	5.5	6.5	89.5	90.5	transparent
#838383	7	90	132	6.5	7.5	89.5	90.5	transparent
#868686	8	90	135	7.5	8.5	89.5	90.5	transparent
#8B8B8B	9	90	140	8.5	9.5	89.5	90.5	transparent
#8E8E8E	10	90	143	9.5	10.5	89.5	90.5	transparent
#8F8F8F	11	90	144	10.5	11.5	89.5	90.5	transparent
#969696	12	90	151	11.5	12.5	89.5	90.5	transparent
#A3A3A3	13	90	164	12.5	13.5	89.5	90.5	transparent
#A2A2A2	14	90	163	13.5	14.5	89.5	90.5	transparent
#A2A2A2	15	90	163	14.5	15.5	89.5	90.5	transparent
#A3A3A3	16	90	164	15.5	16.5	89.5	90.5	transparent
#A0A0A0	17	90	161	16.5	17.5	89.5	90.5	transparent
#979797	18	90	152	17.5	18.5	89.5	90.5	transparent
#979797	19	90	152	18.5	19.5	89.5	90.5	transparent
#9C9C9C	20	90	157	19.5	20.5	89.5	90.5	transparent
#A0A0A0	21	90	161	20.5	21.5	89.5	90.5	transparent
#ACACAC	22	90	173	21.5	22.5	89.5	90.5	transparent
#ADADAD	23	90	174	22.5	23.5	89.5	90.5	transparent
#B3B3B3	24	90	180	23.5	24.5	89.5	90.5	transparent
#939393	25	90	148	24.5	25.5	89.5	90.5	transparent
#787878	26	90	121	25.5	26.5	89.5	90.5	transparent
#6F6F6F	27	90	112	26.5	27.5	89.5	90.5	transparent
#636363	28	90	100	27.5	28.5	89.5	90.5	transparent
#5F5F5F	29	90	96	28.5	29.5	89.5	90.5	transparent
#5C5C5C	30	90	93	29.5	30.5	89.5	90.5	transparent
#4F4F4F	31	90	80	30.5	31.5	89.5	90.5	transparent
#3B3B3B	32	90	60	31.5	32.5	89.5	90.5	transparent
#343434	33	90	53	32.5	33.5	89.5	90.5	transparent
#333333	34	90	52	33.5	34.5	89.5	90.5	transparent
#2F2F2F	35	90	48	34.5	35.5	89.5	90.5	transparent
#292929	36	90	42	35.5	36.5	89.5	90.5	transparent
#272727	37	90	40	36.5	37.5	89.5	90.5	transparent
#252525	38	90	38	37.5	38.5	89.5	90.5	transparent
#252525	39	90	38	38.5	39.5	89.5	90.5	transparent
#252525	40	90	38	39.5	40.5	89.5	90.5	transparent
#242424	41	90	37	40.5	41.5	89.5	90.5	transparent
#232323	42	90	36	41.5	42.5	89.5	90.5	transparent
#242424	43	90	37	42.5	43.5	89.5	90.5	transparent
#262626	44	90	39	43.5	44.5	89.5	90.5	transparent
#252525	45	90	38	44.5	45.5	89.5	90.5	transparent
#252525	46	90	38	45.5	46.5	89.5	90.5	transparent
#242424	47	90	37	46.5	47.5	89.5	90.5	transparent
#252525	48	90	38	47.5	48.5	89.5	90.5	transparent
#262626	49	90	39	48.5	49.5	89.5	90.5	transparent
#292929	50	90	42	49.5	50.5	89.5	90.5	transparent
#313131	51	90	50	50.5	51.5	89.5	90.5	transparent
#323232	52	90	51	51.5	52.5	89.5	90.5	transparent
#2A2A2A	53	90	43	52.5	53.5	89.5	90.5	transparent
#252525	54	90	38	53.5	54.5	89.5	90.5	transparent
#2D2D2D	55	90	46	54.5	55.5	89.5	90.5	transparent
#353535	56	90	54	55.5	56.5	89.5	90.5	transparent
#363636	57	90	55	56.5	57.5	89.5	90.5	transparent
#363636	58	90	55	57.5	58.5	89.5	90.5	transparent
#424242	59	90	67	58.5	59.5	89.5	90.5	transparent
#484848	60	90	73	59.5	60.5	89.5	90.5	transparent
#424242	61	90	67	60.5	61.5	89.5	90.5	transparent
#424242	62	90	67	61.5	62.5	89.5	90.5	transparent
#434343	63	90	68	62.5	63.5	89.5	90.5	transparent
#5A5A5A	64	90	91	63.5	64.5	89.5	90.5	transparent
#787878	65	90	121	64.5	65.5	89.5	90.5	transparent
#8B8B8B	66	90	140	65.5	66.5	89.5	90.5	transparent
#939393	67	90	148	66.5	67.5	89.5	90.5	transparent
#989898	68	90	153	67.5	68.5	89.5	90.5	transparent
#9C9C9C	69	90	157	68.5	69.5	89.5	90.5	transparent
#9F9F9F	70	90	160	69.5	70.5	89.5	90.5	transparent
#A5A5A5	71	90	166	70.5	71.5	89.5	90.5	transparent
#A8A8A8	72	90	169	71.5	72.5	89.5	90.5	transparent
#A9A9A9	73	90	170	72.5	73.5	89.5	90.5	transparent
#ABABAB	74	90	172	73.5	74.5	89.5	90.5	transparent
#A1A1A1	75	90	162	74.5	75.5	89.5	90.5	transparent
#939393	76	90	148	75.5	76.5	89.5	90.5	transparent
#8E8E8E	77	90	143	76.5	77.5	89.5	90.5	transparent
#868686	78	90	135	77.5	78.5	89.5	90.5	transparent
#797979	79	90	122	78.5	79.5	89.5	90.5	transparent
#6D6D6D	80	90	110	79.5	80.5	89.5	90.5	transparent
#595959	81	90	90	80.5	81.5	89.5	90.5	transparent
#3C3C3C	82	90	61	81.5	82.5	89.5	90.5	transparent
#303030	83	90	49	82.5	83.5	89.5	90.5	transparent
#2B2B2B	84	90	44	83.5	84.5	89.5	90.5	transparent
#2D2D2D	85	90	46	84.5	85.5	89.5	90.5	transparent
#2F2F2F	86	90	48	85.5	86.5	89.5	90.5	transparent
#333333	87	90	52	86.5	87.5	89.5	90.5	transparent
#3B3B3B	88	90	60	87.5	88.5	89.5	90.5	transparent
#404040	89	90	65	88.5	89.5	89.5	90.5	transparent
#414141	90	90	66	89.5	90.5	89.5	90.5	transparent
#454545	91	90	70	90.5	91.5	89.5	90.5	transparent
#3A3A3A	92	90	59	91.5	92.5	89.5	90.5	transparent
#313131	93	90	50	92.5	93.5	89.5	90.5	transparent
#2F2F2F	94	90	48	93.5	94.5	89.5	90.5	transparent
#333333	95	90	52	94.5	95.5	89.5	90.5	transparent
#323232	96	90	51	95.5	96.5	89.5	90.5	transparent
#343434	97	90	53	96.5	97.5	89.5	90.5	transparent
#333333	98	90	52	97.5	98.5	89.5	90.5	transparent
#343434	99	90	53	98.5	99.5	89.5	90.5	transparent
#363636	100	90	55	99.5	100.5	89.5	90.5	transparent
#363636	101	90	55	100.5	101.5	89.5	90.5	transparent
#3A3A3A	102	90	59	101.5	102.5	89.5	90.5	transparent
#3B3B3B	103	90	60	102.5	103.5	89.5	90.5	transparent
#3F3F3F	104	90	64	103.5	104.5	89.5	90.5	transparent
#474747	105	90	72	104.5	105.5	89.5	90.5	transparent
#525252	106	90	83	105.5	106.5	89.5	90.5	transparent
#595959	107	90	90	106.5	107.5	89.5	90.5	transparent
#5E5E5E	108	90	95	107.5	108.5	89.5	90.5	transparent
#606060	109	90	97	108.5	109.5	89.5	90.5	transparent
#636363	110	90	100	109.5	110.5	89.5	90.5	transparent
#696969	111	90	106	110.5	111.5	89.5	90.5	transparent
#737373	112	90	116	111.5	112.5	89.5	90.5	transparent
#787878	113	90	121	112.5	113.5	89.5	90.5	transparent
#777777	114	90	120	113.5	114.5	89.5	90.5	transparent
#7C7C7C	115	90	125	114.5	115.5	89.5	90.5	transparent
#8E8E8E	116	90	143	115.5	116.5	89.5	90.5	transparent
#B1B1B1	117	90	178	116.5	117.5	89.5	90.5	transparent
#C1C1C1	118	90	194	117.5	118.5	89.5	90.5	transparent
#BFBFBF	119	90	192	118.5	119.5	89.5	90.5	transparent
#BABABA	120	90	187	119.5	120.5	89.5	90.5	transparent
#B0B0B0	121	90	177	120.5	121.5	89.5	90.5	transparent
#AFAFAF	122	90	176	121.5	122.5	89.5	90.5	transparent
#ACACAC	123	90	173	122.5	123.5	89.5	90.5	transparent
#ADADAD	124	90	174	123.5	124.5	89.5	90.5	transparent
#AFAFAF	125	90	176	124.5	125.5	89.5	90.5	transparent
#B5B5B5	126	90	182	125.5	126.5	89.5	90.5	transparent
#B8B8B8	127	90	185	126.5	127.5	89.5	90.5	transparent
#B8B8B8	128	90	185	127.5	128.5	89.5	90.5	transparent
#BBBBBB	129	90	188	128.5	129.5	89.5	90.5	transparent
#B8B8B8	130	90	185	129.5	130.5	89.5	90.5	transparent
#AEAEAE	131	90	175	130.5	131.5	89.5	90.5	transparent
#ABABAB	132	90	172	131.5	132.5	89.5	90.5	transparent
#AAAAAA	133	90	171	132.5	133.5	89.5	90.5	transparent
#A7A7A7	134	90	168	133.5	134.5	89.5	90.5	transparent
#A4A4A4	135	90	165	134.5	135.5	89.5	90.5	transparent
#A2A2A2	136	90	163	135.5	136.5	89.5	90.5	transparent
#A4A4A4	137	90	165	136.5	137.5	89.5	90.5	transparent
#B4B4B4	138	90	181	137.5	138.5	89.5	90.5	transparent
#C9C9C9	139	90	202	138.5	139.5	89.5	90.5	transparent
#707070	0	89	113	-0.5	0.5	88.5	89.5	transparent
#6B6B6B	1	89	108	0.5	1.5	88.5	89.5	transparent
#6D6D6D	2	89	110	1.5	2.5	88.5	89.5	transparent
#717171	3	89	114	2.5	3.5	88.5	89.5	transparent
#757575	4	89	118	3.5	4.5	88.5	89.5	transparent
#797979	5	89	122	4.5	5.5	88.5	89.5	transparent
#7B7B7B	6	89	124	5.5	6.5	88.5	89.5	transparent
#7F7F7F	7	89	128	6.5	7.5	88.5	89.5	transparent
#818181	8	89	130	7.5	8.5	88.5	89.5	transparent
#858585	9	89	134	8.5	9.5	88.5	89.5	transparent
#8A8A8A	10	89	139	9.5	10.5	88.5	89.5	transparent
#8D8D8D	11	89	142	10.5	11.5	88.5	89.5	transparent
#939393	12	89	148	11.5	12.5	88.5	89.5	transparent
#A1A1A1	13	89	162	12.5	13.5	88.5	89.5	transparent
#A1A1A1	14	89	162	13.5	14.5	88.5	89.5	transparent
#A2A2A2	15	89	163	14.5	15.5	88.5	89.5	transparent
#A3A3A3	16	89	164	15.5	16.5	88.5	89.5	transparent
#9F9F9F	17	89	160	16.5	17.5	88.5	89.5	transparent
#979797	18	89	152	17.5	18.5	88.5	89.5	transparent
#969696	19	89	151	18.5	19.5	88.5	89.5	transparent
#999999	20	89	154	19.5	20.5	88.5	89.5	transparent
#A1A1A1	21	89	162	20.5	21.5	88.5	89.5	transparent
#ADADAD	22	89	174	21.5	22.5	88.5	89.5	transparent
#ADADAD	23	89	174	22.5	23.5	88.5	89.5	transparent
#B3B3B3	24	89	180	23.5	24.5	88.5	89.5	transparent
#959595	25	89	150	24.5	25.5	88.5	89.5	transparent
#767676	26	89	119	25.5	26.5	88.5	89.5	transparent
#686868	27	89	105	26.5	27.5	88.5	89.5	transparent
#646464	28	89	101	27.5	28.5	88.5	89.5	transparent
#5F5F5F	29	89	96	28.5	29.5	88.5	89.5	transparent
#4D4D4D	30	89	78	29.5	30.5	88.5	89.5	transparent
#424242	31	89	67	30.5	31.5	88.5	89.5	transparent
#3E3E3E	32	89	63	31.5	32.5	88.5	89.5	transparent
#363636	33	89	55	32.5	33.5	88.5	89.5	transparent
#303030	34	89	49	33.5	34.5	88.5	89.5	transparent
#2C2C2C	35	89	45	34.5	35.5	88.5	89.5	transparent
#292929	36	89	42	35.5	36.5	88.5	89.5	transparent
#272727	37	89	40	36.5	37.5	88.5	89.5	transparent
#262626	38	89	39	37.5	38.5	88.5	89.5	transparent
#272727	39	89	40	38.5	39.5	88.5	89.5	transparent
#232323	40	89	36	39.5	40.5	88.5	89.5	transparent
#222222	41	89	35	40.5	41.5	88.5	89.5	transparent
#212121	42	89	34	41.5	42.5	88.5	89.5	transparent
#212121	43	89	34	42.5	43.5	88.5	89.5	transparent
#232323	44	89	36	43.5	44.5	88.5	89.5	transparent
#242424	45	89	37	44.5	45.5	88.5	89.5	transparent
#272727	46	89	40	45.5	46.5	88.5	89.5	transparent
#2A2A2A	47	89	43	46.5	47.5	88.5	89.5	transparent
#2B2B2B	48	89	44	47.5	48.5	88.5	89.5	transparent
#292929	49	89	42	48.5	49.5	88.5	89.5	transparent
#292929	50	89	42	49.5	50.5	88.5	89.5	transparent
#2C2C2C	51	89	45	50.5	51.5	88.5	89.5	transparent
#303030	52	89	49	51.5	52.5	88.5	89.5	transparent
#323232	53	89	51	52.5	53.5	88.5	89.5	transparent
#272727	54	89	40	53.5	54.5	88.5	89.5	transparent
#232323	55	89	36	54.5	55.5	88.5	89.5	transparent
#292929	56	89	42	55.5	56.5	88.5	89.5	transparent
#303030	57	89	49	56.5	57.5	88.5	89.5	transparent
#303030	58	89	49	57.5	58.5	88.5	89.5	transparent
#3F3F3F	59	89	64	58.5	59.5	88.5	89.5	transparent
#484848	60	89	73	59.5	60.5	88.5	89.5	transparent
#3C3C3C	61	89	61	60.5	61.5	88.5	89.5	transparent
#3D3D3D	62	89	62	61.5	62.5	88.5	89.5	transparent
#3C3C3C	63	89	61	62.5	63.5	88.5	89.5	transparent
#575757	64	89	88	63.5	64.5	88.5	89.5	transparent
#777777	65	89	120	64.5	65.5	88.5	89.5	transparent
#888888	66	89	137	65.5	66.5	88.5	89.5	transparent
#8F8F8F	67	89	144	66.5	67.5	88.5	89.5	transparent
#979797	68	89	152	67.5	68.5	88.5	89.5	transparent
#9C9C9C	69	89	157	68.5	69.5	88.5	89.5	transparent
#9E9E9E	70	89	159	69.5	70.5	88.5	89.5	transparent
#A5A5A5	71	89	166	70.5	71.5	88.5	89.5	transparent
#A6A6A6	72	89	167	71.5	72.5	88.5	89.5	transparent
#A6A6A6	73	89	167	72.5	73.5	88.5	89.5	transparent
#A7A7A7	74	89	168	73.5	74.5	88.5	89.5	transparent
#9A9A9A	75	89	155	74.5	75.5	88.5	89.5	transparent
#8B8B8B	76	89	140	75.5	76.5	88.5	89.5	transparent
#898989	77	89	138	76.5	77.5	88.5	89.5	transparent
#808080	78	89	129	77.5	78.5	88.5	89.5	transparent
#767676	79	89	119	78.5	79.5	88.5	89.5	transparent
#6E6E6E	80	89	111	79.5	80.5	88.5	89.5	transparent
#5E5E5E	81	89	95	80.5	81.5	88.5	89.5	transparent
#4A4A4A	82	89	75	81.5	82.5	88.5	89.5	transparent
#3F3F3F	83	89	64	82.5	83.5	88.5	89.5	transparent
#3A3A3A	84	89	59	83.5	84.5	88.5	89.5	transparent
#383838	85	89	57	84.5	85.5	88.5	89.5	transparent
#3B3B3B	86	89	60	85.5	86.5	88.5	89.5	transparent
#3F3F3F	87	89	64	86.5	87.5	88.5	89.5	transparent
#414141	88	89	66	87.5	88.5	88.5	89.5	transparent
#454545	89	89	70	88.5	89.5	88.5	89.5	transparent
#454545	90	89	70	89.5	90.5	88.5	89.5	transparent
#4D4D4D	91	89	78	90.5	91.5	88.5	89.5	transparent
#424242	92	89	67	91.5	92.5	88.5	89.5	transparent
#333333	93	89	52	92.5	93.5	88.5	89.5	transparent
#313131	94	89	50	93.5	94.5	88.5	89.5	transparent
#343434	95	89	53	94.5	95.5	88.5	89.5	transparent
#333333	96	89	52	95.5	96.5	88.5	89.5	transparent
#353535	97	89	54	96.5	97.5	88.5	89.5	transparent
#363636	98	89	55	97.5	98.5	88.5	89.5	transparent
#353535	99	89	54	98.5	99.5	88.5	89.5	transparent
#373737	100	89	56	99.5	100.5	88.5	89.5	transparent
#383838	101	89	57	100.5	101.5	88.5	89.5	transparent
#3D3D3D	102	89	62	101.5	102.5	88.5	89.5	transparent
#3B3B3B	103	89	60	102.5	103.5	88.5	89.5	transparent
#3E3E3E	104	89	63	103.5	104.5	88.5	89.5	transparent
#424242	105	89	67	104.5	105.5	88.5	89.5	transparent
#454545	106	89	70	105.5	106.5	88.5	89.5	transparent
#4A4A4A	107	89	75	106.5	107.5	88.5	89.5	transparent
#565656	108	89	87	107.5	108.5	88.5	89.5	transparent
#606060	109	89	97	108.5	109.5	88.5	89.5	transparent
#676767	110	89	104	109.5	110.5	88.5	89.5	transparent
#6E6E6E	111	89	111	110.5	111.5	88.5	89.5	transparent
#747474	112	89	117	111.5	112.5	88.5	89.5	transparent
#7A7A7A	113	89	123	112.5	113.5	88.5	89.5	transparent
#7D7D7D	114	89	126	113.5	114.5	88.5	89.5	transparent
#7E7E7E	115	89	127	114.5	115.5	88.5	89.5	transparent
#888888	116	89	137	115.5	116.5	88.5	89.5	transparent
#A8A8A8	117	89	169	116.5	117.5	88.5	89.5	transparent
#C2C2C2	118	89	195	117.5	118.5	88.5	89.5	transparent
#BFBFBF	119	89	192	118.5	119.5	88.5	89.5	transparent
#BBBBBB	120	89	188	119.5	120.5	88.5	89.5	transparent
#AEAEAE	121	89	175	120.5	121.5	88.5	89.5	transparent
#ADADAD	122	89	174	121.5	122.5	88.5	89.5	transparent
#ACACAC	123	89	173	122.5	123.5	88.5	89.5	transparent
#ACACAC	124	89	173	123.5	124.5	88.5	89.5	transparent
#B0B0B0	125	89	177	124.5	125.5	88.5	89.5	transparent
#B4B4B4	126	89	181	125.5	126.5	88.5	89.5	transparent
#B7B7B7	127	89	184	126.5	127.5	88.5	89.5	transparent
#B7B7B7	128	89	184	127.5	128.5	88.5	89.5	transparent
#BABABA	129	89	187	128.5	129.5	88.5	89.5	transparent
#B4B4B4	130	89	181	129.5	130.5	88.5	89.5	transparent
#ABABAB	131	89	172	130.5	131.5	88.5	89.5	transparent
#A8A8A8	132	89	169	131.5	132.5	88.5	89.5	transparent
#A5A5A5	133	89	166	132.5	133.5	88.5	89.5	transparent
#A2A2A2	134	89	163	133.5	134.5	88.5	89.5	transparent
#9F9F9F	135	89	160	134.5	135.5	88.5	89.5	transparent
#9D9D9D	136	89	158	135.5	136.5	88.5	89.5	transparent
#9F9F9F	137	89	160	136.5	137.5	88.5	89.5	transparent
#B0B0B0	138	89	177	137.5	138.5	88.5	89.5	transparent
#C7C7C7	139	89	200	138.5	139.5	88.5	89.5	transparent
#6C6C6C	0	88	109	-0.5	0.5	87.5	88.5	transparent
#676767	1	88	104	0.5	1.5	87.5	88.5	transparent
#696969	2	88	106	1.5	2.5	87.5	88.5	transparent
#6D6D6D	3	88	110	2.5	3.5	87.5	88.5	transparent
#707070	4	88	113	3.5	4.5	87.5	88.5	transparent
#717171	5	88	114	4.5	5.5	87.5	88.5	transparent
#767676	6	88	119	5.5	6.5	87.5	88.5	transparent
#7A7A7A	7	88	123	6.5	7.5	87.5	88.5	transparent
#7E7E7E	8	88	127	7.5	8.5	87.5	88.5	transparent
#818181	9	88	130	8.5	9.5	87.5	88.5	transparent
#858585	10	88	134	9.5	10.5	87.5	88.5	transparent
#8B8B8B	11	88	140	10.5	11.5	87.5	88.5	transparent
#909090	12	88	145	11.5	12.5	87.5	88.5	transparent
#9F9F9F	13	88	160	12.5	13.5	87.5	88.5	transparent
#A0A0A0	14	88	161	13.5	14.5	87.5	88.5	transparent
#9F9F9F	15	88	160	14.5	15.5	87.5	88.5	transparent
#A1A1A1	16	88	162	15.5	16.5	87.5	88.5	transparent
#9D9D9D	17	88	158	16.5	17.5	87.5	88.5	transparent
#979797	18	88	152	17.5	18.5	87.5	88.5	transparent
#959595	19	88	150	18.5	19.5	87.5	88.5	transparent
#999999	20	88	154	19.5	20.5	87.5	88.5	transparent
#A1A1A1	21	88	162	20.5	21.5	87.5	88.5	transparent
#ADADAD	22	88	174	21.5	22.5	87.5	88.5	transparent
#AFAFAF	23	88	176	22.5	23.5	87.5	88.5	transparent
#B4B4B4	24	88	181	23.5	24.5	87.5	88.5	transparent
#949494	25	88	149	24.5	25.5	87.5	88.5	transparent
#707070	26	88	113	25.5	26.5	87.5	88.5	transparent
#696969	27	88	106	26.5	27.5	87.5	88.5	transparent
#616161	28	88	98	27.5	28.5	87.5	88.5	transparent
#4F4F4F	29	88	80	28.5	29.5	87.5	88.5	transparent
#474747	30	88	72	29.5	30.5	87.5	88.5	transparent
#444444	31	88	69	30.5	31.5	87.5	88.5	transparent
#404040	32	88	65	31.5	32.5	87.5	88.5	transparent
#383838	33	88	57	32.5	33.5	87.5	88.5	transparent
#303030	34	88	49	33.5	34.5	87.5	88.5	transparent
#2D2D2D	35	88	46	34.5	35.5	87.5	88.5	transparent
#2A2A2A	36	88	43	35.5	36.5	87.5	88.5	transparent
#292929	37	88	42	36.5	37.5	87.5	88.5	transparent
#272727	38	88	40	37.5	38.5	87.5	88.5	transparent
#282828	39	88	41	38.5	39.5	87.5	88.5	transparent
#282828	40	88	41	39.5	40.5	87.5	88.5	transparent
#272727	41	88	40	40.5	41.5	87.5	88.5	transparent
#272727	42	88	40	41.5	42.5	87.5	88.5	transparent
#272727	43	88	40	42.5	43.5	87.5	88.5	transparent
#2A2A2A	44	88	43	43.5	44.5	87.5	88.5	transparent
#2B2B2B	45	88	44	44.5	45.5	87.5	88.5	transparent
#2E2E2E	46	88	47	45.5	46.5	87.5	88.5	transparent
#2F2F2F	47	88	48	46.5	47.5	87.5	88.5	transparent
#2F2F2F	48	88	48	47.5	48.5	87.5	88.5	transparent
#2E2E2E	49	88	47	48.5	49.5	87.5	88.5	transparent
#2F2F2F	50	88	48	49.5	50.5	87.5	88.5	transparent
#2F2F2F	51	88	48	50.5	51.5	87.5	88.5	transparent
#323232	52	88	51	51.5	52.5	87.5	88.5	transparent
#3A3A3A	53	88	59	52.5	53.5	87.5	88.5	transparent
#363636	54	88	55	53.5	54.5	87.5	88.5	transparent
#2D2D2D	55	88	46	54.5	55.5	87.5	88.5	transparent
#2D2D2D	56	88	46	55.5	56.5	87.5	88.5	transparent
#313131	57	88	50	56.5	57.5	87.5	88.5	transparent
#353535	58	88	54	57.5	58.5	87.5	88.5	transparent
#404040	59	88	65	58.5	59.5	87.5	88.5	transparent
#444444	60	88	69	59.5	60.5	87.5	88.5	transparent
#404040	61	88	65	60.5	61.5	87.5	88.5	transparent
#414141	62	88	66	61.5	62.5	87.5	88.5	transparent
#444444	63	88	69	62.5	63.5	87.5	88.5	transparent
#606060	64	88	97	63.5	64.5	87.5	88.5	transparent
#7B7B7B	65	88	124	64.5	65.5	87.5	88.5	transparent
#898989	66	88	138	65.5	66.5	87.5	88.5	transparent
#959595	67	88	150	66.5	67.5	87.5	88.5	transparent
#9E9E9E	68	88	159	67.5	68.5	87.5	88.5	transparent
#9D9D9D	69	88	158	68.5	69.5	87.5	88.5	transparent
#9D9D9D	70	88	158	69.5	70.5	87.5	88.5	transparent
#A4A4A4	71	88	165	70.5	71.5	87.5	88.5	transparent
#A9A9A9	72	88	170	71.5	72.5	87.5	88.5	transparent
#A6A6A6	73	88	167	72.5	73.5	87.5	88.5	transparent
#A1A1A1	74	88	162	73.5	74.5	87.5	88.5	transparent
#959595	75	88	150	74.5	75.5	87.5	88.5	transparent
#878787	76	88	136	75.5	76.5	87.5	88.5	transparent
#838383	77	88	132	76.5	77.5	87.5	88.5	transparent
#7F7F7F	78	88	128	77.5	78.5	87.5	88.5	transparent
#787878	79	88	121	78.5	79.5	87.5	88.5	transparent
#6F6F6F	80	88	112	79.5	80.5	87.5	88.5	transparent
#626262	81	88	99	80.5	81.5	87.5	88.5	transparent
#555555	82	88	86	81.5	82.5	87.5	88.5	transparent
#4D4D4D	83	88	78	82.5	83.5	87.5	88.5	transparent
#484848	84	88	73	83.5	84.5	87.5	88.5	transparent
#464646	85	88	71	84.5	85.5	87.5	88.5	transparent
#4B4B4B	86	88	76	85.5	86.5	87.5	88.5	transparent
#4F4F4F	87	88	80	86.5	87.5	87.5	88.5	transparent
#4F4F4F	88	88	80	87.5	88.5	87.5	88.5	transparent
#525252	89	88	83	88.5	89.5	87.5	88.5	transparent
#525252	90	88	83	89.5	90.5	87.5	88.5	transparent
#505050	91	88	81	90.5	91.5	87.5	88.5	transparent
#474747	92	88	72	91.5	92.5	87.5	88.5	transparent
#434343	93	88	68	92.5	93.5	87.5	88.5	transparent
#434343	94	88	68	93.5	94.5	87.5	88.5	transparent
#383838	95	88	57	94.5	95.5	87.5	88.5	transparent
#323232	96	88	51	95.5	96.5	87.5	88.5	transparent
#343434	97	88	53	96.5	97.5	87.5	88.5	transparent
#323232	98	88	51	97.5	98.5	87.5	88.5	transparent
#333333	99	88	52	98.5	99.5	87.5	88.5	transparent
#373737	100	88	56	99.5	100.5	87.5	88.5	transparent
#3D3D3D	101	88	62	100.5	101.5	87.5	88.5	transparent
#3F3F3F	102	88	64	101.5	102.5	87.5	88.5	transparent
#3D3D3D	103	88	62	102.5	103.5	87.5	88.5	transparent
#3E3E3E	104	88	63	103.5	104.5	87.5	88.5	transparent
#3F3F3F	105	88	64	104.5	105.5	87.5	88.5	transparent
#434343	106	88	68	105.5	106.5	87.5	88.5	transparent
#464646	107	88	71	106.5	107.5	87.5	88.5	transparent
#494949	108	88	74	107.5	108.5	87.5	88.5	transparent
#525252	109	88	83	108.5	109.5	87.5	88.5	transparent
#636363	110	88	100	109.5	110.5	87.5	88.5	transparent
#707070	111	88	113	110.5	111.5	87.5	88.5	transparent
#747474	112	88	117	111.5	112.5	87.5	88.5	transparent
#787878	113	88	121	112.5	113.5	87.5	88.5	transparent
#7C7C7C	114	88	125	113.5	114.5	87.5	88.5	transparent
#838383	115	88	132	114.5	115.5	87.5	88.5	transparent
#8A8A8A	116	88	139	115.5	116.5	87.5	88.5	transparent
#A3A3A3	117	88	164	116.5	117.5	87.5	88.5	transparent
#C2C2C2	118	88	195	117.5	118.5	87.5	88.5	transparent
#BEBEBE	119	88	191	118.5	119.5	87.5	88.5	transparent
#BBBBBB	120	88	188	119.5	120.5	87.5	88.5	transparent
#B0B0B0	121	88	177	120.5	121.5	87.5	88.5	transparent
#ACACAC	122	88	173	121.5	122.5	87.5	88.5	transparent
#AAAAAA	123	88	171	122.5	123.5	87.5	88.5	transparent
#AAAAAA	124	88	171	123.5	124.5	87.5	88.5	transparent
#AFAFAF	125	88	176	124.5	125.5	87.5	88.5	transparent
#B4B4B4	126	88	181	125.5	126.5	87.5	88.5	transparent
#B4B4B4	127	88	181	126.5	127.5	87.5	88.5	transparent
#B5B5B5	128	88	182	127.5	128.5	87.5	88.5	transparent
#B9B9B9	129	88	186	128.5	129.5	87.5	88.5	transparent
#B1B1B1	130	88	178	129.5	130.5	87.5	88.5	transparent
#A9A9A9	131	88	170	130.5	131.5	87.5	88.5	transparent
#A6A6A6	132	88	167	131.5	132.5	87.5	88.5	transparent
#A1A1A1	133	88	162	132.5	133.5	87.5	88.5	transparent
#9C9C9C	134	88	157	133.5	134.5	87.5	88.5	transparent
#989898	135	88	153	134.5	135.5	87.5	88.5	transparent
#979797	136	88	152	135.5	136.5	87.5	88.5	transparent
#9A9A9A	137	88	155	136.5	137.5	87.5	88.5	transparent
#ADADAD	138	88	174	137.5	138.5	87.5	88.5	transparent
#C6C6C6	139	88	199	138.5	139.5	87.5	88.5	transparent
#6A6A6A	0	87	107	-0.5	0.5	86.5	87.5	transparent
#676767	1	87	104	0.5	1.5	86.5	87.5	transparent
#676767	2	87	104	1.5	2.5	86.5	87.5	transparent
#676767	3	87	104	2.5	3.5	86.5	87.5	transparent
#696969	4	87	106	3.5	4.5	86.5	87.5	transparent
#686868	5	87	105	4.5	5.5	86.5	87.5	transparent
#6C6C6C	6	87	109	5.5	6.5	86.5	87.5	transparent
#737373	7	87	116	6.5	7.5	86.5	87.5	transparent
#777777	8	87	120	7.5	8.5	86.5	87.5	transparent
#7D7D7D	9	87	126	8.5	9.5	86.5	87.5	transparent
#828282	10	87	131	9.5	10.5	86.5	87.5	transparent
#898989	11	87	138	10.5	11.5	86.5	87.5	transparent
#8B8B8B	12	87	140	11.5	12.5	86.5	87.5	transparent
#999999	13	87	154	12.5	13.5	86.5	87.5	transparent
#A1A1A1	14	87	162	13.5	14.5	86.5	87.5	transparent
#9D9D9D	15	87	158	14.5	15.5	86.5	87.5	transparent
#9F9F9F	16	87	160	15.5	16.5	86.5	87.5	transparent
#9D9D9D	17	87	158	16.5	17.5	86.5	87.5	transparent
#979797	18	87	152	17.5	18.5	86.5	87.5	transparent
#949494	19	87	149	18.5	19.5	86.5	87.5	transparent
#979797	20	87	152	19.5	20.5	86.5	87.5	transparent
#A1A1A1	21	87	162	20.5	21.5	86.5	87.5	transparent
#ACACAC	22	87	173	21.5	22.5	86.5	87.5	transparent
#B0B0B0	23	87	177	22.5	23.5	86.5	87.5	transparent
#B3B3B3	24	87	180	23.5	24.5	86.5	87.5	transparent
#909090	25	87	145	24.5	25.5	86.5	87.5	transparent
#747474	26	87	117	25.5	26.5	86.5	87.5	transparent
#6A6A6A	27	87	107	26.5	27.5	86.5	87.5	transparent
#525252	28	87	83	27.5	28.5	86.5	87.5	transparent
#494949	29	87	74	28.5	29.5	86.5	87.5	transparent
#484848	30	87	73	29.5	30.5	86.5	87.5	transparent
#444444	31	87	69	30.5	31.5	86.5	87.5	transparent
#3D3D3D	32	87	62	31.5	32.5	86.5	87.5	transparent
#383838	33	87	57	32.5	33.5	86.5	87.5	transparent
#333333	34	87	52	33.5	34.5	86.5	87.5	transparent
#2E2E2E	35	87	47	34.5	35.5	86.5	87.5	transparent
#2C2C2C	36	87	45	35.5	36.5	86.5	87.5	transparent
#2D2D2D	37	87	46	36.5	37.5	86.5	87.5	transparent
#2F2F2F	38	87	48	37.5	38.5	86.5	87.5	transparent
#303030	39	87	49	38.5	39.5	86.5	87.5	transparent
#2F2F2F	40	87	48	39.5	40.5	86.5	87.5	transparent
#2C2C2C	41	87	45	40.5	41.5	86.5	87.5	transparent
#2B2B2B	42	87	44	41.5	42.5	86.5	87.5	transparent
#2C2C2C	43	87	45	42.5	43.5	86.5	87.5	transparent
#2E2E2E	44	87	47	43.5	44.5	86.5	87.5	transparent
#2C2C2C	45	87	45	44.5	45.5	86.5	87.5	transparent
#2E2E2E	46	87	47	45.5	46.5	86.5	87.5	transparent
#2F2F2F	47	87	48	46.5	47.5	86.5	87.5	transparent
#333333	48	87	52	47.5	48.5	86.5	87.5	transparent
#353535	49	87	54	48.5	49.5	86.5	87.5	transparent
#363636	50	87	55	49.5	50.5	86.5	87.5	transparent
#363636	51	87	55	50.5	51.5	86.5	87.5	transparent
#363636	52	87	55	51.5	52.5	86.5	87.5	transparent
#3C3C3C	53	87	61	52.5	53.5	86.5	87.5	transparent
#464646	54	87	71	53.5	54.5	86.5	87.5	transparent
#3E3E3E	55	87	63	54.5	55.5	86.5	87.5	transparent
#393939	56	87	58	55.5	56.5	86.5	87.5	transparent
#3B3B3B	57	87	60	56.5	57.5	86.5	87.5	transparent
#404040	58	87	65	57.5	58.5	86.5	87.5	transparent
#4A4A4A	59	87	75	58.5	59.5	86.5	87.5	transparent
#4D4D4D	60	87	78	59.5	60.5	86.5	87.5	transparent
#4E4E4E	61	87	79	60.5	61.5	86.5	87.5	transparent
#474747	62	87	72	61.5	62.5	86.5	87.5	transparent
#4D4D4D	63	87	78	62.5	63.5	86.5	87.5	transparent
#6D6D6D	64	87	110	63.5	64.5	86.5	87.5	transparent
#828282	65	87	131	64.5	65.5	86.5	87.5	transparent
#8F8F8F	66	87	144	65.5	66.5	86.5	87.5	transparent
#9B9B9B	67	87	156	66.5	67.5	86.5	87.5	transparent
#A4A4A4	68	87	165	67.5	68.5	86.5	87.5	transparent
#9F9F9F	69	87	160	68.5	69.5	86.5	87.5	transparent
#9B9B9B	70	87	156	69.5	70.5	86.5	87.5	transparent
#A3A3A3	71	87	164	70.5	71.5	86.5	87.5	transparent
#ABABAB	72	87	172	71.5	72.5	86.5	87.5	transparent
#A9A9A9	73	87	170	72.5	73.5	86.5	87.5	transparent
#A2A2A2	74	87	163	73.5	74.5	86.5	87.5	transparent
#969696	75	87	151	74.5	75.5	86.5	87.5	transparent
#8A8A8A	76	87	139	75.5	76.5	86.5	87.5	transparent
#828282	77	87	131	76.5	77.5	86.5	87.5	transparent
#818181	78	87	130	77.5	78.5	86.5	87.5	transparent
#7C7C7C	79	87	125	78.5	79.5	86.5	87.5	transparent
#737373	80	87	116	79.5	80.5	86.5	87.5	transparent
#6A6A6A	81	87	107	80.5	81.5	86.5	87.5	transparent
#606060	82	87	97	81.5	82.5	86.5	87.5	transparent
#595959	83	87	90	82.5	83.5	86.5	87.5	transparent
#585858	84	87	89	83.5	84.5	86.5	87.5	transparent
#555555	85	87	86	84.5	85.5	86.5	87.5	transparent
#585858	86	87	89	85.5	86.5	86.5	87.5	transparent
#5B5B5B	87	87	92	86.5	87.5	86.5	87.5	transparent
#5B5B5B	88	87	92	87.5	88.5	86.5	87.5	transparent
#5C5C5C	89	87	93	88.5	89.5	86.5	87.5	transparent
#555555	90	87	86	89.5	90.5	86.5	87.5	transparent
#535353	91	87	84	90.5	91.5	86.5	87.5	transparent
#4C4C4C	92	87	77	91.5	92.5	86.5	87.5	transparent
#4E4E4E	93	87	79	92.5	93.5	86.5	87.5	transparent
#4E4E4E	94	87	79	93.5	94.5	86.5	87.5	transparent
#3E3E3E	95	87	63	94.5	95.5	86.5	87.5	transparent
#373737	96	87	56	95.5	96.5	86.5	87.5	transparent
#363636	97	87	55	96.5	97.5	86.5	87.5	transparent
#373737	98	87	56	97.5	98.5	86.5	87.5	transparent
#383838	99	87	57	98.5	99.5	86.5	87.5	transparent
#3B3B3B	100	87	60	99.5	100.5	86.5	87.5	transparent
#3C3C3C	101	87	61	100.5	101.5	86.5	87.5	transparent
#3B3B3B	102	87	60	101.5	102.5	86.5	87.5	transparent
#3B3B3B	103	87	60	102.5	103.5	86.5	87.5	transparent
#3E3E3E	104	87	63	103.5	104.5	86.5	87.5	transparent
#3F3F3F	105	87	64	104.5	105.5	86.5	87.5	transparent
#444444	106	87	69	105.5	106.5	86.5	87.5	transparent
#464646	107	87	71	106.5	107.5	86.5	87.5	transparent
#4B4B4B	108	87	76	107.5	108.5	86.5	87.5	transparent
#525252	109	87	83	108.5	109.5	86.5	87.5	transparent
#585858	110	87	89	109.5	110.5	86.5	87.5	transparent
#606060	111	87	97	110.5	111.5	86.5	87.5	transparent
#6F6F6F	112	87	112	111.5	112.5	86.5	87.5	transparent
#797979	113	87	122	112.5	113.5	86.5	87.5	transparent
#7C7C7C	114	87	125	113.5	114.5	86.5	87.5	transparent
#808080	115	87	129	114.5	115.5	86.5	87.5	transparent
#909090	116	87	145	115.5	116.5	86.5	87.5	transparent
#A4A4A4	117	87	165	116.5	117.5	86.5	87.5	transparent
#C1C1C1	118	87	194	117.5	118.5	86.5	87.5	transparent
#BFBFBF	119	87	192	118.5	119.5	86.5	87.5	transparent
#BBBBBB	120	87	188	119.5	120.5	86.5	87.5	transparent
#B1B1B1	121	87	178	120.5	121.5	86.5	87.5	transparent
#ABABAB	122	87	172	121.5	122.5	86.5	87.5	transparent
#AAAAAA	123	87	171	122.5	123.5	86.5	87.5	transparent
#AAAAAA	124	87	171	123.5	124.5	86.5	87.5	transparent
#AEAEAE	125	87	175	124.5	125.5	86.5	87.5	transparent
#B3B3B3	126	87	180	125.5	126.5	86.5	87.5	transparent
#B4B4B4	127	87	181	126.5	127.5	86.5	87.5	transparent
#B6B6B6	128	87	183	127.5	128.5	86.5	87.5	transparent
#B6B6B6	129	87	183	128.5	129.5	86.5	87.5	transparent
#ADADAD	130	87	174	129.5	130.5	86.5	87.5	transparent
#A7A7A7	131	87	168	130.5	131.5	86.5	87.5	transparent
#A2A2A2	132	87	163	131.5	132.5	86.5	87.5	transparent
#9A9A9A	133	87	155	132.5	133.5	86.5	87.5	transparent
#939393	134	87	148	133.5	134.5	86.5	87.5	transparent
#909090	135	87	145	134.5	135.5	86.5	87.5	transparent
#919191	136	87	146	135.5	136.5	86.5	87.5	transparent
#969696	137	87	151	136.5	137.5	86.5	87.5	transparent
#ACACAC	138	87	173	137.5	138.5	86.5	87.5	transparent
#C6C6C6	139	87	199	138.5	139.5	86.5	87.5	transparent
#6A6A6A	0	86	107	-0.5	0.5	85.5	86.5	transparent
#656565	1	86	102	0.5	1.5	85.5	86.5	transparent
#646464	2	86	101	1.5	2.5	85.5	86.5	transparent
#626262	3	86	99	2.5	3.5	85.5	86.5	transparent
#616161	4	86	98	3.5	4.5	85.5	86.5	transparent
#606060	5	86	97	4.5	5.5	85.5	86.5	transparent
#626262	6	86	99	5.5	6.5	85.5	86.5	transparent
#6A6A6A	7	86	107	6.5	7.5	85.5	86.5	transparent
#717171	8	86	114	7.5	8.5	85.5	86.5	transparent
#767676	9	86	119	8.5	9.5	85.5	86.5	transparent
#7D7D7D	10	86	126	9.5	10.5	85.5	86.5	transparent
#878787	11	86	136	10.5	11.5	85.5	86.5	transparent
#898989	12	86	138	11.5	12.5	85.5	86.5	transparent
#929292	13	86	147	12.5	13.5	85.5	86.5	transparent
#9E9E9E	14	86	159	13.5	14.5	85.5	86.5	transparent
#9B9B9B	15	86	156	14.5	15.5	85.5	86.5	transparent
#9C9C9C	16	86	157	15.5	16.5	85.5	86.5	transparent
#9B9B9B	17	86	156	16.5	17.5	85.5	86.5	transparent
#979797	18	86	152	17.5	18.5	85.5	86.5	transparent
#959595	19	86	150	18.5	19.5	85.5	86.5	transparent
#989898	20	86	153	19.5	20.5	85.5	86.5	transparent
#A0A0A0	21	86	161	20.5	21.5	85.5	86.5	transparent
#AAAAAA	22	86	171	21.5	22.5	85.5	86.5	transparent
#B3B3B3	23	86	180	22.5	23.5	85.5	86.5	transparent
#B2B2B2	24	86	179	23.5	24.5	85.5	86.5	transparent
#949494	25	86	149	24.5	25.5	85.5	86.5	transparent
#7B7B7B	26	86	124	25.5	26.5	85.5	86.5	transparent
#5E5E5E	27	86	95	26.5	27.5	85.5	86.5	transparent
#4D4D4D	28	86	78	27.5	28.5	85.5	86.5	transparent
#4B4B4B	29	86	76	28.5	29.5	85.5	86.5	transparent
#494949	30	86	74	29.5	30.5	85.5	86.5	transparent
#414141	31	86	66	30.5	31.5	85.5	86.5	transparent
#3D3D3D	32	86	62	31.5	32.5	85.5	86.5	transparent
#3B3B3B	33	86	60	32.5	33.5	85.5	86.5	transparent
#3D3D3D	34	86	62	33.5	34.5	85.5	86.5	transparent
#3C3C3C	35	86	61	34.5	35.5	85.5	86.5	transparent
#363636	36	86	55	35.5	36.5	85.5	86.5	transparent
#333333	37	86	52	36.5	37.5	85.5	86.5	transparent
#323232	38	86	51	37.5	38.5	85.5	86.5	transparent
#303030	39	86	49	38.5	39.5	85.5	86.5	transparent
#303030	40	86	49	39.5	40.5	85.5	86.5	transparent
#2F2F2F	41	86	48	40.5	41.5	85.5	86.5	transparent
#303030	42	86	49	41.5	42.5	85.5	86.5	transparent
#2E2E2E	43	86	47	42.5	43.5	85.5	86.5	transparent
#2C2C2C	44	86	45	43.5	44.5	85.5	86.5	transparent
#2C2C2C	45	86	45	44.5	45.5	85.5	86.5	transparent
#2E2E2E	46	86	47	45.5	46.5	85.5	86.5	transparent
#2E2E2E	47	86	47	46.5	47.5	85.5	86.5	transparent
#303030	48	86	49	47.5	48.5	85.5	86.5	transparent
#343434	49	86	53	48.5	49.5	85.5	86.5	transparent
#383838	50	86	57	49.5	50.5	85.5	86.5	transparent
#383838	51	86	57	50.5	51.5	85.5	86.5	transparent
#363636	52	86	55	51.5	52.5	85.5	86.5	transparent
#393939	53	86	58	52.5	53.5	85.5	86.5	transparent
#404040	54	86	65	53.5	54.5	85.5	86.5	transparent
#414141	55	86	66	54.5	55.5	85.5	86.5	transparent
#3D3D3D	56	86	62	55.5	56.5	85.5	86.5	transparent
#434343	57	86	68	56.5	57.5	85.5	86.5	transparent
#484848	58	86	73	57.5	58.5	85.5	86.5	transparent
#4E4E4E	59	86	79	58.5	59.5	85.5	86.5	transparent
#515151	60	86	82	59.5	60.5	85.5	86.5	transparent
#515151	61	86	82	60.5	61.5	85.5	86.5	transparent
#4B4B4B	62	86	76	61.5	62.5	85.5	86.5	transparent
#595959	63	86	90	62.5	63.5	85.5	86.5	transparent
#777777	64	86	120	63.5	64.5	85.5	86.5	transparent
#898989	65	86	138	64.5	65.5	85.5	86.5	transparent
#959595	66	86	150	65.5	66.5	85.5	86.5	transparent
#A0A0A0	67	86	161	66.5	67.5	85.5	86.5	transparent
#A3A3A3	68	86	164	67.5	68.5	85.5	86.5	transparent
#9F9F9F	69	86	160	68.5	69.5	85.5	86.5	transparent
#9D9D9D	70	86	158	69.5	70.5	85.5	86.5	transparent
#A5A5A5	71	86	166	70.5	71.5	85.5	86.5	transparent
#ACACAC	72	86	173	71.5	72.5	85.5	86.5	transparent
#AFAFAF	73	86	176	72.5	73.5	85.5	86.5	transparent
#A8A8A8	74	86	169	73.5	74.5	85.5	86.5	transparent
#9C9C9C	75	86	157	74.5	75.5	85.5	86.5	transparent
#909090	76	86	145	75.5	76.5	85.5	86.5	transparent
#848484	77	86	133	76.5	77.5	85.5	86.5	transparent
#838383	78	86	132	77.5	78.5	85.5	86.5	transparent
#838383	79	86	132	78.5	79.5	85.5	86.5	transparent
#7C7C7C	80	86	125	79.5	80.5	85.5	86.5	transparent
#767676	81	86	119	80.5	81.5	85.5	86.5	transparent
#6F6F6F	82	86	112	81.5	82.5	85.5	86.5	transparent
#656565	83	86	102	82.5	83.5	85.5	86.5	transparent
#5E5E5E	84	86	95	83.5	84.5	85.5	86.5	transparent
#5E5E5E	85	86	95	84.5	85.5	85.5	86.5	transparent
#5B5B5B	86	86	92	85.5	86.5	85.5	86.5	transparent
#5B5B5B	87	86	92	86.5	87.5	85.5	86.5	transparent
#606060	88	86	97	87.5	88.5	85.5	86.5	transparent
#5E5E5E	89	86	95	88.5	89.5	85.5	86.5	transparent
#505050	90	86	81	89.5	90.5	85.5	86.5	transparent
#4B4B4B	91	86	76	90.5	91.5	85.5	86.5	transparent
#464646	92	86	71	91.5	92.5	85.5	86.5	transparent
#484848	93	86	73	92.5	93.5	85.5	86.5	transparent
#464646	94	86	71	93.5	94.5	85.5	86.5	transparent
#3A3A3A	95	86	59	94.5	95.5	85.5	86.5	transparent
#3A3A3A	96	86	59	95.5	96.5	85.5	86.5	transparent
#3C3C3C	97	86	61	96.5	97.5	85.5	86.5	transparent
#3D3D3D	98	86	62	97.5	98.5	85.5	86.5	transparent
#3E3E3E	99	86	63	98.5	99.5	85.5	86.5	transparent
#414141	100	86	66	99.5	100.5	85.5	86.5	transparent
#3F3F3F	101	86	64	100.5	101.5	85.5	86.5	transparent
#3E3E3E	102	86	63	101.5	102.5	85.5	86.5	transparent
#404040	103	86	65	102.5	103.5	85.5	86.5	transparent
#424242	104	86	67	103.5	104.5	85.5	86.5	transparent
#454545	105	86	70	104.5	105.5	85.5	86.5	transparent
#494949	106	86	74	105.5	106.5	85.5	86.5	transparent
#494949	107	86	74	106.5	107.5	85.5	86.5	transparent
#4D4D4D	108	86	78	107.5	108.5	85.5	86.5	transparent
#505050	109	86	81	108.5	109.5	85.5	86.5	transparent
#555555	110	86	86	109.5	110.5	85.5	86.5	transparent
#595959	111	86	90	110.5	111.5	85.5	86.5	transparent
#5F5F5F	112	86	96	111.5	112.5	85.5	86.5	transparent
#6F6F6F	113	86	112	112.5	113.5	85.5	86.5	transparent
#7E7E7E	114	86	127	113.5	114.5	85.5	86.5	transparent
#818181	115	86	130	114.5	115.5	85.5	86.5	transparent
#929292	116	86	147	115.5	116.5	85.5	86.5	transparent
#A9A9A9	117	86	170	116.5	117.5	85.5	86.5	transparent
#BFBFBF	118	86	192	117.5	118.5	85.5	86.5	transparent
#BFBFBF	119	86	192	118.5	119.5	85.5	86.5	transparent
#BBBBBB	120	86	188	119.5	120.5	85.5	86.5	transparent
#B2B2B2	121	86	179	120.5	121.5	85.5	86.5	transparent
#ABABAB	122	86	172	121.5	122.5	85.5	86.5	transparent
#A9A9A9	123	86	170	122.5	123.5	85.5	86.5	transparent
#AAAAAA	124	86	171	123.5	124.5	85.5	86.5	transparent
#AFAFAF	125	86	176	124.5	125.5	85.5	86.5	transparent
#B2B2B2	126	86	179	125.5	126.5	85.5	86.5	transparent
#B2B2B2	127	86	179	126.5	127.5	85.5	86.5	transparent
#B4B4B4	128	86	181	127.5	128.5	85.5	86.5	transparent
#B2B2B2	129	86	179	128.5	129.5	85.5	86.5	transparent
#A7A7A7	130	86	168	129.5	130.5	85.5	86.5	transparent
#A3A3A3	131	86	164	130.5	131.5	85.5	86.5	transparent
#9D9D9D	132	86	158	131.5	132.5	85.5	86.5	transparent
#949494	133	86	149	132.5	133.5	85.5	86.5	transparent
#8E8E8E	134	86	143	133.5	134.5	85.5	86.5	transparent
#898989	135	86	138	134.5	135.5	85.5	86.5	transparent
#8A8A8A	136	86	139	135.5	136.5	85.5	86.5	transparent
#919191	137	86	146	136.5	137.5	85.5	86.5	transparent
#A8A8A8	138	86	169	137.5	138.5	85.5	86.5	transparent
#C4C4C4	139	86	197	138.5	139.5	85.5	86.5	transparent
#696969	0	85	106	-0.5	0.5	84.5	85.5	transparent
#626262	1	85	99	0.5	1.5	84.5	85.5	transparent
#5F5F5F	2	85	96	1.5	2.5	84.5	85.5	transparent
#5B5B5B	3	85	92	2.5	3.5	84.5	85.5	transparent
#585858	4	85	89	3.5	4.5	84.5	85.5	transparent
#585858	5	85	89	4.5	5.5	84.5	85.5	transparent
#5A5A5A	6	85	91	5.5	6.5	84.5	85.5	transparent
#626262	7	85	99	6.5	7.5	84.5	85.5	transparent
#696969	8	85	106	7.5	8.5	84.5	85.5	transparent
#717171	9	85	114	8.5	9.5	84.5	85.5	transparent
#797979	10	85	122	9.5	10.5	84.5	85.5	transparent
#818181	11	85	130	10.5	11.5	84.5	85.5	transparent
#858585	12	85	134	11.5	12.5	84.5	85.5	transparent
#8B8B8B	13	85	140	12.5	13.5	84.5	85.5	transparent
#9A9A9A	14	85	155	13.5	14.5	84.5	85.5	transparent
#9B9B9B	15	85	156	14.5	15.5	84.5	85.5	transparent
#999999	16	85	154	15.5	16.5	84.5	85.5	transparent
#9A9A9A	17	85	155	16.5	17.5	84.5	85.5	transparent
#969696	18	85	151	17.5	18.5	84.5	85.5	transparent
#959595	19	85	150	18.5	19.5	84.5	85.5	transparent
#989898	20	85	153	19.5	20.5	84.5	85.5	transparent
#9F9F9F	21	85	160	20.5	21.5	84.5	85.5	transparent
#ACACAC	22	85	173	21.5	22.5	84.5	85.5	transparent
#B8B8B8	23	85	185	22.5	23.5	84.5	85.5	transparent
#B2B2B2	24	85	179	23.5	24.5	84.5	85.5	transparent
#9A9A9A	25	85	155	24.5	25.5	84.5	85.5	transparent
#707070	26	85	113	25.5	26.5	84.5	85.5	transparent
#525252	27	85	83	26.5	27.5	84.5	85.5	transparent
#4A4A4A	28	85	75	27.5	28.5	84.5	85.5	transparent
#484848	29	85	73	28.5	29.5	84.5	85.5	transparent
#434343	30	85	68	29.5	30.5	84.5	85.5	transparent
#424242	31	85	67	30.5	31.5	84.5	85.5	transparent
#454545	32	85	70	31.5	32.5	84.5	85.5	transparent
#434343	33	85	68	32.5	33.5	84.5	85.5	transparent
#424242	34	85	67	33.5	34.5	84.5	85.5	transparent
#3F3F3F	35	85	64	34.5	35.5	84.5	85.5	transparent
#3B3B3B	36	85	60	35.5	36.5	84.5	85.5	transparent
#353535	37	85	54	36.5	37.5	84.5	85.5	transparent
#333333	38	85	52	37.5	38.5	84.5	85.5	transparent
#323232	39	85	51	38.5	39.5	84.5	85.5	transparent
#313131	40	85	50	39.5	40.5	84.5	85.5	transparent
#303030	41	85	49	40.5	41.5	84.5	85.5	transparent
#303030	42	85	49	41.5	42.5	84.5	85.5	transparent
#313131	43	85	50	42.5	43.5	84.5	85.5	transparent
#2E2E2E	44	85	47	43.5	44.5	84.5	85.5	transparent
#303030	45	85	49	44.5	45.5	84.5	85.5	transparent
#313131	46	85	50	45.5	46.5	84.5	85.5	transparent
#2F2F2F	47	85	48	46.5	47.5	84.5	85.5	transparent
#2F2F2F	48	85	48	47.5	48.5	84.5	85.5	transparent
#303030	49	85	49	48.5	49.5	84.5	85.5	transparent
#343434	50	85	53	49.5	50.5	84.5	85.5	transparent
#3A3A3A	51	85	59	50.5	51.5	84.5	85.5	transparent
#3A3A3A	52	85	59	51.5	52.5	84.5	85.5	transparent
#3B3B3B	53	85	60	52.5	53.5	84.5	85.5	transparent
#3D3D3D	54	85	62	53.5	54.5	84.5	85.5	transparent
#474747	55	85	72	54.5	55.5	84.5	85.5	transparent
#484848	56	85	73	55.5	56.5	84.5	85.5	transparent
#494949	57	85	74	56.5	57.5	84.5	85.5	transparent
#474747	58	85	72	57.5	58.5	84.5	85.5	transparent
#4C4C4C	59	85	77	58.5	59.5	84.5	85.5	transparent
#555555	60	85	86	59.5	60.5	84.5	85.5	transparent
#525252	61	85	83	60.5	61.5	84.5	85.5	transparent
#4F4F4F	62	85	80	61.5	62.5	84.5	85.5	transparent
#626262	63	85	99	62.5	63.5	84.5	85.5	transparent
#7A7A7A	64	85	123	63.5	64.5	84.5	85.5	transparent
#919191	65	85	146	64.5	65.5	84.5	85.5	transparent
#9F9F9F	66	85	160	65.5	66.5	84.5	85.5	transparent
#A2A2A2	67	85	163	66.5	67.5	84.5	85.5	transparent
#A2A2A2	68	85	163	67.5	68.5	84.5	85.5	transparent
#A1A1A1	69	85	162	68.5	69.5	84.5	85.5	transparent
#A0A0A0	70	85	161	69.5	70.5	84.5	85.5	transparent
#A6A6A6	71	85	167	70.5	71.5	84.5	85.5	transparent
#AEAEAE	72	85	175	71.5	72.5	84.5	85.5	transparent
#B3B3B3	73	85	180	72.5	73.5	84.5	85.5	transparent
#AFAFAF	74	85	176	73.5	74.5	84.5	85.5	transparent
#A3A3A3	75	85	164	74.5	75.5	84.5	85.5	transparent
#939393	76	85	148	75.5	76.5	84.5	85.5	transparent
#888888	77	85	137	76.5	77.5	84.5	85.5	transparent
#848484	78	85	133	77.5	78.5	84.5	85.5	transparent
#858585	79	85	134	78.5	79.5	84.5	85.5	transparent
#828282	80	85	131	79.5	80.5	84.5	85.5	transparent
#7D7D7D	81	85	126	80.5	81.5	84.5	85.5	transparent
#777777	82	85	120	81.5	82.5	84.5	85.5	transparent
#6E6E6E	83	85	111	82.5	83.5	84.5	85.5	transparent
#5F5F5F	84	85	96	83.5	84.5	84.5	85.5	transparent
#5B5B5B	85	85	92	84.5	85.5	84.5	85.5	transparent
#5E5E5E	86	85	95	85.5	86.5	84.5	85.5	transparent
#646464	87	85	101	86.5	87.5	84.5	85.5	transparent
#656565	88	85	102	87.5	88.5	84.5	85.5	transparent
#606060	89	85	97	88.5	89.5	84.5	85.5	transparent
#505050	90	85	81	89.5	90.5	84.5	85.5	transparent
#474747	91	85	72	90.5	91.5	84.5	85.5	transparent
#424242	92	85	67	91.5	92.5	84.5	85.5	transparent
#454545	93	85	70	92.5	93.5	84.5	85.5	transparent
#3F3F3F	94	85	64	93.5	94.5	84.5	85.5	transparent
#373737	95	85	56	94.5	95.5	84.5	85.5	transparent
#3A3A3A	96	85	59	95.5	96.5	84.5	85.5	transparent
#3B3B3B	97	85	60	96.5	97.5	84.5	85.5	transparent
#3C3C3C	98	85	61	97.5	98.5	84.5	85.5	transparent
#3F3F3F	99	85	64	98.5	99.5	84.5	85.5	transparent
#424242	100	85	67	99.5	100.5	84.5	85.5	transparent
#434343	101	85	68	100.5	101.5	84.5	85.5	transparent
#464646	102	85	71	101.5	102.5	84.5	85.5	transparent
#484848	103	85	73	102.5	103.5	84.5	85.5	transparent
#4A4A4A	104	85	75	103.5	104.5	84.5	85.5	transparent
#4D4D4D	105	85	78	104.5	105.5	84.5	85.5	transparent
#4F4F4F	106	85	80	105.5	106.5	84.5	85.5	transparent
#4C4C4C	107	85	77	106.5	107.5	84.5	85.5	transparent
#4D4D4D	108	85	78	107.5	108.5	84.5	85.5	transparent
#515151	109	85	82	108.5	109.5	84.5	85.5	transparent
#555555	110	85	86	109.5	110.5	84.5	85.5	transparent
#595959	111	85	90	110.5	111.5	84.5	85.5	transparent
#5B5B5B	112	85	92	111.5	112.5	84.5	85.5	transparent
#606060	113	85	97	112.5	113.5	84.5	85.5	transparent
#737373	114	85	116	113.5	114.5	84.5	85.5	transparent
#868686	115	85	135	114.5	115.5	84.5	85.5	transparent
#929292	116	85	147	115.5	116.5	84.5	85.5	transparent
#ABABAB	117	85	172	116.5	117.5	84.5	85.5	transparent
#BFBFBF	118	85	192	117.5	118.5	84.5	85.5	transparent
#BFBFBF	119	85	192	118.5	119.5	84.5	85.5	transparent
#BBBBBB	120	85	188	119.5	120.5	84.5	85.5	transparent
#B2B2B2	121	85	179	120.5	121.5	84.5	85.5	transparent
#ACACAC	122	85	173	121.5	122.5	84.5	85.5	transparent
#A9A9A9	123	85	170	122.5	123.5	84.5	85.5	transparent
#ABABAB	124	85	172	123.5	124.5	84.5	85.5	transparent
#AEAEAE	125	85	175	124.5	125.5	84.5	85.5	transparent
#B0B0B0	126	85	177	125.5	126.5	84.5	85.5	transparent
#B1B1B1	127	85	178	126.5	127.5	84.5	85.5	transparent
#B2B2B2	128	85	179	127.5	128.5	84.5	85.5	transparent
#ACACAC	129	85	173	128.5	129.5	84.5	85.5	transparent
#A2A2A2	130	85	163	129.5	130.5	84.5	85.5	transparent
#9E9E9E	131	85	159	130.5	131.5	84.5	85.5	transparent
#979797	132	85	152	131.5	132.5	84.5	85.5	transparent
#909090	133	85	145	132.5	133.5	84.5	85.5	transparent
#8A8A8A	134	85	139	133.5	134.5	84.5	85.5	transparent
#858585	135	85	134	134.5	135.5	84.5	85.5	transparent
#828282	136	85	131	135.5	136.5	84.5	85.5	transparent
#898989	137	85	138	136.5	137.5	84.5	85.5	transparent
#A3A3A3	138	85	164	137.5	138.5	84.5	85.5	transparent
#C2C2C2	139	85	195	138.5	139.5	84.5	85.5	transparent
#666666	0	84	103	-0.5	0.5	83.5	84.5	transparent
#5E5E5E	1	84	95	0.5	1.5	83.5	84.5	transparent
#585858	2	84	89	1.5	2.5	83.5	84.5	transparent
#525252	3	84	83	2.5	3.5	83.5	84.5	transparent
#515151	4	84	82	3.5	4.5	83.5	84.5	transparent
#545454	5	84	85	4.5	5.5	83.5	84.5	transparent
#555555	6	84	86	5.5	6.5	83.5	84.5	transparent
#5B5B5B	7	84	92	6.5	7.5	83.5	84.5	transparent
#626262	8	84	99	7.5	8.5	83.5	84.5	transparent
#6A6A6A	9	84	107	8.5	9.5	83.5	84.5	transparent
#757575	10	84	118	9.5	10.5	83.5	84.5	transparent
#7D7D7D	11	84	126	10.5	11.5	83.5	84.5	transparent
#808080	12	84	129	11.5	12.5	83.5	84.5	transparent
#848484	13	84	133	12.5	13.5	83.5	84.5	transparent
#929292	14	84	147	13.5	14.5	83.5	84.5	transparent
#9A9A9A	15	84	155	14.5	15.5	83.5	84.5	transparent
#979797	16	84	152	15.5	16.5	83.5	84.5	transparent
#989898	17	84	153	16.5	17.5	83.5	84.5	transparent
#949494	18	84	149	17.5	18.5	83.5	84.5	transparent
#959595	19	84	150	18.5	19.5	83.5	84.5	transparent
#989898	20	84	153	19.5	20.5	83.5	84.5	transparent
#9E9E9E	21	84	159	20.5	21.5	83.5	84.5	transparent
#AEAEAE	22	84	175	21.5	22.5	83.5	84.5	transparent
#B7B7B7	23	84	184	22.5	23.5	83.5	84.5	transparent
#B0B0B0	24	84	177	23.5	24.5	83.5	84.5	transparent
#969696	25	84	151	24.5	25.5	83.5	84.5	transparent
#626262	26	84	99	25.5	26.5	83.5	84.5	transparent
#4F4F4F	27	84	80	26.5	27.5	83.5	84.5	transparent
#494949	28	84	74	27.5	28.5	83.5	84.5	transparent
#444444	29	84	69	28.5	29.5	83.5	84.5	transparent
#454545	30	84	70	29.5	30.5	83.5	84.5	transparent
#484848	31	84	73	30.5	31.5	83.5	84.5	transparent
#454545	32	84	70	31.5	32.5	83.5	84.5	transparent
#434343	33	84	68	32.5	33.5	83.5	84.5	transparent
#424242	34	84	67	33.5	34.5	83.5	84.5	transparent
#414141	35	84	66	34.5	35.5	83.5	84.5	transparent
#3F3F3F	36	84	64	35.5	36.5	83.5	84.5	transparent
#3B3B3B	37	84	60	36.5	37.5	83.5	84.5	transparent
#383838	38	84	57	37.5	38.5	83.5	84.5	transparent
#343434	39	84	53	38.5	39.5	83.5	84.5	transparent
#313131	40	84	50	39.5	40.5	83.5	84.5	transparent
#2E2E2E	41	84	47	40.5	41.5	83.5	84.5	transparent
#2D2D2D	42	84	46	41.5	42.5	83.5	84.5	transparent
#2E2E2E	43	84	47	42.5	43.5	83.5	84.5	transparent
#2B2B2B	44	84	44	43.5	44.5	83.5	84.5	transparent
#2A2A2A	45	84	43	44.5	45.5	83.5	84.5	transparent
#2B2B2B	46	84	44	45.5	46.5	83.5	84.5	transparent
#2C2C2C	47	84	45	46.5	47.5	83.5	84.5	transparent
#2A2A2A	48	84	43	47.5	48.5	83.5	84.5	transparent
#282828	49	84	41	48.5	49.5	83.5	84.5	transparent
#2A2A2A	50	84	43	49.5	50.5	83.5	84.5	transparent
#2F2F2F	51	84	48	50.5	51.5	83.5	84.5	transparent
#343434	52	84	53	51.5	52.5	83.5	84.5	transparent
#353535	53	84	54	52.5	53.5	83.5	84.5	transparent
#363636	54	84	55	53.5	54.5	83.5	84.5	transparent
#505050	55	84	81	54.5	55.5	83.5	84.5	transparent
#5D5D5D	56	84	94	55.5	56.5	83.5	84.5	transparent
#4E4E4E	57	84	79	56.5	57.5	83.5	84.5	transparent
#4C4C4C	58	84	77	57.5	58.5	83.5	84.5	transparent
#515151	59	84	82	58.5	59.5	83.5	84.5	transparent
#585858	60	84	89	59.5	60.5	83.5	84.5	transparent
#555555	61	84	86	60.5	61.5	83.5	84.5	transparent
#585858	62	84	89	61.5	62.5	83.5	84.5	transparent
#626262	63	84	99	62.5	63.5	83.5	84.5	transparent
#7E7E7E	64	84	127	63.5	64.5	83.5	84.5	transparent
#9A9A9A	65	84	155	64.5	65.5	83.5	84.5	transparent
#A5A5A5	66	84	166	65.5	66.5	83.5	84.5	transparent
#A4A4A4	67	84	165	66.5	67.5	83.5	84.5	transparent
#A2A2A2	68	84	163	67.5	68.5	83.5	84.5	transparent
#A4A4A4	69	84	165	68.5	69.5	83.5	84.5	transparent
#A6A6A6	70	84	167	69.5	70.5	83.5	84.5	transparent
#ABABAB	71	84	172	70.5	71.5	83.5	84.5	transparent
#B1B1B1	72	84	178	71.5	72.5	83.5	84.5	transparent
#B4B4B4	73	84	181	72.5	73.5	83.5	84.5	transparent
#B6B6B6	74	84	183	73.5	74.5	83.5	84.5	transparent
#ABABAB	75	84	172	74.5	75.5	83.5	84.5	transparent
#9A9A9A	76	84	155	75.5	76.5	83.5	84.5	transparent
#8E8E8E	77	84	143	76.5	77.5	83.5	84.5	transparent
#898989	78	84	138	77.5	78.5	83.5	84.5	transparent
#828282	79	84	131	78.5	79.5	83.5	84.5	transparent
#7D7D7D	80	84	126	79.5	80.5	83.5	84.5	transparent
#818181	81	84	130	80.5	81.5	83.5	84.5	transparent
#7D7D7D	82	84	126	81.5	82.5	83.5	84.5	transparent
#767676	83	84	119	82.5	83.5	83.5	84.5	transparent
#676767	84	84	104	83.5	84.5	83.5	84.5	transparent
#5B5B5B	85	84	92	84.5	85.5	83.5	84.5	transparent
#5E5E5E	86	84	95	85.5	86.5	83.5	84.5	transparent
#676767	87	84	104	86.5	87.5	83.5	84.5	transparent
#676767	88	84	104	87.5	88.5	83.5	84.5	transparent
#5F5F5F	89	84	96	88.5	89.5	83.5	84.5	transparent
#545454	90	84	85	89.5	90.5	83.5	84.5	transparent
#424242	91	84	67	90.5	91.5	83.5	84.5	transparent
#3F3F3F	92	84	64	91.5	92.5	83.5	84.5	transparent
#474747	93	84	72	92.5	93.5	83.5	84.5	transparent
#404040	94	84	65	93.5	94.5	83.5	84.5	transparent
#3B3B3B	95	84	60	94.5	95.5	83.5	84.5	transparent
#3B3B3B	96	84	60	95.5	96.5	83.5	84.5	transparent
#3D3D3D	97	84	62	96.5	97.5	83.5	84.5	transparent
#3E3E3E	98	84	63	97.5	98.5	83.5	84.5	transparent
#3F3F3F	99	84	64	98.5	99.5	83.5	84.5	transparent
#424242	100	84	67	99.5	100.5	83.5	84.5	transparent
#424242	101	84	67	100.5	101.5	83.5	84.5	transparent
#454545	102	84	70	101.5	102.5	83.5	84.5	transparent
#484848	103	84	73	102.5	103.5	83.5	84.5	transparent
#4A4A4A	104	84	75	103.5	104.5	83.5	84.5	transparent
#4E4E4E	105	84	79	104.5	105.5	83.5	84.5	transparent
#515151	106	84	82	105.5	106.5	83.5	84.5	transparent
#515151	107	84	82	106.5	107.5	83.5	84.5	transparent
#535353	108	84	84	107.5	108.5	83.5	84.5	transparent
#535353	109	84	84	108.5	109.5	83.5	84.5	transparent
#545454	110	84	85	109.5	110.5	83.5	84.5	transparent
#565656	111	84	87	110.5	111.5	83.5	84.5	transparent
#585858	112	84	89	111.5	112.5	83.5	84.5	transparent
#5B5B5B	113	84	92	112.5	113.5	83.5	84.5	transparent
#656565	114	84	102	113.5	114.5	83.5	84.5	transparent
#808080	115	84	129	114.5	115.5	83.5	84.5	transparent
#959595	116	84	150	115.5	116.5	83.5	84.5	transparent
#ABABAB	117	84	172	116.5	117.5	83.5	84.5	transparent
#C1C1C1	118	84	194	117.5	118.5	83.5	84.5	transparent
#C0C0C0	119	84	193	118.5	119.5	83.5	84.5	transparent
#BBBBBB	120	84	188	119.5	120.5	83.5	84.5	transparent
#B1B1B1	121	84	178	120.5	121.5	83.5	84.5	transparent
#ABABAB	122	84	172	121.5	122.5	83.5	84.5	transparent
#A8A8A8	123	84	169	122.5	123.5	83.5	84.5	transparent
#A9A9A9	124	84	170	123.5	124.5	83.5	84.5	transparent
#ADADAD	125	84	174	124.5	125.5	83.5	84.5	transparent
#ADADAD	126	84	174	125.5	126.5	83.5	84.5	transparent
#AEAEAE	127	84	175	126.5	127.5	83.5	84.5	transparent
#B0B0B0	128	84	177	127.5	128.5	83.5	84.5	transparent
#A5A5A5	129	84	166	128.5	129.5	83.5	84.5	transparent
#9C9C9C	130	84	157	129.5	130.5	83.5	84.5	transparent
#979797	131	84	152	130.5	131.5	83.5	84.5	transparent
#959595	132	84	150	131.5	132.5	83.5	84.5	transparent
#8D8D8D	133	84	142	132.5	133.5	83.5	84.5	transparent
#858585	134	84	134	133.5	134.5	83.5	84.5	transparent
#7E7E7E	135	84	127	134.5	135.5	83.5	84.5	transparent
#7A7A7A	136	84	123	135.5	136.5	83.5	84.5	transparent
#818181	137	84	130	136.5	137.5	83.5	84.5	transparent
#9D9D9D	138	84	158	137.5	138.5	83.5	84.5	transparent
#C0C0C0	139	84	193	138.5	139.5	83.5	84.5	transparent
#606060	0	83	97	-0.5	0.5	82.5	83.5	transparent
#575757	1	83	88	0.5	1.5	82.5	83.5	transparent
#4F4F4F	2	83	80	1.5	2.5	82.5	83.5	transparent
#484848	3	83	73	2.5	3.5	82.5	83.5	transparent
#4A4A4A	4	83	75	3.5	4.5	82.5	83.5	transparent
#4D4D4D	5	83	78	4.5	5.5	82.5	83.5	transparent
#4F4F4F	6	83	80	5.5	6.5	82.5	83.5	transparent
#545454	7	83	85	6.5	7.5	82.5	83.5	transparent
#5B5B5B	8	83	92	7.5	8.5	82.5	83.5	transparent
#636363	9	83	100	8.5	9.5	82.5	83.5	transparent
#6F6F6F	10	83	112	9.5	10.5	82.5	83.5	transparent
#787878	11	83	121	10.5	11.5	82.5	83.5	transparent
#7D7D7D	12	83	126	11.5	12.5	82.5	83.5	transparent
#7F7F7F	13	83	128	12.5	13.5	82.5	83.5	transparent
#898989	14	83	138	13.5	14.5	82.5	83.5	transparent
#959595	15	83	150	14.5	15.5	82.5	83.5	transparent
#949494	16	83	149	15.5	16.5	82.5	83.5	transparent
#949494	17	83	149	16.5	17.5	82.5	83.5	transparent
#939393	18	83	148	17.5	18.5	82.5	83.5	transparent
#949494	19	83	149	18.5	19.5	82.5	83.5	transparent
#979797	20	83	152	19.5	20.5	82.5	83.5	transparent
#9D9D9D	21	83	158	20.5	21.5	82.5	83.5	transparent
#B0B0B0	22	83	177	21.5	22.5	82.5	83.5	transparent
#B5B5B5	23	83	182	22.5	23.5	82.5	83.5	transparent
#AEAEAE	24	83	175	23.5	24.5	82.5	83.5	transparent
#8E8E8E	25	83	143	24.5	25.5	82.5	83.5	transparent
#616161	26	83	98	25.5	26.5	82.5	83.5	transparent
#4E4E4E	27	83	79	26.5	27.5	82.5	83.5	transparent
#4D4D4D	28	83	78	27.5	28.5	82.5	83.5	transparent
#4B4B4B	29	83	76	28.5	29.5	82.5	83.5	transparent
#474747	30	83	72	29.5	30.5	82.5	83.5	transparent
#454545	31	83	70	30.5	31.5	82.5	83.5	transparent
#434343	32	83	68	31.5	32.5	82.5	83.5	transparent
#434343	33	83	68	32.5	33.5	82.5	83.5	transparent
#444444	34	83	69	33.5	34.5	82.5	83.5	transparent
#434343	35	83	68	34.5	35.5	82.5	83.5	transparent
#414141	36	83	66	35.5	36.5	82.5	83.5	transparent
#3A3A3A	37	83	59	36.5	37.5	82.5	83.5	transparent
#333333	38	83	52	37.5	38.5	82.5	83.5	transparent
#303030	39	83	49	38.5	39.5	82.5	83.5	transparent
#2A2A2A	40	83	43	39.5	40.5	82.5	83.5	transparent
#282828	41	83	41	40.5	41.5	82.5	83.5	transparent
#272727	42	83	40	41.5	42.5	82.5	83.5	transparent
#262626	43	83	39	42.5	43.5	82.5	83.5	transparent
#262626	44	83	39	43.5	44.5	82.5	83.5	transparent
#262626	45	83	39	44.5	45.5	82.5	83.5	transparent
#262626	46	83	39	45.5	46.5	82.5	83.5	transparent
#262626	47	83	39	46.5	47.5	82.5	83.5	transparent
#272727	48	83	40	47.5	48.5	82.5	83.5	transparent
#252525	49	83	38	48.5	49.5	82.5	83.5	transparent
#272727	50	83	40	49.5	50.5	82.5	83.5	transparent
#292929	51	83	42	50.5	51.5	82.5	83.5	transparent
#2F2F2F	52	83	48	51.5	52.5	82.5	83.5	transparent
#2D2D2D	53	83	46	52.5	53.5	82.5	83.5	transparent
#2F2F2F	54	83	48	53.5	54.5	82.5	83.5	transparent
#3E3E3E	55	83	63	54.5	55.5	82.5	83.5	transparent
#565656	56	83	87	55.5	56.5	82.5	83.5	transparent
#626262	57	83	99	56.5	57.5	82.5	83.5	transparent
#555555	58	83	86	57.5	58.5	82.5	83.5	transparent
#4E4E4E	59	83	79	58.5	59.5	82.5	83.5	transparent
#535353	60	83	84	59.5	60.5	82.5	83.5	transparent
#585858	61	83	89	60.5	61.5	82.5	83.5	transparent
#585858	62	83	89	61.5	62.5	82.5	83.5	transparent
#626262	63	83	99	62.5	63.5	82.5	83.5	transparent
#878787	64	83	136	63.5	64.5	82.5	83.5	transparent
#9F9F9F	65	83	160	64.5	65.5	82.5	83.5	transparent
#A5A5A5	66	83	166	65.5	66.5	82.5	83.5	transparent
#A6A6A6	67	83	167	66.5	67.5	82.5	83.5	transparent
#A4A4A4	68	83	165	67.5	68.5	82.5	83.5	transparent
#A2A2A2	69	83	163	68.5	69.5	82.5	83.5	transparent
#A8A8A8	70	83	169	69.5	70.5	82.5	83.5	transparent
#ADADAD	71	83	174	70.5	71.5	82.5	83.5	transparent
#B3B3B3	72	83	180	71.5	72.5	82.5	83.5	transparent
#B6B6B6	73	83	183	72.5	73.5	82.5	83.5	transparent
#B7B7B7	74	83	184	73.5	74.5	82.5	83.5	transparent
#B3B3B3	75	83	180	74.5	75.5	82.5	83.5	transparent
#A3A3A3	76	83	164	75.5	76.5	82.5	83.5	transparent
#949494	77	83	149	76.5	77.5	82.5	83.5	transparent
#8C8C8C	78	83	141	77.5	78.5	82.5	83.5	transparent
#808080	79	83	129	78.5	79.5	82.5	83.5	transparent
#777777	80	83	120	79.5	80.5	82.5	83.5	transparent
#7B7B7B	81	83	124	80.5	81.5	82.5	83.5	transparent
#7B7B7B	82	83	124	81.5	82.5	82.5	83.5	transparent
#747474	83	83	117	82.5	83.5	82.5	83.5	transparent
#636363	84	83	100	83.5	84.5	82.5	83.5	transparent
#4D4D4D	85	83	78	84.5	85.5	82.5	83.5	transparent
#4E4E4E	86	83	79	85.5	86.5	82.5	83.5	transparent
#515151	87	83	82	86.5	87.5	82.5	83.5	transparent
#5D5D5D	88	83	94	87.5	88.5	82.5	83.5	transparent
#606060	89	83	97	88.5	89.5	82.5	83.5	transparent
#525252	90	83	83	89.5	90.5	82.5	83.5	transparent
#494949	91	83	74	90.5	91.5	82.5	83.5	transparent
#414141	92	83	66	91.5	92.5	82.5	83.5	transparent
#3C3C3C	93	83	61	92.5	93.5	82.5	83.5	transparent
#363636	94	83	55	93.5	94.5	82.5	83.5	transparent
#363636	95	83	55	94.5	95.5	82.5	83.5	transparent
#383838	96	83	57	95.5	96.5	82.5	83.5	transparent
#3B3B3B	97	83	60	96.5	97.5	82.5	83.5	transparent
#3B3B3B	98	83	60	97.5	98.5	82.5	83.5	transparent
#3D3D3D	99	83	62	98.5	99.5	82.5	83.5	transparent
#3D3D3D	100	83	62	99.5	100.5	82.5	83.5	transparent
#424242	101	83	67	100.5	101.5	82.5	83.5	transparent
#464646	102	83	71	101.5	102.5	82.5	83.5	transparent
#494949	103	83	74	102.5	103.5	82.5	83.5	transparent
#4C4C4C	104	83	77	103.5	104.5	82.5	83.5	transparent
#4D4D4D	105	83	78	104.5	105.5	82.5	83.5	transparent
#505050	106	83	81	105.5	106.5	82.5	83.5	transparent
#535353	107	83	84	106.5	107.5	82.5	83.5	transparent
#565656	108	83	87	107.5	108.5	82.5	83.5	transparent
#595959	109	83	90	108.5	109.5	82.5	83.5	transparent
#595959	110	83	90	109.5	110.5	82.5	83.5	transparent
#575757	111	83	88	110.5	111.5	82.5	83.5	transparent
#545454	112	83	85	111.5	112.5	82.5	83.5	transparent
#5A5A5A	113	83	91	112.5	113.5	82.5	83.5	transparent
#646464	114	83	101	113.5	114.5	82.5	83.5	transparent
#757575	115	83	118	114.5	115.5	82.5	83.5	transparent
#959595	116	83	150	115.5	116.5	82.5	83.5	transparent
#AEAEAE	117	83	175	116.5	117.5	82.5	83.5	transparent
#C0C0C0	118	83	193	117.5	118.5	82.5	83.5	transparent
#C1C1C1	119	83	194	118.5	119.5	82.5	83.5	transparent
#BABABA	120	83	187	119.5	120.5	82.5	83.5	transparent
#B0B0B0	121	83	177	120.5	121.5	82.5	83.5	transparent
#AAAAAA	122	83	171	121.5	122.5	82.5	83.5	transparent
#A8A8A8	123	83	169	122.5	123.5	82.5	83.5	transparent
#A8A8A8	124	83	169	123.5	124.5	82.5	83.5	transparent
#AAAAAA	125	83	171	124.5	125.5	82.5	83.5	transparent
#ABABAB	126	83	172	125.5	126.5	82.5	83.5	transparent
#ABABAB	127	83	172	126.5	127.5	82.5	83.5	transparent
#AAAAAA	128	83	171	127.5	128.5	82.5	83.5	transparent
#9D9D9D	129	83	158	128.5	129.5	82.5	83.5	transparent
#999999	130	83	154	129.5	130.5	82.5	83.5	transparent
#959595	131	83	150	130.5	131.5	82.5	83.5	transparent
#919191	132	83	146	131.5	132.5	82.5	83.5	transparent
#888888	133	83	137	132.5	133.5	82.5	83.5	transparent
#7E7E7E	134	83	127	133.5	134.5	82.5	83.5	transparent
#767676	135	83	119	134.5	135.5	82.5	83.5	transparent
#727272	136	83	115	135.5	136.5	82.5	83.5	transparent
#7B7B7B	137	83	124	136.5	137.5	82.5	83.5	transparent
#969696	138	83	151	137.5	138.5	82.5	83.5	transparent
#BCBCBC	139	83	189	138.5	139.5	82.5	83.5	transparent
#585858	0	82	89	-0.5	0.5	81.5	82.5	transparent
#4D4D4D	1	82	78	0.5	1.5	81.5	82.5	transparent
#3D3D3D	2	82	62	1.5	2.5	81.5	82.5	transparent
#3C3C3C	3	82	61	2.5	3.5	81.5	82.5	transparent
#424242	4	82	67	3.5	4.5	81.5	82.5	transparent
#454545	5	82	70	4.5	5.5	81.5	82.5	transparent
#484848	6	82	73	5.5	6.5	81.5	82.5	transparent
#4E4E4E	7	82	79	6.5	7.5	81.5	82.5	transparent
#555555	8	82	86	7.5	8.5	81.5	82.5	transparent
#5C5C5C	9	82	93	8.5	9.5	81.5	82.5	transparent
#686868	10	82	105	9.5	10.5	81.5	82.5	transparent
#717171	11	82	114	10.5	11.5	81.5	82.5	transparent
#787878	12	82	121	11.5	12.5	81.5	82.5	transparent
#7C7C7C	13	82	125	12.5	13.5	81.5	82.5	transparent
#818181	14	82	130	13.5	14.5	81.5	82.5	transparent
#8D8D8D	15	82	142	14.5	15.5	81.5	82.5	transparent
#8F8F8F	16	82	144	15.5	16.5	81.5	82.5	transparent
#909090	17	82	145	16.5	17.5	81.5	82.5	transparent
#919191	18	82	146	17.5	18.5	81.5	82.5	transparent
#949494	19	82	149	18.5	19.5	81.5	82.5	transparent
#989898	20	82	153	19.5	20.5	81.5	82.5	transparent
#9D9D9D	21	82	158	20.5	21.5	81.5	82.5	transparent
#B0B0B0	22	82	177	21.5	22.5	81.5	82.5	transparent
#B5B5B5	23	82	182	22.5	23.5	81.5	82.5	transparent
#ACACAC	24	82	173	23.5	24.5	81.5	82.5	transparent
#838383	25	82	132	24.5	25.5	81.5	82.5	transparent
#636363	26	82	100	25.5	26.5	81.5	82.5	transparent
#565656	27	82	87	26.5	27.5	81.5	82.5	transparent
#545454	28	82	85	27.5	28.5	81.5	82.5	transparent
#4C4C4C	29	82	77	28.5	29.5	81.5	82.5	transparent
#484848	30	82	73	29.5	30.5	81.5	82.5	transparent
#444444	31	82	69	30.5	31.5	81.5	82.5	transparent
#454545	32	82	70	31.5	32.5	81.5	82.5	transparent
#494949	33	82	74	32.5	33.5	81.5	82.5	transparent
#4A4A4A	34	82	75	33.5	34.5	81.5	82.5	transparent
#3F3F3F	35	82	64	34.5	35.5	81.5	82.5	transparent
#353535	36	82	54	35.5	36.5	81.5	82.5	transparent
#2E2E2E	37	82	47	36.5	37.5	81.5	82.5	transparent
#2F2F2F	38	82	48	37.5	38.5	81.5	82.5	transparent
#2C2C2C	39	82	45	38.5	39.5	81.5	82.5	transparent
#292929	40	82	42	39.5	40.5	81.5	82.5	transparent
#282828	41	82	41	40.5	41.5	81.5	82.5	transparent
#262626	42	82	39	41.5	42.5	81.5	82.5	transparent
#262626	43	82	39	42.5	43.5	81.5	82.5	transparent
#272727	44	82	40	43.5	44.5	81.5	82.5	transparent
#282828	45	82	41	44.5	45.5	81.5	82.5	transparent
#2B2B2B	46	82	44	45.5	46.5	81.5	82.5	transparent
#292929	47	82	42	46.5	47.5	81.5	82.5	transparent
#262626	48	82	39	47.5	48.5	81.5	82.5	transparent
#272727	49	82	40	48.5	49.5	81.5	82.5	transparent
#262626	50	82	39	49.5	50.5	81.5	82.5	transparent
#272727	51	82	40	50.5	51.5	81.5	82.5	transparent
#2A2A2A	52	82	43	51.5	52.5	81.5	82.5	transparent
#2A2A2A	53	82	43	52.5	53.5	81.5	82.5	transparent
#2E2E2E	54	82	47	53.5	54.5	81.5	82.5	transparent
#313131	55	82	50	54.5	55.5	81.5	82.5	transparent
#4E4E4E	56	82	79	55.5	56.5	81.5	82.5	transparent
#717171	57	82	114	56.5	57.5	81.5	82.5	transparent
#676767	58	82	104	57.5	58.5	81.5	82.5	transparent
#525252	59	82	83	58.5	59.5	81.5	82.5	transparent
#4F4F4F	60	82	80	59.5	60.5	81.5	82.5	transparent
#515151	61	82	82	60.5	61.5	81.5	82.5	transparent
#545454	62	82	85	61.5	62.5	81.5	82.5	transparent
#646464	63	82	101	62.5	63.5	81.5	82.5	transparent
#888888	64	82	137	63.5	64.5	81.5	82.5	transparent
#9F9F9F	65	82	160	64.5	65.5	81.5	82.5	transparent
#A6A6A6	66	82	167	65.5	66.5	81.5	82.5	transparent
#A9A9A9	67	82	170	66.5	67.5	81.5	82.5	transparent
#A9A9A9	68	82	170	67.5	68.5	81.5	82.5	transparent
#A6A6A6	69	82	167	68.5	69.5	81.5	82.5	transparent
#ABABAB	70	82	172	69.5	70.5	81.5	82.5	transparent
#B2B2B2	71	82	179	70.5	71.5	81.5	82.5	transparent
#B6B6B6	72	82	183	71.5	72.5	81.5	82.5	transparent
#B8B8B8	73	82	185	72.5	73.5	81.5	82.5	transparent
#B8B8B8	74	82	185	73.5	74.5	81.5	82.5	transparent
#B2B2B2	75	82	179	74.5	75.5	81.5	82.5	transparent
#A5A5A5	76	82	166	75.5	76.5	81.5	82.5	transparent
#9A9A9A	77	82	155	76.5	77.5	81.5	82.5	transparent
#8C8C8C	78	82	141	77.5	78.5	81.5	82.5	transparent
#7B7B7B	79	82	124	78.5	79.5	81.5	82.5	transparent
#707070	80	82	113	79.5	80.5	81.5	82.5	transparent
#707070	81	82	113	80.5	81.5	81.5	82.5	transparent
#6D6D6D	82	82	110	81.5	82.5	81.5	82.5	transparent
#6B6B6B	83	82	108	82.5	83.5	81.5	82.5	transparent
#626262	84	82	99	83.5	84.5	81.5	82.5	transparent
#4C4C4C	85	82	77	84.5	85.5	81.5	82.5	transparent
#4D4D4D	86	82	78	85.5	86.5	81.5	82.5	transparent
#545454	87	82	85	86.5	87.5	81.5	82.5	transparent
#5A5A5A	88	82	91	87.5	88.5	81.5	82.5	transparent
#5D5D5D	89	82	94	88.5	89.5	81.5	82.5	transparent
#4D4D4D	90	82	78	89.5	90.5	81.5	82.5	transparent
#464646	91	82	71	90.5	91.5	81.5	82.5	transparent
#3F3F3F	92	82	64	91.5	92.5	81.5	82.5	transparent
#343434	93	82	53	92.5	93.5	81.5	82.5	transparent
#2F2F2F	94	82	48	93.5	94.5	81.5	82.5	transparent
#2E2E2E	95	82	47	94.5	95.5	81.5	82.5	transparent
#323232	96	82	51	95.5	96.5	81.5	82.5	transparent
#313131	97	82	50	96.5	97.5	81.5	82.5	transparent
#333333	98	82	52	97.5	98.5	81.5	82.5	transparent
#353535	99	82	54	98.5	99.5	81.5	82.5	transparent
#383838	100	82	57	99.5	100.5	81.5	82.5	transparent
#404040	101	82	65	100.5	101.5	81.5	82.5	transparent
#454545	102	82	70	101.5	102.5	81.5	82.5	transparent
#484848	103	82	73	102.5	103.5	81.5	82.5	transparent
#4B4B4B	104	82	76	103.5	104.5	81.5	82.5	transparent
#4F4F4F	105	82	80	104.5	105.5	81.5	82.5	transparent
#545454	106	82	85	105.5	106.5	81.5	82.5	transparent
#555555	107	82	86	106.5	107.5	81.5	82.5	transparent
#565656	108	82	87	107.5	108.5	81.5	82.5	transparent
#5B5B5B	109	82	92	108.5	109.5	81.5	82.5	transparent
#5D5D5D	110	82	94	109.5	110.5	81.5	82.5	transparent
#5C5C5C	111	82	93	110.5	111.5	81.5	82.5	transparent
#595959	112	82	90	111.5	112.5	81.5	82.5	transparent
#5B5B5B	113	82	92	112.5	113.5	81.5	82.5	transparent
#646464	114	82	101	113.5	114.5	81.5	82.5	transparent
#6F6F6F	115	82	112	114.5	115.5	81.5	82.5	transparent
#8F8F8F	116	82	144	115.5	116.5	81.5	82.5	transparent
#B2B2B2	117	82	179	116.5	117.5	81.5	82.5	transparent
#BFBFBF	118	82	192	117.5	118.5	81.5	82.5	transparent
#C3C3C3	119	82	196	118.5	119.5	81.5	82.5	transparent
#B8B8B8	120	82	185	119.5	120.5	81.5	82.5	transparent
#B0B0B0	121	82	177	120.5	121.5	81.5	82.5	transparent
#ABABAB	122	82	172	121.5	122.5	81.5	82.5	transparent
#A7A7A7	123	82	168	122.5	123.5	81.5	82.5	transparent
#A7A7A7	124	82	168	123.5	124.5	81.5	82.5	transparent
#A7A7A7	125	82	168	124.5	125.5	81.5	82.5	transparent
#A8A8A8	126	82	169	125.5	126.5	81.5	82.5	transparent
#AAAAAA	127	82	171	126.5	127.5	81.5	82.5	transparent
#A1A1A1	128	82	162	127.5	128.5	81.5	82.5	transparent
#989898	129	82	153	128.5	129.5	81.5	82.5	transparent
#979797	130	82	152	129.5	130.5	81.5	82.5	transparent
#929292	131	82	147	130.5	131.5	81.5	82.5	transparent
#8A8A8A	132	82	139	131.5	132.5	81.5	82.5	transparent
#808080	133	82	129	132.5	133.5	81.5	82.5	transparent
#777777	134	82	120	133.5	134.5	81.5	82.5	transparent
#6F6F6F	135	82	112	134.5	135.5	81.5	82.5	transparent
#696969	136	82	106	135.5	136.5	81.5	82.5	transparent
#727272	137	82	115	136.5	137.5	81.5	82.5	transparent
#8C8C8C	138	82	141	137.5	138.5	81.5	82.5	transparent
#B3B3B3	139	82	180	138.5	139.5	81.5	82.5	transparent
#4A4A4A	0	81	75	-0.5	0.5	80.5	81.5	transparent
#313131	1	81	50	0.5	1.5	80.5	81.5	transparent
#262626	2	81	39	1.5	2.5	80.5	81.5	transparent
#333333	3	81	52	2.5	3.5	80.5	81.5	transparent
#3B3B3B	4	81	60	3.5	4.5	80.5	81.5	transparent
#3F3F3F	5	81	64	4.5	5.5	80.5	81.5	transparent
#444444	6	81	69	5.5	6.5	80.5	81.5	transparent
#4B4B4B	7	81	76	6.5	7.5	80.5	81.5	transparent
#515151	8	81	82	7.5	8.5	80.5	81.5	transparent
#575757	9	81	88	8.5	9.5	80.5	81.5	transparent
#5F5F5F	10	81	96	9.5	10.5	80.5	81.5	transparent
#6A6A6A	11	81	107	10.5	11.5	80.5	81.5	transparent
#727272	12	81	115	11.5	12.5	80.5	81.5	transparent
#777777	13	81	120	12.5	13.5	80.5	81.5	transparent
#7D7D7D	14	81	126	13.5	14.5	80.5	81.5	transparent
#878787	15	81	136	14.5	15.5	80.5	81.5	transparent
#8B8B8B	16	81	140	15.5	16.5	80.5	81.5	transparent
#898989	17	81	138	16.5	17.5	80.5	81.5	transparent
#8D8D8D	18	81	142	17.5	18.5	80.5	81.5	transparent
#929292	19	81	147	18.5	19.5	80.5	81.5	transparent
#979797	20	81	152	19.5	20.5	80.5	81.5	transparent
#9E9E9E	21	81	159	20.5	21.5	80.5	81.5	transparent
#ADADAD	22	81	174	21.5	22.5	80.5	81.5	transparent
#B3B3B3	23	81	180	22.5	23.5	80.5	81.5	transparent
#A7A7A7	24	81	168	23.5	24.5	80.5	81.5	transparent
#7A7A7A	25	81	123	24.5	25.5	80.5	81.5	transparent
#6B6B6B	26	81	108	25.5	26.5	80.5	81.5	transparent
#646464	27	81	101	26.5	27.5	80.5	81.5	transparent
#545454	28	81	85	27.5	28.5	80.5	81.5	transparent
#4D4D4D	29	81	78	28.5	29.5	80.5	81.5	transparent
#4C4C4C	30	81	77	29.5	30.5	80.5	81.5	transparent
#4B4B4B	31	81	76	30.5	31.5	80.5	81.5	transparent
#464646	32	81	71	31.5	32.5	80.5	81.5	transparent
#3D3D3D	33	81	62	32.5	33.5	80.5	81.5	transparent
#333333	34	81	52	33.5	34.5	80.5	81.5	transparent
#2F2F2F	35	81	48	34.5	35.5	80.5	81.5	transparent
#2E2E2E	36	81	47	35.5	36.5	80.5	81.5	transparent
#2E2E2E	37	81	47	36.5	37.5	80.5	81.5	transparent
#2E2E2E	38	81	47	37.5	38.5	80.5	81.5	transparent
#313131	39	81	50	38.5	39.5	80.5	81.5	transparent
#303030	40	81	49	39.5	40.5	80.5	81.5	transparent
#2E2E2E	41	81	47	40.5	41.5	80.5	81.5	transparent
#2B2B2B	42	81	44	41.5	42.5	80.5	81.5	transparent
#2B2B2B	43	81	44	42.5	43.5	80.5	81.5	transparent
#292929	44	81	42	43.5	44.5	80.5	81.5	transparent
#262626	45	81	39	44.5	45.5	80.5	81.5	transparent
#292929	46	81	42	45.5	46.5	80.5	81.5	transparent
#2C2C2C	47	81	45	46.5	47.5	80.5	81.5	transparent
#2B2B2B	48	81	44	47.5	48.5	80.5	81.5	transparent
#292929	49	81	42	48.5	49.5	80.5	81.5	transparent
#272727	50	81	40	49.5	50.5	80.5	81.5	transparent
#272727	51	81	40	50.5	51.5	80.5	81.5	transparent
#292929	52	81	42	51.5	52.5	80.5	81.5	transparent
#2D2D2D	53	81	46	52.5	53.5	80.5	81.5	transparent
#323232	54	81	51	53.5	54.5	80.5	81.5	transparent
#353535	55	81	54	54.5	55.5	80.5	81.5	transparent
#515151	56	81	82	55.5	56.5	80.5	81.5	transparent
#696969	57	81	106	56.5	57.5	80.5	81.5	transparent
#656565	58	81	102	57.5	58.5	80.5	81.5	transparent
#575757	59	81	88	58.5	59.5	80.5	81.5	transparent
#515151	60	81	82	59.5	60.5	80.5	81.5	transparent
#4E4E4E	61	81	79	60.5	61.5	80.5	81.5	transparent
#525252	62	81	83	61.5	62.5	80.5	81.5	transparent
#656565	63	81	102	62.5	63.5	80.5	81.5	transparent
#888888	64	81	137	63.5	64.5	80.5	81.5	transparent
#9C9C9C	65	81	157	64.5	65.5	80.5	81.5	transparent
#A4A4A4	66	81	165	65.5	66.5	80.5	81.5	transparent
#A3A3A3	67	81	164	66.5	67.5	80.5	81.5	transparent
#A5A5A5	68	81	166	67.5	68.5	80.5	81.5	transparent
#A9A9A9	69	81	170	68.5	69.5	80.5	81.5	transparent
#AEAEAE	70	81	175	69.5	70.5	80.5	81.5	transparent
#B5B5B5	71	81	182	70.5	71.5	80.5	81.5	transparent
#B6B6B6	72	81	183	71.5	72.5	80.5	81.5	transparent
#B7B7B7	73	81	184	72.5	73.5	80.5	81.5	transparent
#B9B9B9	74	81	186	73.5	74.5	80.5	81.5	transparent
#B0B0B0	75	81	177	74.5	75.5	80.5	81.5	transparent
#A4A4A4	76	81	165	75.5	76.5	80.5	81.5	transparent
#9D9D9D	77	81	158	76.5	77.5	80.5	81.5	transparent
#8C8C8C	78	81	141	77.5	78.5	80.5	81.5	transparent
#787878	79	81	121	78.5	79.5	80.5	81.5	transparent
#707070	80	81	113	79.5	80.5	80.5	81.5	transparent
#6F6F6F	81	81	112	80.5	81.5	80.5	81.5	transparent
#6A6A6A	82	81	107	81.5	82.5	80.5	81.5	transparent
#656565	83	81	102	82.5	83.5	80.5	81.5	transparent
#5A5A5A	84	81	91	83.5	84.5	80.5	81.5	transparent
#505050	85	81	81	84.5	85.5	80.5	81.5	transparent
#4F4F4F	86	81	80	85.5	86.5	80.5	81.5	transparent
#525252	87	81	83	86.5	87.5	80.5	81.5	transparent
#525252	88	81	83	87.5	88.5	80.5	81.5	transparent
#4F4F4F	89	81	80	88.5	89.5	80.5	81.5	transparent
#414141	90	81	66	89.5	90.5	80.5	81.5	transparent
#424242	91	81	67	90.5	91.5	80.5	81.5	transparent
#434343	92	81	68	91.5	92.5	80.5	81.5	transparent
#2E2E2E	93	81	47	92.5	93.5	80.5	81.5	transparent
#2C2C2C	94	81	45	93.5	94.5	80.5	81.5	transparent
#2F2F2F	95	81	48	94.5	95.5	80.5	81.5	transparent
#313131	96	81	50	95.5	96.5	80.5	81.5	transparent
#303030	97	81	49	96.5	97.5	80.5	81.5	transparent
#2F2F2F	98	81	48	97.5	98.5	80.5	81.5	transparent
#343434	99	81	53	98.5	99.5	80.5	81.5	transparent
#393939	100	81	58	99.5	100.5	80.5	81.5	transparent
#3A3A3A	101	81	59	100.5	101.5	80.5	81.5	transparent
#3C3C3C	102	81	61	101.5	102.5	80.5	81.5	transparent
#404040	103	81	65	102.5	103.5	80.5	81.5	transparent
#464646	104	81	71	103.5	104.5	80.5	81.5	transparent
#4E4E4E	105	81	79	104.5	105.5	80.5	81.5	transparent
#565656	106	81	87	105.5	106.5	80.5	81.5	transparent
#5A5A5A	107	81	91	106.5	107.5	80.5	81.5	transparent
#5B5B5B	108	81	92	107.5	108.5	80.5	81.5	transparent
#595959	109	81	90	108.5	109.5	80.5	81.5	transparent
#595959	110	81	90	109.5	110.5	80.5	81.5	transparent
#5E5E5E	111	81	95	110.5	111.5	80.5	81.5	transparent
#646464	112	81	101	111.5	112.5	80.5	81.5	transparent
#656565	113	81	102	112.5	113.5	80.5	81.5	transparent
#656565	114	81	102	113.5	114.5	80.5	81.5	transparent
#6D6D6D	115	81	110	114.5	115.5	80.5	81.5	transparent
#8B8B8B	116	81	140	115.5	116.5	80.5	81.5	transparent
#B2B2B2	117	81	179	116.5	117.5	80.5	81.5	transparent
#BDBDBD	118	81	190	117.5	118.5	80.5	81.5	transparent
#C3C3C3	119	81	196	118.5	119.5	80.5	81.5	transparent
#B7B7B7	120	81	184	119.5	120.5	80.5	81.5	transparent
#AEAEAE	121	81	175	120.5	121.5	80.5	81.5	transparent
#A8A8A8	122	81	169	121.5	122.5	80.5	81.5	transparent
#A6A6A6	123	81	167	122.5	123.5	80.5	81.5	transparent
#A4A4A4	124	81	165	123.5	124.5	80.5	81.5	transparent
#A5A5A5	125	81	166	124.5	125.5	80.5	81.5	transparent
#A5A5A5	126	81	166	125.5	126.5	80.5	81.5	transparent
#A6A6A6	127	81	167	126.5	127.5	80.5	81.5	transparent
#9B9B9B	128	81	156	127.5	128.5	80.5	81.5	transparent
#959595	129	81	150	128.5	129.5	80.5	81.5	transparent
#929292	130	81	147	129.5	130.5	80.5	81.5	transparent
#8D8D8D	131	81	142	130.5	131.5	80.5	81.5	transparent
#858585	132	81	134	131.5	132.5	80.5	81.5	transparent
#7B7B7B	133	81	124	132.5	133.5	80.5	81.5	transparent
#737373	134	81	116	133.5	134.5	80.5	81.5	transparent
#6B6B6B	135	81	108	134.5	135.5	80.5	81.5	transparent
#636363	136	81	100	135.5	136.5	80.5	81.5	transparent
#676767	137	81	104	136.5	137.5	80.5	81.5	transparent
#808080	138	81	129	137.5	138.5	80.5	81.5	transparent
#A7A7A7	139	81	168	138.5	139.5	80.5	81.5	transparent
#282828	0	80	41	-0.5	0.5	79.5	80.5	transparent
#151515	1	80	22	0.5	1.5	79.5	80.5	transparent
#1B1B1B	2	80	28	1.5	2.5	79.5	80.5	transparent
#282828	3	80	41	2.5	3.5	79.5	80.5	transparent
#323232	4	80	51	3.5	4.5	79.5	80.5	transparent
#393939	5	80	58	4.5	5.5	79.5	80.5	transparent
#3F3F3F	6	80	64	5.5	6.5	79.5	80.5	transparent
#454545	7	80	70	6.5	7.5	79.5	80.5	transparent
#4C4C4C	8	80	77	7.5	8.5	79.5	80.5	transparent
#535353	9	80	84	8.5	9.5	79.5	80.5	transparent
#595959	10	80	90	9.5	10.5	79.5	80.5	transparent
#616161	11	80	98	10.5	11.5	79.5	80.5	transparent
#6B6B6B	12	80	108	11.5	12.5	79.5	80.5	transparent
#717171	13	80	114	12.5	13.5	79.5	80.5	transparent
#787878	14	80	121	13.5	14.5	79.5	80.5	transparent
#7F7F7F	15	80	128	14.5	15.5	79.5	80.5	transparent
#868686	16	80	135	15.5	16.5	79.5	80.5	transparent
#838383	17	80	132	16.5	17.5	79.5	80.5	transparent
#878787	18	80	136	17.5	18.5	79.5	80.5	transparent
#8D8D8D	19	80	142	18.5	19.5	79.5	80.5	transparent
#939393	20	80	148	19.5	20.5	79.5	80.5	transparent
#9F9F9F	21	80	160	20.5	21.5	79.5	80.5	transparent
#AAAAAA	22	80	171	21.5	22.5	79.5	80.5	transparent
#B3B3B3	23	80	180	22.5	23.5	79.5	80.5	transparent
#A2A2A2	24	80	163	23.5	24.5	79.5	80.5	transparent
#797979	25	80	122	24.5	25.5	79.5	80.5	transparent
#737373	26	80	116	25.5	26.5	79.5	80.5	transparent
#666666	27	80	103	26.5	27.5	79.5	80.5	transparent
#565656	28	80	87	27.5	28.5	79.5	80.5	transparent
#525252	29	80	83	28.5	29.5	79.5	80.5	transparent
#515151	30	80	82	29.5	30.5	79.5	80.5	transparent
#494949	31	80	74	30.5	31.5	79.5	80.5	transparent
#383838	32	80	57	31.5	32.5	79.5	80.5	transparent
#2C2C2C	33	80	45	32.5	33.5	79.5	80.5	transparent
#292929	34	80	42	33.5	34.5	79.5	80.5	transparent
#2A2A2A	35	80	43	34.5	35.5	79.5	80.5	transparent
#2B2B2B	36	80	44	35.5	36.5	79.5	80.5	transparent
#2C2C2C	37	80	45	36.5	37.5	79.5	80.5	transparent
#2B2B2B	38	80	44	37.5	38.5	79.5	80.5	transparent
#2C2C2C	39	80	45	38.5	39.5	79.5	80.5	transparent
#2B2B2B	40	80	44	39.5	40.5	79.5	80.5	transparent
#2C2C2C	41	80	45	40.5	41.5	79.5	80.5	transparent
#2E2E2E	42	80	47	41.5	42.5	79.5	80.5	transparent
#303030	43	80	49	42.5	43.5	79.5	80.5	transparent
#303030	44	80	49	43.5	44.5	79.5	80.5	transparent
#2A2A2A	45	80	43	44.5	45.5	79.5	80.5	transparent
#272727	46	80	40	45.5	46.5	79.5	80.5	transparent
#262626	47	80	39	46.5	47.5	79.5	80.5	transparent
#282828	48	80	41	47.5	48.5	79.5	80.5	transparent
#292929	49	80	42	48.5	49.5	79.5	80.5	transparent
#292929	50	80	42	49.5	50.5	79.5	80.5	transparent
#2B2B2B	51	80	44	50.5	51.5	79.5	80.5	transparent
#323232	52	80	51	51.5	52.5	79.5	80.5	transparent
#333333	53	80	52	52.5	53.5	79.5	80.5	transparent
#333333	54	80	52	53.5	54.5	79.5	80.5	transparent
#404040	55	80	65	54.5	55.5	79.5	80.5	transparent
#525252	56	80	83	55.5	56.5	79.5	80.5	transparent
#5C5C5C	57	80	93	56.5	57.5	79.5	80.5	transparent
#5E5E5E	58	80	95	57.5	58.5	79.5	80.5	transparent
#575757	59	80	88	58.5	59.5	79.5	80.5	transparent
#4F4F4F	60	80	80	59.5	60.5	79.5	80.5	transparent
#4F4F4F	61	80	80	60.5	61.5	79.5	80.5	transparent
#525252	62	80	83	61.5	62.5	79.5	80.5	transparent
#686868	63	80	105	62.5	63.5	79.5	80.5	transparent
#858585	64	80	134	63.5	64.5	79.5	80.5	transparent
#9A9A9A	65	80	155	64.5	65.5	79.5	80.5	transparent
#A4A4A4	66	80	165	65.5	66.5	79.5	80.5	transparent
#A0A0A0	67	80	161	66.5	67.5	79.5	80.5	transparent
#A0A0A0	68	80	161	67.5	68.5	79.5	80.5	transparent
#A2A2A2	69	80	163	68.5	69.5	79.5	80.5	transparent
#A9A9A9	70	80	170	69.5	70.5	79.5	80.5	transparent
#B3B3B3	71	80	180	70.5	71.5	79.5	80.5	transparent
#B5B5B5	72	80	182	71.5	72.5	79.5	80.5	transparent
#B5B5B5	73	80	182	72.5	73.5	79.5	80.5	transparent
#B8B8B8	74	80	185	73.5	74.5	79.5	80.5	transparent
#ADADAD	75	80	174	74.5	75.5	79.5	80.5	transparent
#A1A1A1	76	80	162	75.5	76.5	79.5	80.5	transparent
#9B9B9B	77	80	156	76.5	77.5	79.5	80.5	transparent
#8F8F8F	78	80	144	77.5	78.5	79.5	80.5	transparent
#7C7C7C	79	80	125	78.5	79.5	79.5	80.5	transparent
#737373	80	80	116	79.5	80.5	79.5	80.5	transparent
#6F6F6F	81	80	112	80.5	81.5	79.5	80.5	transparent
#6D6D6D	82	80	110	81.5	82.5	79.5	80.5	transparent
#656565	83	80	102	82.5	83.5	79.5	80.5	transparent
#525252	84	80	83	83.5	84.5	79.5	80.5	transparent
#494949	85	80	74	84.5	85.5	79.5	80.5	transparent
#4E4E4E	86	80	79	85.5	86.5	79.5	80.5	transparent
#505050	87	80	81	86.5	87.5	79.5	80.5	transparent
#525252	88	80	83	87.5	88.5	79.5	80.5	transparent
#4C4C4C	89	80	77	88.5	89.5	79.5	80.5	transparent
#464646	90	80	71	89.5	90.5	79.5	80.5	transparent
#4A4A4A	91	80	75	90.5	91.5	79.5	80.5	transparent
#454545	92	80	70	91.5	92.5	79.5	80.5	transparent
#353535	93	80	54	92.5	93.5	79.5	80.5	transparent
#2B2B2B	94	80	44	93.5	94.5	79.5	80.5	transparent
#2C2C2C	95	80	45	94.5	95.5	79.5	80.5	transparent
#2D2D2D	96	80	46	95.5	96.5	79.5	80.5	transparent
#2F2F2F	97	80	48	96.5	97.5	79.5	80.5	transparent
#323232	98	80	51	97.5	98.5	79.5	80.5	transparent
#363636	99	80	55	98.5	99.5	79.5	80.5	transparent
#363636	100	80	55	99.5	100.5	79.5	80.5	transparent
#363636	101	80	55	100.5	101.5	79.5	80.5	transparent
#353535	102	80	54	101.5	102.5	79.5	80.5	transparent
#373737	103	80	56	102.5	103.5	79.5	80.5	transparent
#3C3C3C	104	80	61	103.5	104.5	79.5	80.5	transparent
#414141	105	80	66	104.5	105.5	79.5	80.5	transparent
#4C4C4C	106	80	77	105.5	106.5	79.5	80.5	transparent
#545454	107	80	85	106.5	107.5	79.5	80.5	transparent
#595959	108	80	90	107.5	108.5	79.5	80.5	transparent
#5C5C5C	109	80	93	108.5	109.5	79.5	80.5	transparent
#5D5D5D	110	80	94	109.5	110.5	79.5	80.5	transparent
#5F5F5F	111	80	96	110.5	111.5	79.5	80.5	transparent
#636363	112	80	100	111.5	112.5	79.5	80.5	transparent
#6A6A6A	113	80	107	112.5	113.5	79.5	80.5	transparent
#6F6F6F	114	80	112	113.5	114.5	79.5	80.5	transparent
#727272	115	80	115	114.5	115.5	79.5	80.5	transparent
#888888	116	80	137	115.5	116.5	79.5	80.5	transparent
#AAAAAA	117	80	171	116.5	117.5	79.5	80.5	transparent
#BEBEBE	118	80	191	117.5	118.5	79.5	80.5	transparent
#C1C1C1	119	80	194	118.5	119.5	79.5	80.5	transparent
#B6B6B6	120	80	183	119.5	120.5	79.5	80.5	transparent
#ACACAC	121	80	173	120.5	121.5	79.5	80.5	transparent
#A8A8A8	122	80	169	121.5	122.5	79.5	80.5	transparent
#A5A5A5	123	80	166	122.5	123.5	79.5	80.5	transparent
#A0A0A0	124	80	161	123.5	124.5	79.5	80.5	transparent
#9F9F9F	125	80	160	124.5	125.5	79.5	80.5	transparent
#A2A2A2	126	80	163	125.5	126.5	79.5	80.5	transparent
#9F9F9F	127	80	160	126.5	127.5	79.5	80.5	transparent
#949494	128	80	149	127.5	128.5	79.5	80.5	transparent
#909090	129	80	145	128.5	129.5	79.5	80.5	transparent
#8C8C8C	130	80	141	129.5	130.5	79.5	80.5	transparent
#868686	131	80	135	130.5	131.5	79.5	80.5	transparent
#7F7F7F	132	80	128	131.5	132.5	79.5	80.5	transparent
#767676	133	80	119	132.5	133.5	79.5	80.5	transparent
#6E6E6E	134	80	111	133.5	134.5	79.5	80.5	transparent
#676767	135	80	104	134.5	135.5	79.5	80.5	transparent
#5E5E5E	136	80	95	135.5	136.5	79.5	80.5	transparent
#5D5D5D	137	80	94	136.5	137.5	79.5	80.5	transparent
#747474	138	80	117	137.5	138.5	79.5	80.5	transparent
#9C9C9C	139	80	157	138.5	139.5	79.5	80.5	transparent
#0B0B0B	0	79	12	-0.5	0.5	78.5	79.5	transparent
#0F0F0F	1	79	16	0.5	1.5	78.5	79.5	transparent
#151515	2	79	22	1.5	2.5	78.5	79.5	transparent
#1C1C1C	3	79	29	2.5	3.5	78.5	79.5	transparent
#282828	4	79	41	3.5	4.5	78.5	79.5	transparent
#313131	5	79	50	4.5	5.5	78.5	79.5	transparent
#393939	6	79	58	5.5	6.5	78.5	79.5	transparent
#404040	7	79	65	6.5	7.5	78.5	79.5	transparent
#474747	8	79	72	7.5	8.5	78.5	79.5	transparent
#4F4F4F	9	79	80	8.5	9.5	78.5	79.5	transparent
#555555	10	79	86	9.5	10.5	78.5	79.5	transparent
#5C5C5C	11	79	93	10.5	11.5	78.5	79.5	transparent
#646464	12	79	101	11.5	12.5	78.5	79.5	transparent
#6A6A6A	13	79	107	12.5	13.5	78.5	79.5	transparent
#717171	14	79	114	13.5	14.5	78.5	79.5	transparent
#777777	15	79	120	14.5	15.5	78.5	79.5	transparent
#808080	16	79	129	15.5	16.5	78.5	79.5	transparent
#808080	17	79	129	16.5	17.5	78.5	79.5	transparent
#838383	18	79	132	17.5	18.5	78.5	79.5	transparent
#898989	19	79	138	18.5	19.5	78.5	79.5	transparent
#909090	20	79	145	19.5	20.5	78.5	79.5	transparent
#9E9E9E	21	79	159	20.5	21.5	78.5	79.5	transparent
#A7A7A7	22	79	168	21.5	22.5	78.5	79.5	transparent
#B1B1B1	23	79	178	22.5	23.5	78.5	79.5	transparent
#A0A0A0	24	79	161	23.5	24.5	78.5	79.5	transparent
#7E7E7E	25	79	127	24.5	25.5	78.5	79.5	transparent
#737373	26	79	116	25.5	26.5	78.5	79.5	transparent
#676767	27	79	104	26.5	27.5	78.5	79.5	transparent
#5D5D5D	28	79	94	27.5	28.5	78.5	79.5	transparent
#585858	29	79	89	28.5	29.5	78.5	79.5	transparent
#484848	30	79	73	29.5	30.5	78.5	79.5	transparent
#373737	31	79	56	30.5	31.5	78.5	79.5	transparent
#303030	32	79	49	31.5	32.5	78.5	79.5	transparent
#2E2E2E	33	79	47	32.5	33.5	78.5	79.5	transparent
#2B2B2B	34	79	44	33.5	34.5	78.5	79.5	transparent
#282828	35	79	41	34.5	35.5	78.5	79.5	transparent
#272727	36	79	40	35.5	36.5	78.5	79.5	transparent
#282828	37	79	41	36.5	37.5	78.5	79.5	transparent
#292929	38	79	42	37.5	38.5	78.5	79.5	transparent
#2A2A2A	39	79	43	38.5	39.5	78.5	79.5	transparent
#2A2A2A	40	79	43	39.5	40.5	78.5	79.5	transparent
#262626	41	79	39	40.5	41.5	78.5	79.5	transparent
#2A2A2A	42	79	43	41.5	42.5	78.5	79.5	transparent
#2E2E2E	43	79	47	42.5	43.5	78.5	79.5	transparent
#2E2E2E	44	79	47	43.5	44.5	78.5	79.5	transparent
#2F2F2F	45	79	48	44.5	45.5	78.5	79.5	transparent
#2D2D2D	46	79	46	45.5	46.5	78.5	79.5	transparent
#272727	47	79	40	46.5	47.5	78.5	79.5	transparent
#262626	48	79	39	47.5	48.5	78.5	79.5	transparent
#2B2B2B	49	79	44	48.5	49.5	78.5	79.5	transparent
#2A2A2A	50	79	43	49.5	50.5	78.5	79.5	transparent
#2A2A2A	51	79	43	50.5	51.5	78.5	79.5	transparent
#2C2C2C	52	79	45	51.5	52.5	78.5	79.5	transparent
#323232	53	79	51	52.5	53.5	78.5	79.5	transparent
#3C3C3C	54	79	61	53.5	54.5	78.5	79.5	transparent
#4A4A4A	55	79	75	54.5	55.5	78.5	79.5	transparent
#4D4D4D	56	79	78	55.5	56.5	78.5	79.5	transparent
#525252	57	79	83	56.5	57.5	78.5	79.5	transparent
#585858	58	79	89	57.5	58.5	78.5	79.5	transparent
#505050	59	79	81	58.5	59.5	78.5	79.5	transparent
#474747	60	79	72	59.5	60.5	78.5	79.5	transparent
#4D4D4D	61	79	78	60.5	61.5	78.5	79.5	transparent
#535353	62	79	84	61.5	62.5	78.5	79.5	transparent
#6D6D6D	63	79	110	62.5	63.5	78.5	79.5	transparent
#868686	64	79	135	63.5	64.5	78.5	79.5	transparent
#999999	65	79	154	64.5	65.5	78.5	79.5	transparent
#A0A0A0	66	79	161	65.5	66.5	78.5	79.5	transparent
#9E9E9E	67	79	159	66.5	67.5	78.5	79.5	transparent
#9F9F9F	68	79	160	67.5	68.5	78.5	79.5	transparent
#A1A1A1	69	79	162	68.5	69.5	78.5	79.5	transparent
#A9A9A9	70	79	170	69.5	70.5	78.5	79.5	transparent
#B2B2B2	71	79	179	70.5	71.5	78.5	79.5	transparent
#B6B6B6	72	79	183	71.5	72.5	78.5	79.5	transparent
#B4B4B4	73	79	181	72.5	73.5	78.5	79.5	transparent
#B3B3B3	74	79	180	73.5	74.5	78.5	79.5	transparent
#ADADAD	75	79	174	74.5	75.5	78.5	79.5	transparent
#A3A3A3	76	79	164	75.5	76.5	78.5	79.5	transparent
#9A9A9A	77	79	155	76.5	77.5	78.5	79.5	transparent
#8B8B8B	78	79	140	77.5	78.5	78.5	79.5	transparent
#7C7C7C	79	79	125	78.5	79.5	78.5	79.5	transparent
#797979	80	79	122	79.5	80.5	78.5	79.5	transparent
#787878	81	79	121	80.5	81.5	78.5	79.5	transparent
#777777	82	79	120	81.5	82.5	78.5	79.5	transparent
#6C6C6C	83	79	109	82.5	83.5	78.5	79.5	transparent
#595959	84	79	90	83.5	84.5	78.5	79.5	transparent
#4C4C4C	85	79	77	84.5	85.5	78.5	79.5	transparent
#4D4D4D	86	79	78	85.5	86.5	78.5	79.5	transparent
#545454	87	79	85	86.5	87.5	78.5	79.5	transparent
#535353	88	79	84	87.5	88.5	78.5	79.5	transparent
#4B4B4B	89	79	76	88.5	89.5	78.5	79.5	transparent
#454545	90	79	70	89.5	90.5	78.5	79.5	transparent
#464646	91	79	71	90.5	91.5	78.5	79.5	transparent
#474747	92	79	72	91.5	92.5	78.5	79.5	transparent
#414141	93	79	66	92.5	93.5	78.5	79.5	transparent
#373737	94	79	56	93.5	94.5	78.5	79.5	transparent
#373737	95	79	56	94.5	95.5	78.5	79.5	transparent
#343434	96	79	53	95.5	96.5	78.5	79.5	transparent
#323232	97	79	51	96.5	97.5	78.5	79.5	transparent
#333333	98	79	52	97.5	98.5	78.5	79.5	transparent
#353535	99	79	54	98.5	99.5	78.5	79.5	transparent
#383838	100	79	57	99.5	100.5	78.5	79.5	transparent
#363636	101	79	55	100.5	101.5	78.5	79.5	transparent
#373737	102	79	56	101.5	102.5	78.5	79.5	transparent
#3B3B3B	103	79	60	102.5	103.5	78.5	79.5	transparent
#3B3B3B	104	79	60	103.5	104.5	78.5	79.5	transparent
#3D3D3D	105	79	62	104.5	105.5	78.5	79.5	transparent
#3D3D3D	106	79	62	105.5	106.5	78.5	79.5	transparent
#3E3E3E	107	79	63	106.5	107.5	78.5	79.5	transparent
#454545	108	79	70	107.5	108.5	78.5	79.5	transparent
#565656	109	79	87	108.5	109.5	78.5	79.5	transparent
#636363	110	79	100	109.5	110.5	78.5	79.5	transparent
#636363	111	79	100	110.5	111.5	78.5	79.5	transparent
#646464	112	79	101	111.5	112.5	78.5	79.5	transparent
#686868	113	79	105	112.5	113.5	78.5	79.5	transparent
#737373	114	79	116	113.5	114.5	78.5	79.5	transparent
#808080	115	79	129	114.5	115.5	78.5	79.5	transparent
#868686	116	79	135	115.5	116.5	78.5	79.5	transparent
#A3A3A3	117	79	164	116.5	117.5	78.5	79.5	transparent
#C1C1C1	118	79	194	117.5	118.5	78.5	79.5	transparent
#C0C0C0	119	79	193	118.5	119.5	78.5	79.5	transparent
#B5B5B5	120	79	182	119.5	120.5	78.5	79.5	transparent
#ACACAC	121	79	173	120.5	121.5	78.5	79.5	transparent
#A9A9A9	122	79	170	121.5	122.5	78.5	79.5	transparent
#A2A2A2	123	79	163	122.5	123.5	78.5	79.5	transparent
#9A9A9A	124	79	155	123.5	124.5	78.5	79.5	transparent
#9C9C9C	125	79	157	124.5	125.5	78.5	79.5	transparent
#A0A0A0	126	79	161	125.5	126.5	78.5	79.5	transparent
#969696	127	79	151	126.5	127.5	78.5	79.5	transparent
#8D8D8D	128	79	142	127.5	128.5	78.5	79.5	transparent
#8A8A8A	129	79	139	128.5	129.5	78.5	79.5	transparent
#858585	130	79	134	129.5	130.5	78.5	79.5	transparent
#7F7F7F	131	79	128	130.5	131.5	78.5	79.5	transparent
#7A7A7A	132	79	123	131.5	132.5	78.5	79.5	transparent
#717171	133	79	114	132.5	133.5	78.5	79.5	transparent
#696969	134	79	106	133.5	134.5	78.5	79.5	transparent
#626262	135	79	99	134.5	135.5	78.5	79.5	transparent
#595959	136	79	90	135.5	136.5	78.5	79.5	transparent
#555555	137	79	86	136.5	137.5	78.5	79.5	transparent
#676767	138	79	104	137.5	138.5	78.5	79.5	transparent
#8B8B8B	139	79	140	138.5	139.5	78.5	79.5	transparent
#0A0A0A	0	78	11	-0.5	0.5	77.5	78.5	transparent
#0C0C0C	1	78	13	0.5	1.5	77.5	78.5	transparent
#101010	2	78	17	1.5	2.5	77.5	78.5	transparent
#151515	3	78	22	2.5	3.5	77.5	78.5	transparent
#1E1E1E	4	78	31	3.5	4.5	77.5	78.5	transparent
#292929	5	78	42	4.5	5.5	77.5	78.5	transparent
#333333	6	78	52	5.5	6.5	77.5	78.5	transparent
#3B3B3B	7	78	60	6.5	7.5	77.5	78.5	transparent
#424242	8	78	67	7.5	8.5	77.5	78.5	transparent
#4B4B4B	9	78	76	8.5	9.5	77.5	78.5	transparent
#515151	10	78	82	9.5	10.5	77.5	78.5	transparent
#585858	11	78	89	10.5	11.5	77.5	78.5	transparent
#5E5E5E	12	78	95	11.5	12.5	77.5	78.5	transparent
#636363	13	78	100	12.5	13.5	77.5	78.5	transparent
#6A6A6A	14	78	107	13.5	14.5	77.5	78.5	transparent
#707070	15	78	113	14.5	15.5	77.5	78.5	transparent
#767676	16	78	119	15.5	16.5	77.5	78.5	transparent
#7B7B7B	17	78	124	16.5	17.5	77.5	78.5	transparent
#7F7F7F	18	78	128	17.5	18.5	77.5	78.5	transparent
#858585	19	78	134	18.5	19.5	77.5	78.5	transparent
#8D8D8D	20	78	142	19.5	20.5	77.5	78.5	transparent
#9C9C9C	21	78	157	20.5	21.5	77.5	78.5	transparent
#A5A5A5	22	78	166	21.5	22.5	77.5	78.5	transparent
#AEAEAE	23	78	175	22.5	23.5	77.5	78.5	transparent
#A3A3A3	24	78	164	23.5	24.5	77.5	78.5	transparent
#7E7E7E	25	78	127	24.5	25.5	77.5	78.5	transparent
#717171	26	78	114	25.5	26.5	77.5	78.5	transparent
#6A6A6A	27	78	107	26.5	27.5	77.5	78.5	transparent
#636363	28	78	100	27.5	28.5	77.5	78.5	transparent
#484848	29	78	73	28.5	29.5	77.5	78.5	transparent
#353535	30	78	54	29.5	30.5	77.5	78.5	transparent
#323232	31	78	51	30.5	31.5	77.5	78.5	transparent
#2F2F2F	32	78	48	31.5	32.5	77.5	78.5	transparent
#2D2D2D	33	78	46	32.5	33.5	77.5	78.5	transparent
#2B2B2B	34	78	44	33.5	34.5	77.5	78.5	transparent
#282828	35	78	41	34.5	35.5	77.5	78.5	transparent
#282828	36	78	41	35.5	36.5	77.5	78.5	transparent
#292929	37	78	42	36.5	37.5	77.5	78.5	transparent
#292929	38	78	42	37.5	38.5	77.5	78.5	transparent
#2A2A2A	39	78	43	38.5	39.5	77.5	78.5	transparent
#2D2D2D	40	78	46	39.5	40.5	77.5	78.5	transparent
#2A2A2A	41	78	43	40.5	41.5	77.5	78.5	transparent
#292929	42	78	42	41.5	42.5	77.5	78.5	transparent
#282828	43	78	41	42.5	43.5	77.5	78.5	transparent
#292929	44	78	42	43.5	44.5	77.5	78.5	transparent
#2B2B2B	45	78	44	44.5	45.5	77.5	78.5	transparent
#303030	46	78	49	45.5	46.5	77.5	78.5	transparent
#313131	47	78	50	46.5	47.5	77.5	78.5	transparent
#2F2F2F	48	78	48	47.5	48.5	77.5	78.5	transparent
#2F2F2F	49	78	48	48.5	49.5	77.5	78.5	transparent
#2C2C2C	50	78	45	49.5	50.5	77.5	78.5	transparent
#292929	51	78	42	50.5	51.5	77.5	78.5	transparent
#2E2E2E	52	78	47	51.5	52.5	77.5	78.5	transparent
#3B3B3B	53	78	60	52.5	53.5	77.5	78.5	transparent
#4D4D4D	54	78	78	53.5	54.5	77.5	78.5	transparent
#525252	55	78	83	54.5	55.5	77.5	78.5	transparent
#525252	56	78	83	55.5	56.5	77.5	78.5	transparent
#535353	57	78	84	56.5	57.5	77.5	78.5	transparent
#505050	58	78	81	57.5	58.5	77.5	78.5	transparent
#484848	59	78	73	58.5	59.5	77.5	78.5	transparent
#464646	60	78	71	59.5	60.5	77.5	78.5	transparent
#4C4C4C	61	78	77	60.5	61.5	77.5	78.5	transparent
#585858	62	78	89	61.5	62.5	77.5	78.5	transparent
#6F6F6F	63	78	112	62.5	63.5	77.5	78.5	transparent
#888888	64	78	137	63.5	64.5	77.5	78.5	transparent
#9C9C9C	65	78	157	64.5	65.5	77.5	78.5	transparent
#9E9E9E	66	78	159	65.5	66.5	77.5	78.5	transparent
#9D9D9D	67	78	158	66.5	67.5	77.5	78.5	transparent
#9E9E9E	68	78	159	67.5	68.5	77.5	78.5	transparent
#A1A1A1	69	78	162	68.5	69.5	77.5	78.5	transparent
#A9A9A9	70	78	170	69.5	70.5	77.5	78.5	transparent
#B2B2B2	71	78	179	70.5	71.5	77.5	78.5	transparent
#B8B8B8	72	78	185	71.5	72.5	77.5	78.5	transparent
#B6B6B6	73	78	183	72.5	73.5	77.5	78.5	transparent
#B4B4B4	74	78	181	73.5	74.5	77.5	78.5	transparent
#AFAFAF	75	78	176	74.5	75.5	77.5	78.5	transparent
#A7A7A7	76	78	168	75.5	76.5	77.5	78.5	transparent
#9B9B9B	77	78	156	76.5	77.5	77.5	78.5	transparent
#8C8C8C	78	78	141	77.5	78.5	77.5	78.5	transparent
#7D7D7D	79	78	126	78.5	79.5	77.5	78.5	transparent
#7F7F7F	80	78	128	79.5	80.5	77.5	78.5	transparent
#838383	81	78	132	80.5	81.5	77.5	78.5	transparent
#808080	82	78	129	81.5	82.5	77.5	78.5	transparent
#737373	83	78	116	82.5	83.5	77.5	78.5	transparent
#656565	84	78	102	83.5	84.5	77.5	78.5	transparent
#585858	85	78	89	84.5	85.5	77.5	78.5	transparent
#525252	86	78	83	85.5	86.5	77.5	78.5	transparent
#535353	87	78	84	86.5	87.5	77.5	78.5	transparent
#565656	88	78	87	87.5	88.5	77.5	78.5	transparent
#4B4B4B	89	78	76	88.5	89.5	77.5	78.5	transparent
#454545	90	78	70	89.5	90.5	77.5	78.5	transparent
#484848	91	78	73	90.5	91.5	77.5	78.5	transparent
#484848	92	78	73	91.5	92.5	77.5	78.5	transparent
#444444	93	78	69	92.5	93.5	77.5	78.5	transparent
#393939	94	78	58	93.5	94.5	77.5	78.5	transparent
#3F3F3F	95	78	64	94.5	95.5	77.5	78.5	transparent
#3D3D3D	96	78	62	95.5	96.5	77.5	78.5	transparent
#3F3F3F	97	78	64	96.5	97.5	77.5	78.5	transparent
#3C3C3C	98	78	61	97.5	98.5	77.5	78.5	transparent
#3C3C3C	99	78	61	98.5	99.5	77.5	78.5	transparent
#3F3F3F	100	78	64	99.5	100.5	77.5	78.5	transparent
#3A3A3A	101	78	59	100.5	101.5	77.5	78.5	transparent
#3C3C3C	102	78	61	101.5	102.5	77.5	78.5	transparent
#3B3B3B	103	78	60	102.5	103.5	77.5	78.5	transparent
#3A3A3A	104	78	59	103.5	104.5	77.5	78.5	transparent
#393939	105	78	58	104.5	105.5	77.5	78.5	transparent
#393939	106	78	58	105.5	106.5	77.5	78.5	transparent
#3E3E3E	107	78	63	106.5	107.5	77.5	78.5	transparent
#404040	108	78	65	107.5	108.5	77.5	78.5	transparent
#474747	109	78	72	108.5	109.5	77.5	78.5	transparent
#545454	110	78	85	109.5	110.5	77.5	78.5	transparent
#646464	111	78	101	110.5	111.5	77.5	78.5	transparent
#6A6A6A	112	78	107	111.5	112.5	77.5	78.5	transparent
#6B6B6B	113	78	108	112.5	113.5	77.5	78.5	transparent
#767676	114	78	119	113.5	114.5	77.5	78.5	transparent
#868686	115	78	135	114.5	115.5	77.5	78.5	transparent
#8C8C8C	116	78	141	115.5	116.5	77.5	78.5	transparent
#9D9D9D	117	78	158	116.5	117.5	77.5	78.5	transparent
#C1C1C1	118	78	194	117.5	118.5	77.5	78.5	transparent
#BDBDBD	119	78	190	118.5	119.5	77.5	78.5	transparent
#B5B5B5	120	78	182	119.5	120.5	77.5	78.5	transparent
#ACACAC	121	78	173	120.5	121.5	77.5	78.5	transparent
#A8A8A8	122	78	169	121.5	122.5	77.5	78.5	transparent
#9E9E9E	123	78	159	122.5	123.5	77.5	78.5	transparent
#989898	124	78	153	123.5	124.5	77.5	78.5	transparent
#999999	125	78	154	124.5	125.5	77.5	78.5	transparent
#999999	126	78	154	125.5	126.5	77.5	78.5	transparent
#8D8D8D	127	78	142	126.5	127.5	77.5	78.5	transparent
#878787	128	78	136	127.5	128.5	77.5	78.5	transparent
#848484	129	78	133	128.5	129.5	77.5	78.5	transparent
#7F7F7F	130	78	128	129.5	130.5	77.5	78.5	transparent
#7A7A7A	131	78	123	130.5	131.5	77.5	78.5	transparent
#767676	132	78	119	131.5	132.5	77.5	78.5	transparent
#707070	133	78	113	132.5	133.5	77.5	78.5	transparent
#656565	134	78	102	133.5	134.5	77.5	78.5	transparent
#5D5D5D	135	78	94	134.5	135.5	77.5	78.5	transparent
#565656	136	78	87	135.5	136.5	77.5	78.5	transparent
#515151	137	78	82	136.5	137.5	77.5	78.5	transparent
#5E5E5E	138	78	95	137.5	138.5	77.5	78.5	transparent
#808080	139	78	129	138.5	139.5	77.5	78.5	transparent
#0B0B0B	0	77	12	-0.5	0.5	76.5	77.5	transparent
#0C0C0C	1	77	13	0.5	1.5	76.5	77.5	transparent
#0D0D0D	2	77	14	1.5	2.5	76.5	77.5	transparent
#111111	3	77	18	2.5	3.5	76.5	77.5	transparent
#161616	4	77	23	3.5	4.5	76.5	77.5	transparent
#212121	5	77	34	4.5	5.5	76.5	77.5	transparent
#2D2D2D	6	77	46	5.5	6.5	76.5	77.5	transparent
#363636	7	77	55	6.5	7.5	76.5	77.5	transparent
#3F3F3F	8	77	64	7.5	8.5	76.5	77.5	transparent
#474747	9	77	72	8.5	9.5	76.5	77.5	transparent
#4D4D4D	10	77	78	9.5	10.5	76.5	77.5	transparent
#535353	11	77	84	10.5	11.5	76.5	77.5	transparent
#595959	12	77	90	11.5	12.5	76.5	77.5	transparent
#5E5E5E	13	77	95	12.5	13.5	76.5	77.5	transparent
#636363	14	77	100	13.5	14.5	76.5	77.5	transparent
#686868	15	77	105	14.5	15.5	76.5	77.5	transparent
#6D6D6D	16	77	110	15.5	16.5	76.5	77.5	transparent
#757575	17	77	118	16.5	17.5	76.5	77.5	transparent
#7B7B7B	18	77	124	17.5	18.5	76.5	77.5	transparent
#828282	19	77	131	18.5	19.5	76.5	77.5	transparent
#8B8B8B	20	77	140	19.5	20.5	76.5	77.5	transparent
#9A9A9A	21	77	155	20.5	21.5	76.5	77.5	transparent
#A2A2A2	22	77	163	21.5	22.5	76.5	77.5	transparent
#ADADAD	23	77	174	22.5	23.5	76.5	77.5	transparent
#A5A5A5	24	77	166	23.5	24.5	76.5	77.5	transparent
#797979	25	77	122	24.5	25.5	76.5	77.5	transparent
#707070	26	77	113	25.5	26.5	76.5	77.5	transparent
#6F6F6F	27	77	112	26.5	27.5	76.5	77.5	transparent
#565656	28	77	87	27.5	28.5	76.5	77.5	transparent
#3D3D3D	29	77	62	28.5	29.5	76.5	77.5	transparent
#333333	30	77	52	29.5	30.5	76.5	77.5	transparent
#313131	31	77	50	30.5	31.5	76.5	77.5	transparent
#2C2C2C	32	77	45	31.5	32.5	76.5	77.5	transparent
#2C2C2C	33	77	45	32.5	33.5	76.5	77.5	transparent
#2B2B2B	34	77	44	33.5	34.5	76.5	77.5	transparent
#292929	35	77	42	34.5	35.5	76.5	77.5	transparent
#272727	36	77	40	35.5	36.5	76.5	77.5	transparent
#252525	37	77	38	36.5	37.5	76.5	77.5	transparent
#262626	38	77	39	37.5	38.5	76.5	77.5	transparent
#2A2A2A	39	77	43	38.5	39.5	76.5	77.5	transparent
#2A2A2A	40	77	43	39.5	40.5	76.5	77.5	transparent
#2D2D2D	41	77	46	40.5	41.5	76.5	77.5	transparent
#303030	42	77	49	41.5	42.5	76.5	77.5	transparent
#2F2F2F	43	77	48	42.5	43.5	76.5	77.5	transparent
#303030	44	77	49	43.5	44.5	76.5	77.5	transparent
#303030	45	77	49	44.5	45.5	76.5	77.5	transparent
#333333	46	77	52	45.5	46.5	76.5	77.5	transparent
#373737	47	77	56	46.5	47.5	76.5	77.5	transparent
#373737	48	77	56	47.5	48.5	76.5	77.5	transparent
#363636	49	77	55	48.5	49.5	76.5	77.5	transparent
#383838	50	77	57	49.5	50.5	76.5	77.5	transparent
#363636	51	77	55	50.5	51.5	76.5	77.5	transparent
#3E3E3E	52	77	63	51.5	52.5	76.5	77.5	transparent
#484848	53	77	73	52.5	53.5	76.5	77.5	transparent
#5A5A5A	54	77	91	53.5	54.5	76.5	77.5	transparent
#616161	55	77	98	54.5	55.5	76.5	77.5	transparent
#606060	56	77	97	55.5	56.5	76.5	77.5	transparent
#5B5B5B	57	77	92	56.5	57.5	76.5	77.5	transparent
#525252	58	77	83	57.5	58.5	76.5	77.5	transparent
#494949	59	77	74	58.5	59.5	76.5	77.5	transparent
#4B4B4B	60	77	76	59.5	60.5	76.5	77.5	transparent
#505050	61	77	81	60.5	61.5	76.5	77.5	transparent
#595959	62	77	90	61.5	62.5	76.5	77.5	transparent
#727272	63	77	115	62.5	63.5	76.5	77.5	transparent
#909090	64	77	145	63.5	64.5	76.5	77.5	transparent
#9E9E9E	65	77	159	64.5	65.5	76.5	77.5	transparent
#9F9F9F	66	77	160	65.5	66.5	76.5	77.5	transparent
#9F9F9F	67	77	160	66.5	67.5	76.5	77.5	transparent
#9F9F9F	68	77	160	67.5	68.5	76.5	77.5	transparent
#A0A0A0	69	77	161	68.5	69.5	76.5	77.5	transparent
#A8A8A8	70	77	169	69.5	70.5	76.5	77.5	transparent
#B2B2B2	71	77	179	70.5	71.5	76.5	77.5	transparent
#BABABA	72	77	187	71.5	72.5	76.5	77.5	transparent
#B8B8B8	73	77	185	72.5	73.5	76.5	77.5	transparent
#B6B6B6	74	77	183	73.5	74.5	76.5	77.5	transparent
#B3B3B3	75	77	180	74.5	75.5	76.5	77.5	transparent
#ACACAC	76	77	173	75.5	76.5	76.5	77.5	transparent
#A2A2A2	77	77	163	76.5	77.5	76.5	77.5	transparent
#929292	78	77	147	77.5	78.5	76.5	77.5	transparent
#868686	79	77	135	78.5	79.5	76.5	77.5	transparent
#858585	80	77	134	79.5	80.5	76.5	77.5	transparent
#898989	81	77	138	80.5	81.5	76.5	77.5	transparent
#8D8D8D	82	77	142	81.5	82.5	76.5	77.5	transparent
#868686	83	77	135	82.5	83.5	76.5	77.5	transparent
#777777	84	77	120	83.5	84.5	76.5	77.5	transparent
#6A6A6A	85	77	107	84.5	85.5	76.5	77.5	transparent
#595959	86	77	90	85.5	86.5	76.5	77.5	transparent
#515151	87	77	82	86.5	87.5	76.5	77.5	transparent
#5B5B5B	88	77	92	87.5	88.5	76.5	77.5	transparent
#505050	89	77	81	88.5	89.5	76.5	77.5	transparent
#4C4C4C	90	77	77	89.5	90.5	76.5	77.5	transparent
#4A4A4A	91	77	75	90.5	91.5	76.5	77.5	transparent
#484848	92	77	73	91.5	92.5	76.5	77.5	transparent
#3F3F3F	93	77	64	92.5	93.5	76.5	77.5	transparent
#383838	94	77	57	93.5	94.5	76.5	77.5	transparent
#3B3B3B	95	77	60	94.5	95.5	76.5	77.5	transparent
#353535	96	77	54	95.5	96.5	76.5	77.5	transparent
#353535	97	77	54	96.5	97.5	76.5	77.5	transparent
#3B3B3B	98	77	60	97.5	98.5	76.5	77.5	transparent
#393939	99	77	58	98.5	99.5	76.5	77.5	transparent
#343434	100	77	53	99.5	100.5	76.5	77.5	transparent
#343434	101	77	53	100.5	101.5	76.5	77.5	transparent
#343434	102	77	53	101.5	102.5	76.5	77.5	transparent
#323232	103	77	51	102.5	103.5	76.5	77.5	transparent
#343434	104	77	53	103.5	104.5	76.5	77.5	transparent
#333333	105	77	52	104.5	105.5	76.5	77.5	transparent
#3A3A3A	106	77	59	105.5	106.5	76.5	77.5	transparent
#414141	107	77	66	106.5	107.5	76.5	77.5	transparent
#424242	108	77	67	107.5	108.5	76.5	77.5	transparent
#434343	109	77	68	108.5	109.5	76.5	77.5	transparent
#484848	110	77	73	109.5	110.5	76.5	77.5	transparent
#505050	111	77	81	110.5	111.5	76.5	77.5	transparent
#626262	112	77	99	111.5	112.5	76.5	77.5	transparent
#717171	113	77	114	112.5	113.5	76.5	77.5	transparent
#7A7A7A	114	77	123	113.5	114.5	76.5	77.5	transparent
#848484	115	77	133	114.5	115.5	76.5	77.5	transparent
#909090	116	77	145	115.5	116.5	76.5	77.5	transparent
#9D9D9D	117	77	158	116.5	117.5	76.5	77.5	transparent
#BEBEBE	118	77	191	117.5	118.5	76.5	77.5	transparent
#BCBCBC	119	77	189	118.5	119.5	76.5	77.5	transparent
#B5B5B5	120	77	182	119.5	120.5	76.5	77.5	transparent
#ACACAC	121	77	173	120.5	121.5	76.5	77.5	transparent
#A3A3A3	122	77	164	121.5	122.5	76.5	77.5	transparent
#9B9B9B	123	77	156	122.5	123.5	76.5	77.5	transparent
#969696	124	77	151	123.5	124.5	76.5	77.5	transparent
#949494	125	77	149	124.5	125.5	76.5	77.5	transparent
#8F8F8F	126	77	144	125.5	126.5	76.5	77.5	transparent
#848484	127	77	133	126.5	127.5	76.5	77.5	transparent
#7F7F7F	128	77	128	127.5	128.5	76.5	77.5	transparent
#7D7D7D	129	77	126	128.5	129.5	76.5	77.5	transparent
#797979	130	77	122	129.5	130.5	76.5	77.5	transparent
#767676	131	77	119	130.5	131.5	76.5	77.5	transparent
#727272	132	77	115	131.5	132.5	76.5	77.5	transparent
#6C6C6C	133	77	109	132.5	133.5	76.5	77.5	transparent
#616161	134	77	98	133.5	134.5	76.5	77.5	transparent
#585858	135	77	89	134.5	135.5	76.5	77.5	transparent
#505050	136	77	81	135.5	136.5	76.5	77.5	transparent
#4B4B4B	137	77	76	136.5	137.5	76.5	77.5	transparent
#575757	138	77	88	137.5	138.5	76.5	77.5	transparent
#7A7A7A	139	77	123	138.5	139.5	76.5	77.5	transparent
#0C0C0C	0	76	13	-0.5	0.5	75.5	76.5	transparent
#0C0C0C	1	76	13	0.5	1.5	75.5	76.5	transparent
#0D0D0D	2	76	14	1.5	2.5	75.5	76.5	transparent
#0F0F0F	3	76	16	2.5	3.5	75.5	76.5	transparent
#141414	4	76	21	3.5	4.5	75.5	76.5	transparent
#1C1C1C	5	76	29	4.5	5.5	75.5	76.5	transparent
#292929	6	76	42	5.5	6.5	75.5	76.5	transparent
#313131	7	76	50	6.5	7.5	75.5	76.5	transparent
#3B3B3B	8	76	60	7.5	8.5	75.5	76.5	transparent
#444444	9	76	69	8.5	9.5	75.5	76.5	transparent
#4A4A4A	10	76	75	9.5	10.5	75.5	76.5	transparent
#505050	11	76	81	10.5	11.5	75.5	76.5	transparent
#565656	12	76	87	11.5	12.5	75.5	76.5	transparent
#5A5A5A	13	76	91	12.5	13.5	75.5	76.5	transparent
#5F5F5F	14	76	96	13.5	14.5	75.5	76.5	transparent
#626262	15	76	99	14.5	15.5	75.5	76.5	transparent
#656565	16	76	102	15.5	16.5	75.5	76.5	transparent
#6F6F6F	17	76	112	16.5	17.5	75.5	76.5	transparent
#787878	18	76	121	17.5	18.5	75.5	76.5	transparent
#808080	19	76	129	18.5	19.5	75.5	76.5	transparent
#888888	20	76	137	19.5	20.5	75.5	76.5	transparent
#989898	21	76	153	20.5	21.5	75.5	76.5	transparent
#A0A0A0	22	76	161	21.5	22.5	75.5	76.5	transparent
#AFAFAF	23	76	176	22.5	23.5	75.5	76.5	transparent
#A2A2A2	24	76	163	23.5	24.5	75.5	76.5	transparent
#767676	25	76	119	24.5	25.5	75.5	76.5	transparent
#737373	26	76	116	25.5	26.5	75.5	76.5	transparent
#616161	27	76	98	26.5	27.5	75.5	76.5	transparent
#484848	28	76	73	27.5	28.5	75.5	76.5	transparent
#3F3F3F	29	76	64	28.5	29.5	75.5	76.5	transparent
#363636	30	76	55	29.5	30.5	75.5	76.5	transparent
#2E2E2E	31	76	47	30.5	31.5	75.5	76.5	transparent
#2B2B2B	32	76	44	31.5	32.5	75.5	76.5	transparent
#2A2A2A	33	76	43	32.5	33.5	75.5	76.5	transparent
#292929	34	76	42	33.5	34.5	75.5	76.5	transparent
#282828	35	76	41	34.5	35.5	75.5	76.5	transparent
#2A2A2A	36	76	43	35.5	36.5	75.5	76.5	transparent
#2B2B2B	37	76	44	36.5	37.5	75.5	76.5	transparent
#2E2E2E	38	76	47	37.5	38.5	75.5	76.5	transparent
#313131	39	76	50	38.5	39.5	75.5	76.5	transparent
#343434	40	76	53	39.5	40.5	75.5	76.5	transparent
#343434	41	76	53	40.5	41.5	75.5	76.5	transparent
#363636	42	76	55	41.5	42.5	75.5	76.5	transparent
#383838	43	76	57	42.5	43.5	75.5	76.5	transparent
#373737	44	76	56	43.5	44.5	75.5	76.5	transparent
#363636	45	76	55	44.5	45.5	75.5	76.5	transparent
#373737	46	76	56	45.5	46.5	75.5	76.5	transparent
#353535	47	76	54	46.5	47.5	75.5	76.5	transparent
#343434	48	76	53	47.5	48.5	75.5	76.5	transparent
#333333	49	76	52	48.5	49.5	75.5	76.5	transparent
#373737	50	76	56	49.5	50.5	75.5	76.5	transparent
#424242	51	76	67	50.5	51.5	75.5	76.5	transparent
#4D4D4D	52	76	78	51.5	52.5	75.5	76.5	transparent
#515151	53	76	82	52.5	53.5	75.5	76.5	transparent
#5E5E5E	54	76	95	53.5	54.5	75.5	76.5	transparent
#616161	55	76	98	54.5	55.5	75.5	76.5	transparent
#5F5F5F	56	76	96	55.5	56.5	75.5	76.5	transparent
#5E5E5E	57	76	95	56.5	57.5	75.5	76.5	transparent
#535353	58	76	84	57.5	58.5	75.5	76.5	transparent
#4C4C4C	59	76	77	58.5	59.5	75.5	76.5	transparent
#515151	60	76	82	59.5	60.5	75.5	76.5	transparent
#565656	61	76	87	60.5	61.5	75.5	76.5	transparent
#5D5D5D	62	76	94	61.5	62.5	75.5	76.5	transparent
#787878	63	76	121	62.5	63.5	75.5	76.5	transparent
#909090	64	76	145	63.5	64.5	75.5	76.5	transparent
#A0A0A0	65	76	161	64.5	65.5	75.5	76.5	transparent
#A2A2A2	66	76	163	65.5	66.5	75.5	76.5	transparent
#A2A2A2	67	76	163	66.5	67.5	75.5	76.5	transparent
#A1A1A1	68	76	162	67.5	68.5	75.5	76.5	transparent
#A3A3A3	69	76	164	68.5	69.5	75.5	76.5	transparent
#AAAAAA	70	76	171	69.5	70.5	75.5	76.5	transparent
#B4B4B4	71	76	181	70.5	71.5	75.5	76.5	transparent
#BCBCBC	72	76	189	71.5	72.5	75.5	76.5	transparent
#BBBBBB	73	76	188	72.5	73.5	75.5	76.5	transparent
#BABABA	74	76	187	73.5	74.5	75.5	76.5	transparent
#B7B7B7	75	76	184	74.5	75.5	75.5	76.5	transparent
#B0B0B0	76	76	177	75.5	76.5	75.5	76.5	transparent
#A7A7A7	77	76	168	76.5	77.5	75.5	76.5	transparent
#9B9B9B	78	76	156	77.5	78.5	75.5	76.5	transparent
#8F8F8F	79	76	144	78.5	79.5	75.5	76.5	transparent
#909090	80	76	145	79.5	80.5	75.5	76.5	transparent
#919191	81	76	146	80.5	81.5	75.5	76.5	transparent
#949494	82	76	149	81.5	82.5	75.5	76.5	transparent
#909090	83	76	145	82.5	83.5	75.5	76.5	transparent
#838383	84	76	132	83.5	84.5	75.5	76.5	transparent
#747474	85	76	117	84.5	85.5	75.5	76.5	transparent
#5C5C5C	86	76	93	85.5	86.5	75.5	76.5	transparent
#4A4A4A	87	76	75	86.5	87.5	75.5	76.5	transparent
#535353	88	76	84	87.5	88.5	75.5	76.5	transparent
#4E4E4E	89	76	79	88.5	89.5	75.5	76.5	transparent
#4D4D4D	90	76	78	89.5	90.5	75.5	76.5	transparent
#4F4F4F	91	76	80	90.5	91.5	75.5	76.5	transparent
#525252	92	76	83	91.5	92.5	75.5	76.5	transparent
#4B4B4B	93	76	76	92.5	93.5	75.5	76.5	transparent
#414141	94	76	66	93.5	94.5	75.5	76.5	transparent
#3B3B3B	95	76	60	94.5	95.5	75.5	76.5	transparent
#373737	96	76	56	95.5	96.5	75.5	76.5	transparent
#373737	97	76	56	96.5	97.5	75.5	76.5	transparent
#3A3A3A	98	76	59	97.5	98.5	75.5	76.5	transparent
#3D3D3D	99	76	62	98.5	99.5	75.5	76.5	transparent
#373737	100	76	56	99.5	100.5	75.5	76.5	transparent
#323232	101	76	51	100.5	101.5	75.5	76.5	transparent
#333333	102	76	52	101.5	102.5	75.5	76.5	transparent
#2F2F2F	103	76	48	102.5	103.5	75.5	76.5	transparent
#2F2F2F	104	76	48	103.5	104.5	75.5	76.5	transparent
#323232	105	76	51	104.5	105.5	75.5	76.5	transparent
#393939	106	76	58	105.5	106.5	75.5	76.5	transparent
#404040	107	76	65	106.5	107.5	75.5	76.5	transparent
#424242	108	76	67	107.5	108.5	75.5	76.5	transparent
#434343	109	76	68	108.5	109.5	75.5	76.5	transparent
#484848	110	76	73	109.5	110.5	75.5	76.5	transparent
#4C4C4C	111	76	77	110.5	111.5	75.5	76.5	transparent
#535353	112	76	84	111.5	112.5	75.5	76.5	transparent
#6B6B6B	113	76	108	112.5	113.5	75.5	76.5	transparent
#7D7D7D	114	76	126	113.5	114.5	75.5	76.5	transparent
#818181	115	76	130	114.5	115.5	75.5	76.5	transparent
#8D8D8D	116	76	142	115.5	116.5	75.5	76.5	transparent
#A2A2A2	117	76	163	116.5	117.5	75.5	76.5	transparent
#BEBEBE	118	76	191	117.5	118.5	75.5	76.5	transparent
#BABABA	119	76	187	118.5	119.5	75.5	76.5	transparent
#B5B5B5	120	76	182	119.5	120.5	75.5	76.5	transparent
#A8A8A8	121	76	169	120.5	121.5	75.5	76.5	transparent
#A0A0A0	122	76	161	121.5	122.5	75.5	76.5	transparent
#999999	123	76	154	122.5	123.5	75.5	76.5	transparent
#939393	124	76	148	123.5	124.5	75.5	76.5	transparent
#8C8C8C	125	76	141	124.5	125.5	75.5	76.5	transparent
#838383	126	76	132	125.5	126.5	75.5	76.5	transparent
#7D7D7D	127	76	126	126.5	127.5	75.5	76.5	transparent
#797979	128	76	122	127.5	128.5	75.5	76.5	transparent
#797979	129	76	122	128.5	129.5	75.5	76.5	transparent
#767676	130	76	119	129.5	130.5	75.5	76.5	transparent
#737373	131	76	116	130.5	131.5	75.5	76.5	transparent
#6F6F6F	132	76	112	131.5	132.5	75.5	76.5	transparent
#676767	133	76	104	132.5	133.5	75.5	76.5	transparent
#5D5D5D	134	76	94	133.5	134.5	75.5	76.5	transparent
#545454	135	76	85	134.5	135.5	75.5	76.5	transparent
#4B4B4B	136	76	76	135.5	136.5	75.5	76.5	transparent
#434343	137	76	68	136.5	137.5	75.5	76.5	transparent
#505050	138	76	81	137.5	138.5	75.5	76.5	transparent
#757575	139	76	118	138.5	139.5	75.5	76.5	transparent
#0F0F0F	0	75	16	-0.5	0.5	74.5	75.5	transparent
#0E0E0E	1	75	15	0.5	1.5	74.5	75.5	transparent
#0E0E0E	2	75	15	1.5	2.5	74.5	75.5	transparent
#0F0F0F	3	75	16	2.5	3.5	74.5	75.5	transparent
#131313	4	75	20	3.5	4.5	74.5	75.5	transparent
#181818	5	75	25	4.5	5.5	74.5	75.5	transparent
#222222	6	75	35	5.5	6.5	74.5	75.5	transparent
#2C2C2C	7	75	45	6.5	7.5	74.5	75.5	transparent
#363636	8	75	55	7.5	8.5	74.5	75.5	transparent
#404040	9	75	65	8.5	9.5	74.5	75.5	transparent
#474747	10	75	72	9.5	10.5	74.5	75.5	transparent
#4D4D4D	11	75	78	10.5	11.5	74.5	75.5	transparent
#535353	12	75	84	11.5	12.5	74.5	75.5	transparent
#575757	13	75	88	12.5	13.5	74.5	75.5	transparent
#5B5B5B	14	75	92	13.5	14.5	74.5	75.5	transparent
#5E5E5E	15	75	95	14.5	15.5	74.5	75.5	transparent
#606060	16	75	97	15.5	16.5	74.5	75.5	transparent
#686868	17	75	105	16.5	17.5	74.5	75.5	transparent
#737373	18	75	116	17.5	18.5	74.5	75.5	transparent
#7D7D7D	19	75	126	18.5	19.5	74.5	75.5	transparent
#868686	20	75	135	19.5	20.5	74.5	75.5	transparent
#969696	21	75	151	20.5	21.5	74.5	75.5	transparent
#A0A0A0	22	75	161	21.5	22.5	74.5	75.5	transparent
#B3B3B3	23	75	180	22.5	23.5	74.5	75.5	transparent
#9E9E9E	24	75	159	23.5	24.5	74.5	75.5	transparent
#797979	25	75	122	24.5	25.5	74.5	75.5	transparent
#6F6F6F	26	75	112	25.5	26.5	74.5	75.5	transparent
#505050	27	75	81	26.5	27.5	74.5	75.5	transparent
#424242	28	75	67	27.5	28.5	74.5	75.5	transparent
#3E3E3E	29	75	63	28.5	29.5	74.5	75.5	transparent
#373737	30	75	56	29.5	30.5	74.5	75.5	transparent
#2D2D2D	31	75	46	30.5	31.5	74.5	75.5	transparent
#2A2A2A	32	75	43	31.5	32.5	74.5	75.5	transparent
#2A2A2A	33	75	43	32.5	33.5	74.5	75.5	transparent
#2E2E2E	34	75	47	33.5	34.5	74.5	75.5	transparent
#333333	35	75	52	34.5	35.5	74.5	75.5	transparent
#353535	36	75	54	35.5	36.5	74.5	75.5	transparent
#333333	37	75	52	36.5	37.5	74.5	75.5	transparent
#303030	38	75	49	37.5	38.5	74.5	75.5	transparent
#2E2E2E	39	75	47	38.5	39.5	74.5	75.5	transparent
#2E2E2E	40	75	47	39.5	40.5	74.5	75.5	transparent
#2D2D2D	41	75	46	40.5	41.5	74.5	75.5	transparent
#303030	42	75	49	41.5	42.5	74.5	75.5	transparent
#313131	43	75	50	42.5	43.5	74.5	75.5	transparent
#2F2F2F	44	75	48	43.5	44.5	74.5	75.5	transparent
#313131	45	75	50	44.5	45.5	74.5	75.5	transparent
#373737	46	75	56	45.5	46.5	74.5	75.5	transparent
#3A3A3A	47	75	59	46.5	47.5	74.5	75.5	transparent
#353535	48	75	54	47.5	48.5	74.5	75.5	transparent
#333333	49	75	52	48.5	49.5	74.5	75.5	transparent
#393939	50	75	58	49.5	50.5	74.5	75.5	transparent
#4F4F4F	51	75	80	50.5	51.5	74.5	75.5	transparent
#5D5D5D	52	75	94	51.5	52.5	74.5	75.5	transparent
#5F5F5F	53	75	96	52.5	53.5	74.5	75.5	transparent
#646464	54	75	101	53.5	54.5	74.5	75.5	transparent
#616161	55	75	98	54.5	55.5	74.5	75.5	transparent
#646464	56	75	101	55.5	56.5	74.5	75.5	transparent
#606060	57	75	97	56.5	57.5	74.5	75.5	transparent
#4E4E4E	58	75	79	57.5	58.5	74.5	75.5	transparent
#4E4E4E	59	75	79	58.5	59.5	74.5	75.5	transparent
#595959	60	75	90	59.5	60.5	74.5	75.5	transparent
#5A5A5A	61	75	91	60.5	61.5	74.5	75.5	transparent
#5F5F5F	62	75	96	61.5	62.5	74.5	75.5	transparent
#7C7C7C	63	75	125	62.5	63.5	74.5	75.5	transparent
#8E8E8E	64	75	143	63.5	64.5	74.5	75.5	transparent
#A0A0A0	65	75	161	64.5	65.5	74.5	75.5	transparent
#A7A7A7	66	75	168	65.5	66.5	74.5	75.5	transparent
#A6A6A6	67	75	167	66.5	67.5	74.5	75.5	transparent
#A5A5A5	68	75	166	67.5	68.5	74.5	75.5	transparent
#A7A7A7	69	75	168	68.5	69.5	74.5	75.5	transparent
#ADADAD	70	75	174	69.5	70.5	74.5	75.5	transparent
#B8B8B8	71	75	185	70.5	71.5	74.5	75.5	transparent
#BFBFBF	72	75	192	71.5	72.5	74.5	75.5	transparent
#BEBEBE	73	75	191	72.5	73.5	74.5	75.5	transparent
#BFBFBF	74	75	192	73.5	74.5	74.5	75.5	transparent
#BBBBBB	75	75	188	74.5	75.5	74.5	75.5	transparent
#B2B2B2	76	75	179	75.5	76.5	74.5	75.5	transparent
#ABABAB	77	75	172	76.5	77.5	74.5	75.5	transparent
#9F9F9F	78	75	160	77.5	78.5	74.5	75.5	transparent
#919191	79	75	146	78.5	79.5	74.5	75.5	transparent
#949494	80	75	149	79.5	80.5	74.5	75.5	transparent
#959595	81	75	150	80.5	81.5	74.5	75.5	transparent
#949494	82	75	149	81.5	82.5	74.5	75.5	transparent
#8D8D8D	83	75	142	82.5	83.5	74.5	75.5	transparent
#838383	84	75	132	83.5	84.5	74.5	75.5	transparent
#7A7A7A	85	75	123	84.5	85.5	74.5	75.5	transparent
#6B6B6B	86	75	108	85.5	86.5	74.5	75.5	transparent
#545454	87	75	85	86.5	87.5	74.5	75.5	transparent
#505050	88	75	81	87.5	88.5	74.5	75.5	transparent
#4F4F4F	89	75	80	88.5	89.5	74.5	75.5	transparent
#4D4D4D	90	75	78	89.5	90.5	74.5	75.5	transparent
#515151	91	75	82	90.5	91.5	74.5	75.5	transparent
#5A5A5A	92	75	91	91.5	92.5	74.5	75.5	transparent
#5C5C5C	93	75	93	92.5	93.5	74.5	75.5	transparent
#4B4B4B	94	75	76	93.5	94.5	74.5	75.5	transparent
#3E3E3E	95	75	63	94.5	95.5	74.5	75.5	transparent
#3D3D3D	96	75	62	95.5	96.5	74.5	75.5	transparent
#3A3A3A	97	75	59	96.5	97.5	74.5	75.5	transparent
#393939	98	75	58	97.5	98.5	74.5	75.5	transparent
#3D3D3D	99	75	62	98.5	99.5	74.5	75.5	transparent
#414141	100	75	66	99.5	100.5	74.5	75.5	transparent
#3A3A3A	101	75	59	100.5	101.5	74.5	75.5	transparent
#373737	102	75	56	101.5	102.5	74.5	75.5	transparent
#353535	103	75	54	102.5	103.5	74.5	75.5	transparent
#353535	104	75	54	103.5	104.5	74.5	75.5	transparent
#373737	105	75	56	104.5	105.5	74.5	75.5	transparent
#393939	106	75	58	105.5	106.5	74.5	75.5	transparent
#3B3B3B	107	75	60	106.5	107.5	74.5	75.5	transparent
#414141	108	75	66	107.5	108.5	74.5	75.5	transparent
#454545	109	75	70	108.5	109.5	74.5	75.5	transparent
#454545	110	75	70	109.5	110.5	74.5	75.5	transparent
#484848	111	75	73	110.5	111.5	74.5	75.5	transparent
#525252	112	75	83	111.5	112.5	74.5	75.5	transparent
#5F5F5F	113	75	96	112.5	113.5	74.5	75.5	transparent
#767676	114	75	119	113.5	114.5	74.5	75.5	transparent
#838383	115	75	132	114.5	115.5	74.5	75.5	transparent
#898989	116	75	138	115.5	116.5	74.5	75.5	transparent
#A4A4A4	117	75	165	116.5	117.5	74.5	75.5	transparent
#C0C0C0	118	75	193	117.5	118.5	74.5	75.5	transparent
#BABABA	119	75	187	118.5	119.5	74.5	75.5	transparent
#B4B4B4	120	75	181	119.5	120.5	74.5	75.5	transparent
#A7A7A7	121	75	168	120.5	121.5	74.5	75.5	transparent
#9F9F9F	122	75	160	121.5	122.5	74.5	75.5	transparent
#979797	123	75	152	122.5	123.5	74.5	75.5	transparent
#8E8E8E	124	75	143	123.5	124.5	74.5	75.5	transparent
#838383	125	75	132	124.5	125.5	74.5	75.5	transparent
#7C7C7C	126	75	125	125.5	126.5	74.5	75.5	transparent
#787878	127	75	121	126.5	127.5	74.5	75.5	transparent
#747474	128	75	117	127.5	128.5	74.5	75.5	transparent
#747474	129	75	117	128.5	129.5	74.5	75.5	transparent
#737373	130	75	116	129.5	130.5	74.5	75.5	transparent
#707070	131	75	113	130.5	131.5	74.5	75.5	transparent
#6C6C6C	132	75	109	131.5	132.5	74.5	75.5	transparent
#636363	133	75	100	132.5	133.5	74.5	75.5	transparent
#595959	134	75	90	133.5	134.5	74.5	75.5	transparent
#4F4F4F	135	75	80	134.5	135.5	74.5	75.5	transparent
#444444	136	75	69	135.5	136.5	74.5	75.5	transparent
#3B3B3B	137	75	60	136.5	137.5	74.5	75.5	transparent
#4A4A4A	138	75	75	137.5	138.5	74.5	75.5	transparent
#6F6F6F	139	75	112	138.5	139.5	74.5	75.5	transparent
#111111	0	74	18	-0.5	0.5	73.5	74.5	transparent
#101010	1	74	17	0.5	1.5	73.5	74.5	transparent
#0F0F0F	2	74	16	1.5	2.5	73.5	74.5	transparent
#0F0F0F	3	74	16	2.5	3.5	73.5	74.5	transparent
#111111	4	74	18	3.5	4.5	73.5	74.5	transparent
#151515	5	74	22	4.5	5.5	73.5	74.5	transparent
#1C1C1C	6	74	29	5.5	6.5	73.5	74.5	transparent
#272727	7	74	40	6.5	7.5	73.5	74.5	transparent
#313131	8	74	50	7.5	8.5	73.5	74.5	transparent
#3A3A3A	9	74	59	8.5	9.5	73.5	74.5	transparent
#434343	10	74	68	9.5	10.5	73.5	74.5	transparent
#494949	11	74	74	10.5	11.5	73.5	74.5	transparent
#505050	12	74	81	11.5	12.5	73.5	74.5	transparent
#545454	13	74	85	12.5	13.5	73.5	74.5	transparent
#585858	14	74	89	13.5	14.5	73.5	74.5	transparent
#5B5B5B	15	74	92	14.5	15.5	73.5	74.5	transparent
#5C5C5C	16	74	93	15.5	16.5	73.5	74.5	transparent
#626262	17	74	99	16.5	17.5	73.5	74.5	transparent
#6C6C6C	18	74	109	17.5	18.5	73.5	74.5	transparent
#7A7A7A	19	74	123	18.5	19.5	73.5	74.5	transparent
#848484	20	74	133	19.5	20.5	73.5	74.5	transparent
#939393	21	74	148	20.5	21.5	73.5	74.5	transparent
#9F9F9F	22	74	160	21.5	22.5	73.5	74.5	transparent
#B2B2B2	23	74	179	22.5	23.5	73.5	74.5	transparent
#9D9D9D	24	74	158	23.5	24.5	73.5	74.5	transparent
#7E7E7E	25	74	127	24.5	25.5	73.5	74.5	transparent
#646464	26	74	101	25.5	26.5	73.5	74.5	transparent
#464646	27	74	71	26.5	27.5	73.5	74.5	transparent
#3F3F3F	28	74	64	27.5	28.5	73.5	74.5	transparent
#383838	29	74	57	28.5	29.5	73.5	74.5	transparent
#383838	30	74	57	29.5	30.5	73.5	74.5	transparent
#373737	31	74	56	30.5	31.5	73.5	74.5	transparent
#373737	32	74	56	31.5	32.5	73.5	74.5	transparent
#373737	33	74	56	32.5	33.5	73.5	74.5	transparent
#373737	34	74	56	33.5	34.5	73.5	74.5	transparent
#343434	35	74	53	34.5	35.5	73.5	74.5	transparent
#323232	36	74	51	35.5	36.5	73.5	74.5	transparent
#313131	37	74	50	36.5	37.5	73.5	74.5	transparent
#303030	38	74	49	37.5	38.5	73.5	74.5	transparent
#2F2F2F	39	74	48	38.5	39.5	73.5	74.5	transparent
#2C2C2C	40	74	45	39.5	40.5	73.5	74.5	transparent
#2A2A2A	41	74	43	40.5	41.5	73.5	74.5	transparent
#2D2D2D	42	74	46	41.5	42.5	73.5	74.5	transparent
#2E2E2E	43	74	47	42.5	43.5	73.5	74.5	transparent
#2F2F2F	44	74	48	43.5	44.5	73.5	74.5	transparent
#313131	45	74	50	44.5	45.5	73.5	74.5	transparent
#363636	46	74	55	45.5	46.5	73.5	74.5	transparent
#3C3C3C	47	74	61	46.5	47.5	73.5	74.5	transparent
#3E3E3E	48	74	63	47.5	48.5	73.5	74.5	transparent
#3E3E3E	49	74	63	48.5	49.5	73.5	74.5	transparent
#4A4A4A	50	74	75	49.5	50.5	73.5	74.5	transparent
#575757	51	74	88	50.5	51.5	73.5	74.5	transparent
#646464	52	74	101	51.5	52.5	73.5	74.5	transparent
#676767	53	74	104	52.5	53.5	73.5	74.5	transparent
#616161	54	74	98	53.5	54.5	73.5	74.5	transparent
#5F5F5F	55	74	96	54.5	55.5	73.5	74.5	transparent
#686868	56	74	105	55.5	56.5	73.5	74.5	transparent
#646464	57	74	101	56.5	57.5	73.5	74.5	transparent
#606060	58	74	97	57.5	58.5	73.5	74.5	transparent
#5C5C5C	59	74	93	58.5	59.5	73.5	74.5	transparent
#5C5C5C	60	74	93	59.5	60.5	73.5	74.5	transparent
#5A5A5A	61	74	91	60.5	61.5	73.5	74.5	transparent
#676767	62	74	104	61.5	62.5	73.5	74.5	transparent
#7F7F7F	63	74	128	62.5	63.5	73.5	74.5	transparent
#8C8C8C	64	74	141	63.5	64.5	73.5	74.5	transparent
#999999	65	74	154	64.5	65.5	73.5	74.5	transparent
#A3A3A3	66	74	164	65.5	66.5	73.5	74.5	transparent
#A5A5A5	67	74	166	66.5	67.5	73.5	74.5	transparent
#A4A4A4	68	74	165	67.5	68.5	73.5	74.5	transparent
#A6A6A6	69	74	167	68.5	69.5	73.5	74.5	transparent
#AEAEAE	70	74	175	69.5	70.5	73.5	74.5	transparent
#B8B8B8	71	74	185	70.5	71.5	73.5	74.5	transparent
#BEBEBE	72	74	191	71.5	72.5	73.5	74.5	transparent
#BEBEBE	73	74	191	72.5	73.5	73.5	74.5	transparent
#C0C0C0	74	74	193	73.5	74.5	73.5	74.5	transparent
#BBBBBB	75	74	188	74.5	75.5	73.5	74.5	transparent
#B5B5B5	76	74	182	75.5	76.5	73.5	74.5	transparent
#ADADAD	77	74	174	76.5	77.5	73.5	74.5	transparent
#9E9E9E	78	74	159	77.5	78.5	73.5	74.5	transparent
#949494	79	74	149	78.5	79.5	73.5	74.5	transparent
#969696	80	74	151	79.5	80.5	73.5	74.5	transparent
#989898	81	74	153	80.5	81.5	73.5	74.5	transparent
#949494	82	74	149	81.5	82.5	73.5	74.5	transparent
#8A8A8A	83	74	139	82.5	83.5	73.5	74.5	transparent
#818181	84	74	130	83.5	84.5	73.5	74.5	transparent
#7A7A7A	85	74	123	84.5	85.5	73.5	74.5	transparent
#6E6E6E	86	74	111	85.5	86.5	73.5	74.5	transparent
#5D5D5D	87	74	94	86.5	87.5	73.5	74.5	transparent
#4A4A4A	88	74	75	87.5	88.5	73.5	74.5	transparent
#474747	89	74	72	88.5	89.5	73.5	74.5	transparent
#474747	90	74	72	89.5	90.5	73.5	74.5	transparent
#4C4C4C	91	74	77	90.5	91.5	73.5	74.5	transparent
#585858	92	74	89	91.5	92.5	73.5	74.5	transparent
#5C5C5C	93	74	93	92.5	93.5	73.5	74.5	transparent
#515151	94	74	82	93.5	94.5	73.5	74.5	transparent
#454545	95	74	70	94.5	95.5	73.5	74.5	transparent
#434343	96	74	68	95.5	96.5	73.5	74.5	transparent
#3E3E3E	97	74	63	96.5	97.5	73.5	74.5	transparent
#3B3B3B	98	74	60	97.5	98.5	73.5	74.5	transparent
#3C3C3C	99	74	61	98.5	99.5	73.5	74.5	transparent
#444444	100	74	69	99.5	100.5	73.5	74.5	transparent
#3D3D3D	101	74	62	100.5	101.5	73.5	74.5	transparent
#373737	102	74	56	101.5	102.5	73.5	74.5	transparent
#3D3D3D	103	74	62	102.5	103.5	73.5	74.5	transparent
#424242	104	74	67	103.5	104.5	73.5	74.5	transparent
#414141	105	74	66	104.5	105.5	73.5	74.5	transparent
#414141	106	74	66	105.5	106.5	73.5	74.5	transparent
#404040	107	74	65	106.5	107.5	73.5	74.5	transparent
#414141	108	74	66	107.5	108.5	73.5	74.5	transparent
#424242	109	74	67	108.5	109.5	73.5	74.5	transparent
#464646	110	74	71	109.5	110.5	73.5	74.5	transparent
#484848	111	74	73	110.5	111.5	73.5	74.5	transparent
#505050	112	74	81	111.5	112.5	73.5	74.5	transparent
#585858	113	74	89	112.5	113.5	73.5	74.5	transparent
#666666	114	74	103	113.5	114.5	73.5	74.5	transparent
#808080	115	74	129	114.5	115.5	73.5	74.5	transparent
#8A8A8A	116	74	139	115.5	116.5	73.5	74.5	transparent
#A2A2A2	117	74	163	116.5	117.5	73.5	74.5	transparent
#C1C1C1	118	74	194	117.5	118.5	73.5	74.5	transparent
#BABABA	119	74	187	118.5	119.5	73.5	74.5	transparent
#B2B2B2	120	74	179	119.5	120.5	73.5	74.5	transparent
#A5A5A5	121	74	166	120.5	121.5	73.5	74.5	transparent
#9C9C9C	122	74	157	121.5	122.5	73.5	74.5	transparent
#939393	123	74	148	122.5	123.5	73.5	74.5	transparent
#898989	124	74	138	123.5	124.5	73.5	74.5	transparent
#7C7C7C	125	74	125	124.5	125.5	73.5	74.5	transparent
#777777	126	74	120	125.5	126.5	73.5	74.5	transparent
#747474	127	74	117	126.5	127.5	73.5	74.5	transparent
#707070	128	74	113	127.5	128.5	73.5	74.5	transparent
#707070	129	74	113	128.5	129.5	73.5	74.5	transparent
#707070	130	74	113	129.5	130.5	73.5	74.5	transparent
#6C6C6C	131	74	109	130.5	131.5	73.5	74.5	transparent
#676767	132	74	104	131.5	132.5	73.5	74.5	transparent
#5E5E5E	133	74	95	132.5	133.5	73.5	74.5	transparent
#535353	134	74	84	133.5	134.5	73.5	74.5	transparent
#494949	135	74	74	134.5	135.5	73.5	74.5	transparent
#3B3B3B	136	74	60	135.5	136.5	73.5	74.5	transparent
#333333	137	74	52	136.5	137.5	73.5	74.5	transparent
#444444	138	74	69	137.5	138.5	73.5	74.5	transparent
#6A6A6A	139	74	107	138.5	139.5	73.5	74.5	transparent
#121212	0	73	19	-0.5	0.5	72.5	73.5	transparent
#121212	1	73	19	0.5	1.5	72.5	73.5	transparent
#111111	2	73	18	1.5	2.5	72.5	73.5	transparent
#0F0F0F	3	73	16	2.5	3.5	72.5	73.5	transparent
#101010	4	73	17	3.5	4.5	72.5	73.5	transparent
#131313	5	73	20	4.5	5.5	72.5	73.5	transparent
#181818	6	73	25	5.5	6.5	72.5	73.5	transparent
#222222	7	73	35	6.5	7.5	72.5	73.5	transparent
#2D2D2D	8	73	46	7.5	8.5	72.5	73.5	transparent
#373737	9	73	56	8.5	9.5	72.5	73.5	transparent
#3F3F3F	10	73	64	9.5	10.5	72.5	73.5	transparent
#474747	11	73	72	10.5	11.5	72.5	73.5	transparent
#4E4E4E	12	73	79	11.5	12.5	72.5	73.5	transparent
#515151	13	73	82	12.5	13.5	72.5	73.5	transparent
#555555	14	73	86	13.5	14.5	72.5	73.5	transparent
#585858	15	73	89	14.5	15.5	72.5	73.5	transparent
#595959	16	73	90	15.5	16.5	72.5	73.5	transparent
#5F5F5F	17	73	96	16.5	17.5	72.5	73.5	transparent
#666666	18	73	103	17.5	18.5	72.5	73.5	transparent
#727272	19	73	115	18.5	19.5	72.5	73.5	transparent
#7F7F7F	20	73	128	19.5	20.5	72.5	73.5	transparent
#8D8D8D	21	73	142	20.5	21.5	72.5	73.5	transparent
#9E9E9E	22	73	159	21.5	22.5	72.5	73.5	transparent
#B0B0B0	23	73	177	22.5	23.5	72.5	73.5	transparent
#9E9E9E	24	73	159	23.5	24.5	72.5	73.5	transparent
#818181	25	73	130	24.5	25.5	72.5	73.5	transparent
#585858	26	73	89	25.5	26.5	72.5	73.5	transparent
#444444	27	73	69	26.5	27.5	72.5	73.5	transparent
#3B3B3B	28	73	60	27.5	28.5	72.5	73.5	transparent
#3C3C3C	29	73	61	28.5	29.5	72.5	73.5	transparent
#444444	30	73	69	29.5	30.5	72.5	73.5	transparent
#414141	31	73	66	30.5	31.5	72.5	73.5	transparent
#404040	32	73	65	31.5	32.5	72.5	73.5	transparent
#3D3D3D	33	73	62	32.5	33.5	72.5	73.5	transparent
#363636	34	73	55	33.5	34.5	72.5	73.5	transparent
#323232	35	73	51	34.5	35.5	72.5	73.5	transparent
#333333	36	73	52	35.5	36.5	72.5	73.5	transparent
#323232	37	73	51	36.5	37.5	72.5	73.5	transparent
#323232	38	73	51	37.5	38.5	72.5	73.5	transparent
#313131	39	73	50	38.5	39.5	72.5	73.5	transparent
#2F2F2F	40	73	48	39.5	40.5	72.5	73.5	transparent
#2E2E2E	41	73	47	40.5	41.5	72.5	73.5	transparent
#2D2D2D	42	73	46	41.5	42.5	72.5	73.5	transparent
#2E2E2E	43	73	47	42.5	43.5	72.5	73.5	transparent
#2F2F2F	44	73	48	43.5	44.5	72.5	73.5	transparent
#2E2E2E	45	73	47	44.5	45.5	72.5	73.5	transparent
#2E2E2E	46	73	47	45.5	46.5	72.5	73.5	transparent
#2F2F2F	47	73	48	46.5	47.5	72.5	73.5	transparent
#2E2E2E	48	73	47	47.5	48.5	72.5	73.5	transparent
#353535	49	73	54	48.5	49.5	72.5	73.5	transparent
#414141	50	73	66	49.5	50.5	72.5	73.5	transparent
#4B4B4B	51	73	76	50.5	51.5	72.5	73.5	transparent
#5B5B5B	52	73	92	51.5	52.5	72.5	73.5	transparent
#595959	53	73	90	52.5	53.5	72.5	73.5	transparent
#535353	54	73	84	53.5	54.5	72.5	73.5	transparent
#565656	55	73	87	54.5	55.5	72.5	73.5	transparent
#606060	56	73	97	55.5	56.5	72.5	73.5	transparent
#616161	57	73	98	56.5	57.5	72.5	73.5	transparent
#5F5F5F	58	73	96	57.5	58.5	72.5	73.5	transparent
#5D5D5D	59	73	94	58.5	59.5	72.5	73.5	transparent
#5C5C5C	60	73	93	59.5	60.5	72.5	73.5	transparent
#636363	61	73	100	60.5	61.5	72.5	73.5	transparent
#757575	62	73	118	61.5	62.5	72.5	73.5	transparent
#868686	63	73	135	62.5	63.5	72.5	73.5	transparent
#909090	64	73	145	63.5	64.5	72.5	73.5	transparent
#9F9F9F	65	73	160	64.5	65.5	72.5	73.5	transparent
#A5A5A5	66	73	166	65.5	66.5	72.5	73.5	transparent
#A8A8A8	67	73	169	66.5	67.5	72.5	73.5	transparent
#A7A7A7	68	73	168	67.5	68.5	72.5	73.5	transparent
#A9A9A9	69	73	170	68.5	69.5	72.5	73.5	transparent
#B3B3B3	70	73	180	69.5	70.5	72.5	73.5	transparent
#BBBBBB	71	73	188	70.5	71.5	72.5	73.5	transparent
#BFBFBF	72	73	192	71.5	72.5	72.5	73.5	transparent
#C0C0C0	73	73	193	72.5	73.5	72.5	73.5	transparent
#C1C1C1	74	73	194	73.5	74.5	72.5	73.5	transparent
#BFBFBF	75	73	192	74.5	75.5	72.5	73.5	transparent
#B8B8B8	76	73	185	75.5	76.5	72.5	73.5	transparent
#AFAFAF	77	73	176	76.5	77.5	72.5	73.5	transparent
#A0A0A0	78	73	161	77.5	78.5	72.5	73.5	transparent
#999999	79	73	154	78.5	79.5	72.5	73.5	transparent
#989898	80	73	153	79.5	80.5	72.5	73.5	transparent
#989898	81	73	153	80.5	81.5	72.5	73.5	transparent
#8F8F8F	82	73	144	81.5	82.5	72.5	73.5	transparent
#838383	83	73	132	82.5	83.5	72.5	73.5	transparent
#797979	84	73	122	83.5	84.5	72.5	73.5	transparent
#707070	85	73	113	84.5	85.5	72.5	73.5	transparent
#6A6A6A	86	73	107	85.5	86.5	72.5	73.5	transparent
#5E5E5E	87	73	95	86.5	87.5	72.5	73.5	transparent
#424242	88	73	67	87.5	88.5	72.5	73.5	transparent
#373737	89	73	56	88.5	89.5	72.5	73.5	transparent
#3B3B3B	90	73	60	89.5	90.5	72.5	73.5	transparent
#414141	91	73	66	90.5	91.5	72.5	73.5	transparent
#4A4A4A	92	73	75	91.5	92.5	72.5	73.5	transparent
#505050	93	73	81	92.5	93.5	72.5	73.5	transparent
#535353	94	73	84	93.5	94.5	72.5	73.5	transparent
#404040	95	73	65	94.5	95.5	72.5	73.5	transparent
#3C3C3C	96	73	61	95.5	96.5	72.5	73.5	transparent
#3B3B3B	97	73	60	96.5	97.5	72.5	73.5	transparent
#3B3B3B	98	73	60	97.5	98.5	72.5	73.5	transparent
#404040	99	73	65	98.5	99.5	72.5	73.5	transparent
#464646	100	73	71	99.5	100.5	72.5	73.5	transparent
#404040	101	73	65	100.5	101.5	72.5	73.5	transparent
#3F3F3F	102	73	64	101.5	102.5	72.5	73.5	transparent
#3B3B3B	103	73	60	102.5	103.5	72.5	73.5	transparent
#3B3B3B	104	73	60	103.5	104.5	72.5	73.5	transparent
#3F3F3F	105	73	64	104.5	105.5	72.5	73.5	transparent
#424242	106	73	67	105.5	106.5	72.5	73.5	transparent
#464646	107	73	71	106.5	107.5	72.5	73.5	transparent
#484848	108	73	73	107.5	108.5	72.5	73.5	transparent
#494949	109	73	74	108.5	109.5	72.5	73.5	transparent
#4F4F4F	110	73	80	109.5	110.5	72.5	73.5	transparent
#4F4F4F	111	73	80	110.5	111.5	72.5	73.5	transparent
#505050	112	73	81	111.5	112.5	72.5	73.5	transparent
#555555	113	73	86	112.5	113.5	72.5	73.5	transparent
#5D5D5D	114	73	94	113.5	114.5	72.5	73.5	transparent
#737373	115	73	116	114.5	115.5	72.5	73.5	transparent
#8E8E8E	116	73	143	115.5	116.5	72.5	73.5	transparent
#A1A1A1	117	73	162	116.5	117.5	72.5	73.5	transparent
#C0C0C0	118	73	193	117.5	118.5	72.5	73.5	transparent
#BCBCBC	119	73	189	118.5	119.5	72.5	73.5	transparent
#B1B1B1	120	73	178	119.5	120.5	72.5	73.5	transparent
#A3A3A3	121	73	164	120.5	121.5	72.5	73.5	transparent
#9A9A9A	122	73	155	121.5	122.5	72.5	73.5	transparent
#909090	123	73	145	122.5	123.5	72.5	73.5	transparent
#848484	124	73	133	123.5	124.5	72.5	73.5	transparent
#777777	125	73	120	124.5	125.5	72.5	73.5	transparent
#727272	126	73	115	125.5	126.5	72.5	73.5	transparent
#707070	127	73	113	126.5	127.5	72.5	73.5	transparent
#6D6D6D	128	73	110	127.5	128.5	72.5	73.5	transparent
#6C6C6C	129	73	109	128.5	129.5	72.5	73.5	transparent
#6B6B6B	130	73	108	129.5	130.5	72.5	73.5	transparent
#676767	131	73	104	130.5	131.5	72.5	73.5	transparent
#626262	132	73	99	131.5	132.5	72.5	73.5	transparent
#595959	133	73	90	132.5	133.5	72.5	73.5	transparent
#4C4C4C	134	73	77	133.5	134.5	72.5	73.5	transparent
#404040	135	73	65	134.5	135.5	72.5	73.5	transparent
#313131	136	73	50	135.5	136.5	72.5	73.5	transparent
#2C2C2C	137	73	45	136.5	137.5	72.5	73.5	transparent
#3C3C3C	138	73	61	137.5	138.5	72.5	73.5	transparent
#5D5D5D	139	73	94	138.5	139.5	72.5	73.5	transparent
#121212	0	72	19	-0.5	0.5	71.5	72.5	transparent
#121212	1	72	19	0.5	1.5	71.5	72.5	transparent
#111111	2	72	18	1.5	2.5	71.5	72.5	transparent
#101010	3	72	17	2.5	3.5	71.5	72.5	transparent
#0F0F0F	4	72	16	3.5	4.5	71.5	72.5	transparent
#111111	5	72	18	4.5	5.5	71.5	72.5	transparent
#151515	6	72	22	5.5	6.5	71.5	72.5	transparent
#1C1C1C	7	72	29	6.5	7.5	71.5	72.5	transparent
#282828	8	72	41	7.5	8.5	71.5	72.5	transparent
#333333	9	72	52	8.5	9.5	71.5	72.5	transparent
#3B3B3B	10	72	60	9.5	10.5	71.5	72.5	transparent
#444444	11	72	69	10.5	11.5	71.5	72.5	transparent
#4B4B4B	12	72	76	11.5	12.5	71.5	72.5	transparent
#4F4F4F	13	72	80	12.5	13.5	71.5	72.5	transparent
#545454	14	72	85	13.5	14.5	71.5	72.5	transparent
#565656	15	72	87	14.5	15.5	71.5	72.5	transparent
#555555	16	72	86	15.5	16.5	71.5	72.5	transparent
#5C5C5C	17	72	93	16.5	17.5	71.5	72.5	transparent
#636363	18	72	100	17.5	18.5	71.5	72.5	transparent
#6F6F6F	19	72	112	18.5	19.5	71.5	72.5	transparent
#7A7A7A	20	72	123	19.5	20.5	71.5	72.5	transparent
#878787	21	72	136	20.5	21.5	71.5	72.5	transparent
#A2A2A2	22	72	163	21.5	22.5	71.5	72.5	transparent
#ACACAC	23	72	173	22.5	23.5	71.5	72.5	transparent
#A2A2A2	24	72	163	23.5	24.5	71.5	72.5	transparent
#818181	25	72	130	24.5	25.5	71.5	72.5	transparent
#555555	26	72	86	25.5	26.5	71.5	72.5	transparent
#444444	27	72	69	26.5	27.5	71.5	72.5	transparent
#424242	28	72	67	27.5	28.5	71.5	72.5	transparent
#454545	29	72	70	28.5	29.5	71.5	72.5	transparent
#434343	30	72	68	29.5	30.5	71.5	72.5	transparent
#414141	31	72	66	30.5	31.5	71.5	72.5	transparent
#404040	32	72	65	31.5	32.5	71.5	72.5	transparent
#404040	33	72	65	32.5	33.5	71.5	72.5	transparent
#3C3C3C	34	72	61	33.5	34.5	71.5	72.5	transparent
#393939	35	72	58	34.5	35.5	71.5	72.5	transparent
#373737	36	72	56	35.5	36.5	71.5	72.5	transparent
#353535	37	72	54	36.5	37.5	71.5	72.5	transparent
#353535	38	72	54	37.5	38.5	71.5	72.5	transparent
#313131	39	72	50	38.5	39.5	71.5	72.5	transparent
#313131	40	72	50	39.5	40.5	71.5	72.5	transparent
#353535	41	72	54	40.5	41.5	71.5	72.5	transparent
#303030	42	72	49	41.5	42.5	71.5	72.5	transparent
#2B2B2B	43	72	44	42.5	43.5	71.5	72.5	transparent
#282828	44	72	41	43.5	44.5	71.5	72.5	transparent
#242424	45	72	37	44.5	45.5	71.5	72.5	transparent
#272727	46	72	40	45.5	46.5	71.5	72.5	transparent
#2B2B2B	47	72	44	46.5	47.5	71.5	72.5	transparent
#282828	48	72	41	47.5	48.5	71.5	72.5	transparent
#2C2C2C	49	72	45	48.5	49.5	71.5	72.5	transparent
#333333	50	72	52	49.5	50.5	71.5	72.5	transparent
#343434	51	72	53	50.5	51.5	71.5	72.5	transparent
#454545	52	72	70	51.5	52.5	71.5	72.5	transparent
#4F4F4F	53	72	80	52.5	53.5	71.5	72.5	transparent
#535353	54	72	84	53.5	54.5	71.5	72.5	transparent
#555555	55	72	86	54.5	55.5	71.5	72.5	transparent
#4F4F4F	56	72	80	55.5	56.5	71.5	72.5	transparent
#414141	57	72	66	56.5	57.5	71.5	72.5	transparent
#3E3E3E	58	72	63	57.5	58.5	71.5	72.5	transparent
#4A4A4A	59	72	75	58.5	59.5	71.5	72.5	transparent
#4F4F4F	60	72	80	59.5	60.5	71.5	72.5	transparent
#5B5B5B	61	72	92	60.5	61.5	71.5	72.5	transparent
#767676	62	72	119	61.5	62.5	71.5	72.5	transparent
#8C8C8C	63	72	141	62.5	63.5	71.5	72.5	transparent
#929292	64	72	147	63.5	64.5	71.5	72.5	transparent
#A1A1A1	65	72	162	64.5	65.5	71.5	72.5	transparent
#A6A6A6	66	72	167	65.5	66.5	71.5	72.5	transparent
#A9A9A9	67	72	170	66.5	67.5	71.5	72.5	transparent
#A9A9A9	68	72	170	67.5	68.5	71.5	72.5	transparent
#ADADAD	69	72	174	68.5	69.5	71.5	72.5	transparent
#B5B5B5	70	72	182	69.5	70.5	71.5	72.5	transparent
#BDBDBD	71	72	190	70.5	71.5	71.5	72.5	transparent
#C1C1C1	72	72	194	71.5	72.5	71.5	72.5	transparent
#C1C1C1	73	72	194	72.5	73.5	71.5	72.5	transparent
#C1C1C1	74	72	194	73.5	74.5	71.5	72.5	transparent
#BEBEBE	75	72	191	74.5	75.5	71.5	72.5	transparent
#B8B8B8	76	72	185	75.5	76.5	71.5	72.5	transparent
#B0B0B0	77	72	177	76.5	77.5	71.5	72.5	transparent
#A1A1A1	78	72	162	77.5	78.5	71.5	72.5	transparent
#939393	79	72	148	78.5	79.5	71.5	72.5	transparent
#909090	80	72	145	79.5	80.5	71.5	72.5	transparent
#909090	81	72	145	80.5	81.5	71.5	72.5	transparent
#858585	82	72	134	81.5	82.5	71.5	72.5	transparent
#797979	83	72	122	82.5	83.5	71.5	72.5	transparent
#737373	84	72	116	83.5	84.5	71.5	72.5	transparent
#6C6C6C	85	72	109	84.5	85.5	71.5	72.5	transparent
#6A6A6A	86	72	107	85.5	86.5	71.5	72.5	transparent
#6A6A6A	87	72	107	86.5	87.5	71.5	72.5	transparent
#484848	88	72	73	87.5	88.5	71.5	72.5	transparent
#323232	89	72	51	88.5	89.5	71.5	72.5	transparent
#333333	90	72	52	89.5	90.5	71.5	72.5	transparent
#3C3C3C	91	72	61	90.5	91.5	71.5	72.5	transparent
#434343	92	72	68	91.5	92.5	71.5	72.5	transparent
#464646	93	72	71	92.5	93.5	71.5	72.5	transparent
#4A4A4A	94	72	75	93.5	94.5	71.5	72.5	transparent
#363636	95	72	55	94.5	95.5	71.5	72.5	transparent
#2F2F2F	96	72	48	95.5	96.5	71.5	72.5	transparent
#303030	97	72	49	96.5	97.5	71.5	72.5	transparent
#313131	98	72	50	97.5	98.5	71.5	72.5	transparent
#383838	99	72	57	98.5	99.5	71.5	72.5	transparent
#383838	100	72	57	99.5	100.5	71.5	72.5	transparent
#393939	101	72	58	100.5	101.5	71.5	72.5	transparent
#404040	102	72	65	101.5	102.5	71.5	72.5	transparent
#434343	103	72	68	102.5	103.5	71.5	72.5	transparent
#3E3E3E	104	72	63	103.5	104.5	71.5	72.5	transparent
#3F3F3F	105	72	64	104.5	105.5	71.5	72.5	transparent
#434343	106	72	68	105.5	106.5	71.5	72.5	transparent
#424242	107	72	67	106.5	107.5	71.5	72.5	transparent
#474747	108	72	72	107.5	108.5	71.5	72.5	transparent
#4D4D4D	109	72	78	108.5	109.5	71.5	72.5	transparent
#525252	110	72	83	109.5	110.5	71.5	72.5	transparent
#565656	111	72	87	110.5	111.5	71.5	72.5	transparent
#565656	112	72	87	111.5	112.5	71.5	72.5	transparent
#555555	113	72	86	112.5	113.5	71.5	72.5	transparent
#5B5B5B	114	72	92	113.5	114.5	71.5	72.5	transparent
#676767	115	72	104	114.5	115.5	71.5	72.5	transparent
#8A8A8A	116	72	139	115.5	116.5	71.5	72.5	transparent
#A3A3A3	117	72	164	116.5	117.5	71.5	72.5	transparent
#BDBDBD	118	72	190	117.5	118.5	71.5	72.5	transparent
#BCBCBC	119	72	189	118.5	119.5	71.5	72.5	transparent
#AEAEAE	120	72	175	119.5	120.5	71.5	72.5	transparent
#A2A2A2	121	72	163	120.5	121.5	71.5	72.5	transparent
#999999	122	72	154	121.5	122.5	71.5	72.5	transparent
#8D8D8D	123	72	142	122.5	123.5	71.5	72.5	transparent
#7E7E7E	124	72	127	123.5	124.5	71.5	72.5	transparent
#757575	125	72	118	124.5	125.5	71.5	72.5	transparent
#6F6F6F	126	72	112	125.5	126.5	71.5	72.5	transparent
#6D6D6D	127	72	110	126.5	127.5	71.5	72.5	transparent
#6A6A6A	128	72	107	127.5	128.5	71.5	72.5	transparent
#686868	129	72	105	128.5	129.5	71.5	72.5	transparent
#666666	130	72	103	129.5	130.5	71.5	72.5	transparent
#626262	131	72	99	130.5	131.5	71.5	72.5	transparent
#5D5D5D	132	72	94	131.5	132.5	71.5	72.5	transparent
#545454	133	72	85	132.5	133.5	71.5	72.5	transparent
#454545	134	72	70	133.5	134.5	71.5	72.5	transparent
#363636	135	72	55	134.5	135.5	71.5	72.5	transparent
#292929	136	72	42	135.5	136.5	71.5	72.5	transparent
#252525	137	72	38	136.5	137.5	71.5	72.5	transparent
#323232	138	72	51	137.5	138.5	71.5	72.5	transparent
#474747	139	72	72	138.5	139.5	71.5	72.5	transparent
#131313	0	71	20	-0.5	0.5	70.5	71.5	transparent
#121212	1	71	19	0.5	1.5	70.5	71.5	transparent
#121212	2	71	19	1.5	2.5	70.5	71.5	transparent
#101010	3	71	17	2.5	3.5	70.5	71.5	transparent
#0F0F0F	4	71	16	3.5	4.5	70.5	71.5	transparent
#101010	5	71	17	4.5	5.5	70.5	71.5	transparent
#131313	6	71	20	5.5	6.5	70.5	71.5	transparent
#181818	7	71	25	6.5	7.5	70.5	71.5	transparent
#222222	8	71	35	7.5	8.5	70.5	71.5	transparent
#2E2E2E	9	71	47	8.5	9.5	70.5	71.5	transparent
#363636	10	71	55	9.5	10.5	70.5	71.5	transparent
#404040	11	71	65	10.5	11.5	70.5	71.5	transparent
#484848	12	71	73	11.5	12.5	70.5	71.5	transparent
#4C4C4C	13	71	77	12.5	13.5	70.5	71.5	transparent
#515151	14	71	82	13.5	14.5	70.5	71.5	transparent
#555555	15	71	86	14.5	15.5	70.5	71.5	transparent
#565656	16	71	87	15.5	16.5	70.5	71.5	transparent
#5C5C5C	17	71	93	16.5	17.5	70.5	71.5	transparent
#636363	18	71	100	17.5	18.5	70.5	71.5	transparent
#6E6E6E	19	71	111	18.5	19.5	70.5	71.5	transparent
#797979	20	71	122	19.5	20.5	70.5	71.5	transparent
#868686	21	71	135	20.5	21.5	70.5	71.5	transparent
#A2A2A2	22	71	163	21.5	22.5	70.5	71.5	transparent
#A8A8A8	23	71	169	22.5	23.5	70.5	71.5	transparent
#A4A4A4	24	71	165	23.5	24.5	70.5	71.5	transparent
#7E7E7E	25	71	127	24.5	25.5	70.5	71.5	transparent
#575757	26	71	88	25.5	26.5	70.5	71.5	transparent
#4F4F4F	27	71	80	26.5	27.5	70.5	71.5	transparent
#484848	28	71	73	27.5	28.5	70.5	71.5	transparent
#434343	29	71	68	28.5	29.5	70.5	71.5	transparent
#434343	30	71	68	29.5	30.5	70.5	71.5	transparent
#424242	31	71	67	30.5	31.5	70.5	71.5	transparent
#414141	32	71	66	31.5	32.5	70.5	71.5	transparent
#3F3F3F	33	71	64	32.5	33.5	70.5	71.5	transparent
#3C3C3C	34	71	61	33.5	34.5	70.5	71.5	transparent
#3B3B3B	35	71	60	34.5	35.5	70.5	71.5	transparent
#363636	36	71	55	35.5	36.5	70.5	71.5	transparent
#313131	37	71	50	36.5	37.5	70.5	71.5	transparent
#303030	38	71	49	37.5	38.5	70.5	71.5	transparent
#2F2F2F	39	71	48	38.5	39.5	70.5	71.5	transparent
#2F2F2F	40	71	48	39.5	40.5	70.5	71.5	transparent
#303030	41	71	49	40.5	41.5	70.5	71.5	transparent
#2B2B2B	42	71	44	41.5	42.5	70.5	71.5	transparent
#242424	43	71	37	42.5	43.5	70.5	71.5	transparent
#232323	44	71	36	43.5	44.5	70.5	71.5	transparent
#242424	45	71	37	44.5	45.5	70.5	71.5	transparent
#222222	46	71	35	45.5	46.5	70.5	71.5	transparent
#222222	47	71	35	46.5	47.5	70.5	71.5	transparent
#222222	48	71	35	47.5	48.5	70.5	71.5	transparent
#242424	49	71	37	48.5	49.5	70.5	71.5	transparent
#303030	50	71	49	49.5	50.5	70.5	71.5	transparent
#333333	51	71	52	50.5	51.5	70.5	71.5	transparent
#424242	52	71	67	51.5	52.5	70.5	71.5	transparent
#484848	53	71	73	52.5	53.5	70.5	71.5	transparent
#494949	54	71	74	53.5	54.5	70.5	71.5	transparent
#505050	55	71	81	54.5	55.5	70.5	71.5	transparent
#4B4B4B	56	71	76	55.5	56.5	70.5	71.5	transparent
#383838	57	71	57	56.5	57.5	70.5	71.5	transparent
#3B3B3B	58	71	60	57.5	58.5	70.5	71.5	transparent
#424242	59	71	67	58.5	59.5	70.5	71.5	transparent
#484848	60	71	73	59.5	60.5	70.5	71.5	transparent
#5A5A5A	61	71	91	60.5	61.5	70.5	71.5	transparent
#737373	62	71	116	61.5	62.5	70.5	71.5	transparent
#8A8A8A	63	71	139	62.5	63.5	70.5	71.5	transparent
#909090	64	71	145	63.5	64.5	70.5	71.5	transparent
#9E9E9E	65	71	159	64.5	65.5	70.5	71.5	transparent
#A7A7A7	66	71	168	65.5	66.5	70.5	71.5	transparent
#A8A8A8	67	71	169	66.5	67.5	70.5	71.5	transparent
#A9A9A9	68	71	170	67.5	68.5	70.5	71.5	transparent
#AFAFAF	69	71	176	68.5	69.5	70.5	71.5	transparent
#B7B7B7	70	71	184	69.5	70.5	70.5	71.5	transparent
#BFBFBF	71	71	192	70.5	71.5	70.5	71.5	transparent
#C2C2C2	72	71	195	71.5	72.5	70.5	71.5	transparent
#C0C0C0	73	71	193	72.5	73.5	70.5	71.5	transparent
#C2C2C2	74	71	195	73.5	74.5	70.5	71.5	transparent
#BFBFBF	75	71	192	74.5	75.5	70.5	71.5	transparent
#B7B7B7	76	71	184	75.5	76.5	70.5	71.5	transparent
#AEAEAE	77	71	175	76.5	77.5	70.5	71.5	transparent
#9C9C9C	78	71	157	77.5	78.5	70.5	71.5	transparent
#8F8F8F	79	71	144	78.5	79.5	70.5	71.5	transparent
#909090	80	71	145	79.5	80.5	70.5	71.5	transparent
#8F8F8F	81	71	144	80.5	81.5	70.5	71.5	transparent
#828282	82	71	131	81.5	82.5	70.5	71.5	transparent
#7A7A7A	83	71	123	82.5	83.5	70.5	71.5	transparent
#777777	84	71	120	83.5	84.5	70.5	71.5	transparent
#707070	85	71	113	84.5	85.5	70.5	71.5	transparent
#6F6F6F	86	71	112	85.5	86.5	70.5	71.5	transparent
#6D6D6D	87	71	110	86.5	87.5	70.5	71.5	transparent
#515151	88	71	82	87.5	88.5	70.5	71.5	transparent
#393939	89	71	58	88.5	89.5	70.5	71.5	transparent
#353535	90	71	54	89.5	90.5	70.5	71.5	transparent
#3C3C3C	91	71	61	90.5	91.5	70.5	71.5	transparent
#414141	92	71	66	91.5	92.5	70.5	71.5	transparent
#3D3D3D	93	71	62	92.5	93.5	70.5	71.5	transparent
#3B3B3B	94	71	60	93.5	94.5	70.5	71.5	transparent
#353535	95	71	54	94.5	95.5	70.5	71.5	transparent
#282828	96	71	41	95.5	96.5	70.5	71.5	transparent
#262626	97	71	39	96.5	97.5	70.5	71.5	transparent
#2E2E2E	98	71	47	97.5	98.5	70.5	71.5	transparent
#303030	99	71	49	98.5	99.5	70.5	71.5	transparent
#2D2D2D	100	71	46	99.5	100.5	70.5	71.5	transparent
#303030	101	71	49	100.5	101.5	70.5	71.5	transparent
#343434	102	71	53	101.5	102.5	70.5	71.5	transparent
#3B3B3B	103	71	60	102.5	103.5	70.5	71.5	transparent
#424242	104	71	67	103.5	104.5	70.5	71.5	transparent
#424242	105	71	67	104.5	105.5	70.5	71.5	transparent
#454545	106	71	70	105.5	106.5	70.5	71.5	transparent
#454545	107	71	70	106.5	107.5	70.5	71.5	transparent
#484848	108	71	73	107.5	108.5	70.5	71.5	transparent
#4D4D4D	109	71	78	108.5	109.5	70.5	71.5	transparent
#515151	110	71	82	109.5	110.5	70.5	71.5	transparent
#565656	111	71	87	110.5	111.5	70.5	71.5	transparent
#5A5A5A	112	71	91	111.5	112.5	70.5	71.5	transparent
#5B5B5B	113	71	92	112.5	113.5	70.5	71.5	transparent
#5D5D5D	114	71	94	113.5	114.5	70.5	71.5	transparent
#646464	115	71	101	114.5	115.5	70.5	71.5	transparent
#7D7D7D	116	71	126	115.5	116.5	70.5	71.5	transparent
#A7A7A7	117	71	168	116.5	117.5	70.5	71.5	transparent
#BABABA	118	71	187	117.5	118.5	70.5	71.5	transparent
#BBBBBB	119	71	188	118.5	119.5	70.5	71.5	transparent
#ACACAC	120	71	173	119.5	120.5	70.5	71.5	transparent
#A0A0A0	121	71	161	120.5	121.5	70.5	71.5	transparent
#969696	122	71	151	121.5	122.5	70.5	71.5	transparent
#888888	123	71	137	122.5	123.5	70.5	71.5	transparent
#7C7C7C	124	71	125	123.5	124.5	70.5	71.5	transparent
#757575	125	71	118	124.5	125.5	70.5	71.5	transparent
#6E6E6E	126	71	111	125.5	126.5	70.5	71.5	transparent
#6B6B6B	127	71	108	126.5	127.5	70.5	71.5	transparent
#686868	128	71	105	127.5	128.5	70.5	71.5	transparent
#666666	129	71	103	128.5	129.5	70.5	71.5	transparent
#656565	130	71	102	129.5	130.5	70.5	71.5	transparent
#606060	131	71	97	130.5	131.5	70.5	71.5	transparent
#5A5A5A	132	71	91	131.5	132.5	70.5	71.5	transparent
#4F4F4F	133	71	80	132.5	133.5	70.5	71.5	transparent
#3F3F3F	134	71	64	133.5	134.5	70.5	71.5	transparent
#303030	135	71	49	134.5	135.5	70.5	71.5	transparent
#242424	136	71	37	135.5	136.5	70.5	71.5	transparent
#202020	137	71	33	136.5	137.5	70.5	71.5	transparent
#242424	138	71	37	137.5	138.5	70.5	71.5	transparent
#363636	139	71	55	138.5	139.5	70.5	71.5	transparent
#131313	0	70	20	-0.5	0.5	69.5	70.5	transparent
#131313	1	70	20	0.5	1.5	69.5	70.5	transparent
#131313	2	70	20	1.5	2.5	69.5	70.5	transparent
#111111	3	70	18	2.5	3.5	69.5	70.5	transparent
#0F0F0F	4	70	16	3.5	4.5	69.5	70.5	transparent
#0F0F0F	5	70	16	4.5	5.5	69.5	70.5	transparent
#111111	6	70	18	5.5	6.5	69.5	70.5	transparent
#141414	7	70	21	6.5	7.5	69.5	70.5	transparent
#1D1D1D	8	70	30	7.5	8.5	69.5	70.5	transparent
#2B2B2B	9	70	44	8.5	9.5	69.5	70.5	transparent
#333333	10	70	52	9.5	10.5	69.5	70.5	transparent
#3D3D3D	11	70	62	10.5	11.5	69.5	70.5	transparent
#464646	12	70	71	11.5	12.5	69.5	70.5	transparent
#4A4A4A	13	70	75	12.5	13.5	69.5	70.5	transparent
#4F4F4F	14	70	80	13.5	14.5	69.5	70.5	transparent
#555555	15	70	86	14.5	15.5	69.5	70.5	transparent
#575757	16	70	88	15.5	16.5	69.5	70.5	transparent
#5B5B5B	17	70	92	16.5	17.5	69.5	70.5	transparent
#626262	18	70	99	17.5	18.5	69.5	70.5	transparent
#6D6D6D	19	70	110	18.5	19.5	69.5	70.5	transparent
#787878	20	70	121	19.5	20.5	69.5	70.5	transparent
#878787	21	70	136	20.5	21.5	69.5	70.5	transparent
#A2A2A2	22	70	163	21.5	22.5	69.5	70.5	transparent
#A7A7A7	23	70	168	22.5	23.5	69.5	70.5	transparent
#A5A5A5	24	70	166	23.5	24.5	69.5	70.5	transparent
#797979	25	70	122	24.5	25.5	69.5	70.5	transparent
#5E5E5E	26	70	95	25.5	26.5	69.5	70.5	transparent
#525252	27	70	83	26.5	27.5	69.5	70.5	transparent
#474747	28	70	72	27.5	28.5	69.5	70.5	transparent
#454545	29	70	70	28.5	29.5	69.5	70.5	transparent
#444444	30	70	69	29.5	30.5	69.5	70.5	transparent
#414141	31	70	66	30.5	31.5	69.5	70.5	transparent
#404040	32	70	65	31.5	32.5	69.5	70.5	transparent
#3B3B3B	33	70	60	32.5	33.5	69.5	70.5	transparent
#373737	34	70	56	33.5	34.5	69.5	70.5	transparent
#353535	35	70	54	34.5	35.5	69.5	70.5	transparent
#323232	36	70	51	35.5	36.5	69.5	70.5	transparent
#2F2F2F	37	70	48	36.5	37.5	69.5	70.5	transparent
#2C2C2C	38	70	45	37.5	38.5	69.5	70.5	transparent
#2B2B2B	39	70	44	38.5	39.5	69.5	70.5	transparent
#2E2E2E	40	70	47	39.5	40.5	69.5	70.5	transparent
#292929	41	70	42	40.5	41.5	69.5	70.5	transparent
#222222	42	70	35	41.5	42.5	69.5	70.5	transparent
#202020	43	70	33	42.5	43.5	69.5	70.5	transparent
#1F1F1F	44	70	32	43.5	44.5	69.5	70.5	transparent
#1E1E1E	45	70	31	44.5	45.5	69.5	70.5	transparent
#1F1F1F	46	70	32	45.5	46.5	69.5	70.5	transparent
#212121	47	70	34	46.5	47.5	69.5	70.5	transparent
#232323	48	70	36	47.5	48.5	69.5	70.5	transparent
#252525	49	70	38	48.5	49.5	69.5	70.5	transparent
#303030	50	70	49	49.5	50.5	69.5	70.5	transparent
#383838	51	70	57	50.5	51.5	69.5	70.5	transparent
#3D3D3D	52	70	62	51.5	52.5	69.5	70.5	transparent
#414141	53	70	66	52.5	53.5	69.5	70.5	transparent
#4D4D4D	54	70	78	53.5	54.5	69.5	70.5	transparent
#545454	55	70	85	54.5	55.5	69.5	70.5	transparent
#474747	56	70	72	55.5	56.5	69.5	70.5	transparent
#393939	57	70	58	56.5	57.5	69.5	70.5	transparent
#3E3E3E	58	70	63	57.5	58.5	69.5	70.5	transparent
#3C3C3C	59	70	61	58.5	59.5	69.5	70.5	transparent
#414141	60	70	66	59.5	60.5	69.5	70.5	transparent
#5A5A5A	61	70	91	60.5	61.5	69.5	70.5	transparent
#767676	62	70	119	61.5	62.5	69.5	70.5	transparent
#8D8D8D	63	70	142	62.5	63.5	69.5	70.5	transparent
#939393	64	70	148	63.5	64.5	69.5	70.5	transparent
#9E9E9E	65	70	159	64.5	65.5	69.5	70.5	transparent
#ACACAC	66	70	173	65.5	66.5	69.5	70.5	transparent
#AAAAAA	67	70	171	66.5	67.5	69.5	70.5	transparent
#A9A9A9	68	70	170	67.5	68.5	69.5	70.5	transparent
#ADADAD	69	70	174	68.5	69.5	69.5	70.5	transparent
#B6B6B6	70	70	183	69.5	70.5	69.5	70.5	transparent
#BFBFBF	71	70	192	70.5	71.5	69.5	70.5	transparent
#C2C2C2	72	70	195	71.5	72.5	69.5	70.5	transparent
#C2C2C2	73	70	195	72.5	73.5	69.5	70.5	transparent
#C4C4C4	74	70	197	73.5	74.5	69.5	70.5	transparent
#C2C2C2	75	70	195	74.5	75.5	69.5	70.5	transparent
#B8B8B8	76	70	185	75.5	76.5	69.5	70.5	transparent
#AEAEAE	77	70	175	76.5	77.5	69.5	70.5	transparent
#9D9D9D	78	70	158	77.5	78.5	69.5	70.5	transparent
#939393	79	70	148	78.5	79.5	69.5	70.5	transparent
#919191	80	70	146	79.5	80.5	69.5	70.5	transparent
#909090	81	70	145	80.5	81.5	69.5	70.5	transparent
#878787	82	70	136	81.5	82.5	69.5	70.5	transparent
#808080	83	70	129	82.5	83.5	69.5	70.5	transparent
#7B7B7B	84	70	124	83.5	84.5	69.5	70.5	transparent
#737373	85	70	116	84.5	85.5	69.5	70.5	transparent
#707070	86	70	113	85.5	86.5	69.5	70.5	transparent
#646464	87	70	101	86.5	87.5	69.5	70.5	transparent
#545454	88	70	85	87.5	88.5	69.5	70.5	transparent
#414141	89	70	66	88.5	89.5	69.5	70.5	transparent
#393939	90	70	58	89.5	90.5	69.5	70.5	transparent
#3E3E3E	91	70	63	90.5	91.5	69.5	70.5	transparent
#404040	92	70	65	91.5	92.5	69.5	70.5	transparent
#424242	93	70	67	92.5	93.5	69.5	70.5	transparent
#3E3E3E	94	70	63	93.5	94.5	69.5	70.5	transparent
#363636	95	70	55	94.5	95.5	69.5	70.5	transparent
#2D2D2D	96	70	46	95.5	96.5	69.5	70.5	transparent
#2A2A2A	97	70	43	96.5	97.5	69.5	70.5	transparent
#313131	98	70	50	97.5	98.5	69.5	70.5	transparent
#2C2C2C	99	70	45	98.5	99.5	69.5	70.5	transparent
#2C2C2C	100	70	45	99.5	100.5	69.5	70.5	transparent
#2E2E2E	101	70	47	100.5	101.5	69.5	70.5	transparent
#2F2F2F	102	70	48	101.5	102.5	69.5	70.5	transparent
#333333	103	70	52	102.5	103.5	69.5	70.5	transparent
#383838	104	70	57	103.5	104.5	69.5	70.5	transparent
#3D3D3D	105	70	62	104.5	105.5	69.5	70.5	transparent
#414141	106	70	66	105.5	106.5	69.5	70.5	transparent
#484848	107	70	73	106.5	107.5	69.5	70.5	transparent
#4B4B4B	108	70	76	107.5	108.5	69.5	70.5	transparent
#4F4F4F	109	70	80	108.5	109.5	69.5	70.5	transparent
#535353	110	70	84	109.5	110.5	69.5	70.5	transparent
#585858	111	70	89	110.5	111.5	69.5	70.5	transparent
#585858	112	70	89	111.5	112.5	69.5	70.5	transparent
#5B5B5B	113	70	92	112.5	113.5	69.5	70.5	transparent
#646464	114	70	101	113.5	114.5	69.5	70.5	transparent
#686868	115	70	105	114.5	115.5	69.5	70.5	transparent
#747474	116	70	117	115.5	116.5	69.5	70.5	transparent
#A4A4A4	117	70	165	116.5	117.5	69.5	70.5	transparent
#B9B9B9	118	70	186	117.5	118.5	69.5	70.5	transparent
#BABABA	119	70	187	118.5	119.5	69.5	70.5	transparent
#AAAAAA	120	70	171	119.5	120.5	69.5	70.5	transparent
#9B9B9B	121	70	156	120.5	121.5	69.5	70.5	transparent
#909090	122	70	145	121.5	122.5	69.5	70.5	transparent
#838383	123	70	132	122.5	123.5	69.5	70.5	transparent
#797979	124	70	122	123.5	124.5	69.5	70.5	transparent
#737373	125	70	116	124.5	125.5	69.5	70.5	transparent
#6C6C6C	126	70	109	125.5	126.5	69.5	70.5	transparent
#6A6A6A	127	70	107	126.5	127.5	69.5	70.5	transparent
#676767	128	70	104	127.5	128.5	69.5	70.5	transparent
#636363	129	70	100	128.5	129.5	69.5	70.5	transparent
#636363	130	70	100	129.5	130.5	69.5	70.5	transparent
#5E5E5E	131	70	95	130.5	131.5	69.5	70.5	transparent
#565656	132	70	87	131.5	132.5	69.5	70.5	transparent
#494949	133	70	74	132.5	133.5	69.5	70.5	transparent
#383838	134	70	57	133.5	134.5	69.5	70.5	transparent
#292929	135	70	42	134.5	135.5	69.5	70.5	transparent
#1F1F1F	136	70	32	135.5	136.5	69.5	70.5	transparent
#1A1A1A	137	70	27	136.5	137.5	69.5	70.5	transparent
#171717	138	70	24	137.5	138.5	69.5	70.5	transparent
#323232	139	70	51	138.5	139.5	69.5	70.5	transparent
#131313	0	69	20	-0.5	0.5	68.5	69.5	transparent
#131313	1	69	20	0.5	1.5	68.5	69.5	transparent
#131313	2	69	20	1.5	2.5	68.5	69.5	transparent
#111111	3	69	18	2.5	3.5	68.5	69.5	transparent
#101010	4	69	17	3.5	4.5	68.5	69.5	transparent
#0F0F0F	5	69	16	4.5	5.5	68.5	69.5	transparent
#101010	6	69	17	5.5	6.5	68.5	69.5	transparent
#141414	7	69	21	6.5	7.5	68.5	69.5	transparent
#191919	8	69	26	7.5	8.5	68.5	69.5	transparent
#272727	9	69	40	8.5	9.5	68.5	69.5	transparent
#303030	10	69	49	9.5	10.5	68.5	69.5	transparent
#3B3B3B	11	69	60	10.5	11.5	68.5	69.5	transparent
#454545	12	69	70	11.5	12.5	68.5	69.5	transparent
#494949	13	69	74	12.5	13.5	68.5	69.5	transparent
#4F4F4F	14	69	80	13.5	14.5	68.5	69.5	transparent
#545454	15	69	85	14.5	15.5	68.5	69.5	transparent
#575757	16	69	88	15.5	16.5	68.5	69.5	transparent
#5C5C5C	17	69	93	16.5	17.5	68.5	69.5	transparent
#636363	18	69	100	17.5	18.5	68.5	69.5	transparent
#6C6C6C	19	69	109	18.5	19.5	68.5	69.5	transparent
#767676	20	69	119	19.5	20.5	68.5	69.5	transparent
#878787	21	69	136	20.5	21.5	68.5	69.5	transparent
#A1A1A1	22	69	162	21.5	22.5	68.5	69.5	transparent
#A6A6A6	23	69	167	22.5	23.5	68.5	69.5	transparent
#A3A3A3	24	69	164	23.5	24.5	68.5	69.5	transparent
#7B7B7B	25	69	124	24.5	25.5	68.5	69.5	transparent
#616161	26	69	98	25.5	26.5	68.5	69.5	transparent
#505050	27	69	81	26.5	27.5	68.5	69.5	transparent
#4C4C4C	28	69	77	27.5	28.5	68.5	69.5	transparent
#464646	29	69	71	28.5	29.5	68.5	69.5	transparent
#3F3F3F	30	69	64	29.5	30.5	68.5	69.5	transparent
#3D3D3D	31	69	62	30.5	31.5	68.5	69.5	transparent
#373737	32	69	56	31.5	32.5	68.5	69.5	transparent
#313131	33	69	50	32.5	33.5	68.5	69.5	transparent
#303030	34	69	49	33.5	34.5	68.5	69.5	transparent
#333333	35	69	52	34.5	35.5	68.5	69.5	transparent
#333333	36	69	52	35.5	36.5	68.5	69.5	transparent
#313131	37	69	50	36.5	37.5	68.5	69.5	transparent
#2F2F2F	38	69	48	37.5	38.5	68.5	69.5	transparent
#313131	39	69	50	38.5	39.5	68.5	69.5	transparent
#2C2C2C	40	69	45	39.5	40.5	68.5	69.5	transparent
#262626	41	69	39	40.5	41.5	68.5	69.5	transparent
#222222	42	69	35	41.5	42.5	68.5	69.5	transparent
#202020	43	69	33	42.5	43.5	68.5	69.5	transparent
#1F1F1F	44	69	32	43.5	44.5	68.5	69.5	transparent
#1F1F1F	45	69	32	44.5	45.5	68.5	69.5	transparent
#222222	46	69	35	45.5	46.5	68.5	69.5	transparent
#242424	47	69	37	46.5	47.5	68.5	69.5	transparent
#222222	48	69	35	47.5	48.5	68.5	69.5	transparent
#232323	49	69	36	48.5	49.5	68.5	69.5	transparent
#323232	50	69	51	49.5	50.5	68.5	69.5	transparent
#3F3F3F	51	69	64	50.5	51.5	68.5	69.5	transparent
#404040	52	69	65	51.5	52.5	68.5	69.5	transparent
#464646	53	69	71	52.5	53.5	68.5	69.5	transparent
#525252	54	69	83	53.5	54.5	68.5	69.5	transparent
#4D4D4D	55	69	78	54.5	55.5	68.5	69.5	transparent
#484848	56	69	73	55.5	56.5	68.5	69.5	transparent
#3E3E3E	57	69	63	56.5	57.5	68.5	69.5	transparent
#3A3A3A	58	69	59	57.5	58.5	68.5	69.5	transparent
#393939	59	69	58	58.5	59.5	68.5	69.5	transparent
#444444	60	69	69	59.5	60.5	68.5	69.5	transparent
#5A5A5A	61	69	91	60.5	61.5	68.5	69.5	transparent
#797979	62	69	122	61.5	62.5	68.5	69.5	transparent
#919191	63	69	146	62.5	63.5	68.5	69.5	transparent
#979797	64	69	152	63.5	64.5	68.5	69.5	transparent
#A0A0A0	65	69	161	64.5	65.5	68.5	69.5	transparent
#AAAAAA	66	69	171	65.5	66.5	68.5	69.5	transparent
#AAAAAA	67	69	171	66.5	67.5	68.5	69.5	transparent
#A8A8A8	68	69	169	67.5	68.5	68.5	69.5	transparent
#ABABAB	69	69	172	68.5	69.5	68.5	69.5	transparent
#B4B4B4	70	69	181	69.5	70.5	68.5	69.5	transparent
#BDBDBD	71	69	190	70.5	71.5	68.5	69.5	transparent
#C2C2C2	72	69	195	71.5	72.5	68.5	69.5	transparent
#C3C3C3	73	69	196	72.5	73.5	68.5	69.5	transparent
#C3C3C3	74	69	196	73.5	74.5	68.5	69.5	transparent
#C2C2C2	75	69	195	74.5	75.5	68.5	69.5	transparent
#BABABA	76	69	187	75.5	76.5	68.5	69.5	transparent
#B1B1B1	77	69	178	76.5	77.5	68.5	69.5	transparent
#9E9E9E	78	69	159	77.5	78.5	68.5	69.5	transparent
#939393	79	69	148	78.5	79.5	68.5	69.5	transparent
#919191	80	69	146	79.5	80.5	68.5	69.5	transparent
#8F8F8F	81	69	144	80.5	81.5	68.5	69.5	transparent
#898989	82	69	138	81.5	82.5	68.5	69.5	transparent
#838383	83	69	132	82.5	83.5	68.5	69.5	transparent
#7C7C7C	84	69	125	83.5	84.5	68.5	69.5	transparent
#777777	85	69	120	84.5	85.5	68.5	69.5	transparent
#747474	86	69	117	85.5	86.5	68.5	69.5	transparent
#636363	87	69	100	86.5	87.5	68.5	69.5	transparent
#5B5B5B	88	69	92	87.5	88.5	68.5	69.5	transparent
#4D4D4D	89	69	78	88.5	89.5	68.5	69.5	transparent
#3B3B3B	90	69	60	89.5	90.5	68.5	69.5	transparent
#3C3C3C	91	69	61	90.5	91.5	68.5	69.5	transparent
#3F3F3F	92	69	64	91.5	92.5	68.5	69.5	transparent
#404040	93	69	65	92.5	93.5	68.5	69.5	transparent
#3D3D3D	94	69	62	93.5	94.5	68.5	69.5	transparent
#383838	95	69	57	94.5	95.5	68.5	69.5	transparent
#323232	96	69	51	95.5	96.5	68.5	69.5	transparent
#333333	97	69	52	96.5	97.5	68.5	69.5	transparent
#313131	98	69	50	97.5	98.5	68.5	69.5	transparent
#2F2F2F	99	69	48	98.5	99.5	68.5	69.5	transparent
#2F2F2F	100	69	48	99.5	100.5	68.5	69.5	transparent
#2E2E2E	101	69	47	100.5	101.5	68.5	69.5	transparent
#2F2F2F	102	69	48	101.5	102.5	68.5	69.5	transparent
#323232	103	69	51	102.5	103.5	68.5	69.5	transparent
#333333	104	69	52	103.5	104.5	68.5	69.5	transparent
#3A3A3A	105	69	59	104.5	105.5	68.5	69.5	transparent
#404040	106	69	65	105.5	106.5	68.5	69.5	transparent
#414141	107	69	66	106.5	107.5	68.5	69.5	transparent
#474747	108	69	72	107.5	108.5	68.5	69.5	transparent
#505050	109	69	81	108.5	109.5	68.5	69.5	transparent
#555555	110	69	86	109.5	110.5	68.5	69.5	transparent
#575757	111	69	88	110.5	111.5	68.5	69.5	transparent
#595959	112	69	90	111.5	112.5	68.5	69.5	transparent
#5C5C5C	113	69	93	112.5	113.5	68.5	69.5	transparent
#626262	114	69	99	113.5	114.5	68.5	69.5	transparent
#6F6F6F	115	69	112	114.5	115.5	68.5	69.5	transparent
#757575	116	69	118	115.5	116.5	68.5	69.5	transparent
#9C9C9C	117	69	157	116.5	117.5	68.5	69.5	transparent
#B8B8B8	118	69	185	117.5	118.5	68.5	69.5	transparent
#B9B9B9	119	69	186	118.5	119.5	68.5	69.5	transparent
#ABABAB	120	69	172	119.5	120.5	68.5	69.5	transparent
#999999	121	69	154	120.5	121.5	68.5	69.5	transparent
#8E8E8E	122	69	143	121.5	122.5	68.5	69.5	transparent
#838383	123	69	132	122.5	123.5	68.5	69.5	transparent
#7A7A7A	124	69	123	123.5	124.5	68.5	69.5	transparent
#747474	125	69	117	124.5	125.5	68.5	69.5	transparent
#6C6C6C	126	69	109	125.5	126.5	68.5	69.5	transparent
#6B6B6B	127	69	108	126.5	127.5	68.5	69.5	transparent
#676767	128	69	104	127.5	128.5	68.5	69.5	transparent
#626262	129	69	99	128.5	129.5	68.5	69.5	transparent
#616161	130	69	98	129.5	130.5	68.5	69.5	transparent
#5A5A5A	131	69	91	130.5	131.5	68.5	69.5	transparent
#525252	132	69	83	131.5	132.5	68.5	69.5	transparent
#444444	133	69	69	132.5	133.5	68.5	69.5	transparent
#313131	134	69	50	133.5	134.5	68.5	69.5	transparent
#232323	135	69	36	134.5	135.5	68.5	69.5	transparent
#1A1A1A	136	69	27	135.5	136.5	68.5	69.5	transparent
#131313	137	69	20	136.5	137.5	68.5	69.5	transparent
#0F0F0F	138	69	16	137.5	138.5	68.5	69.5	transparent
#373737	139	69	56	138.5	139.5	68.5	69.5	transparent
#131313	0	68	20	-0.5	0.5	67.5	68.5	transparent
#131313	1	68	20	0.5	1.5	67.5	68.5	transparent
#131313	2	68	20	1.5	2.5	67.5	68.5	transparent
#121212	3	68	19	2.5	3.5	67.5	68.5	transparent
#101010	4	68	17	3.5	4.5	67.5	68.5	transparent
#101010	5	68	17	4.5	5.5	67.5	68.5	transparent
#0F0F0F	6	68	16	5.5	6.5	67.5	68.5	transparent
#121212	7	68	19	6.5	7.5	67.5	68.5	transparent
#161616	8	68	23	7.5	8.5	67.5	68.5	transparent
#222222	9	68	35	8.5	9.5	67.5	68.5	transparent
#2C2C2C	10	68	45	9.5	10.5	67.5	68.5	transparent
#383838	11	68	57	10.5	11.5	67.5	68.5	transparent
#424242	12	68	67	11.5	12.5	67.5	68.5	transparent
#474747	13	68	72	12.5	13.5	67.5	68.5	transparent
#4E4E4E	14	68	79	13.5	14.5	67.5	68.5	transparent
#535353	15	68	84	14.5	15.5	67.5	68.5	transparent
#575757	16	68	88	15.5	16.5	67.5	68.5	transparent
#5C5C5C	17	68	93	16.5	17.5	67.5	68.5	transparent
#626262	18	68	99	17.5	18.5	67.5	68.5	transparent
#6A6A6A	19	68	107	18.5	19.5	67.5	68.5	transparent
#757575	20	68	118	19.5	20.5	67.5	68.5	transparent
#888888	21	68	137	20.5	21.5	67.5	68.5	transparent
#9C9C9C	22	68	157	21.5	22.5	67.5	68.5	transparent
#A5A5A5	23	68	166	22.5	23.5	67.5	68.5	transparent
#A6A6A6	24	68	167	23.5	24.5	67.5	68.5	transparent
#7B7B7B	25	68	124	24.5	25.5	67.5	68.5	transparent
#606060	26	68	97	25.5	26.5	67.5	68.5	transparent
#545454	27	68	85	26.5	27.5	67.5	68.5	transparent
#4E4E4E	28	68	79	27.5	28.5	67.5	68.5	transparent
#434343	29	68	68	28.5	29.5	67.5	68.5	transparent
#393939	30	68	58	29.5	30.5	67.5	68.5	transparent
#303030	31	68	49	30.5	31.5	67.5	68.5	transparent
#2C2C2C	32	68	45	31.5	32.5	67.5	68.5	transparent
#2F2F2F	33	68	48	32.5	33.5	67.5	68.5	transparent
#303030	34	68	49	33.5	34.5	67.5	68.5	transparent
#323232	35	68	51	34.5	35.5	67.5	68.5	transparent
#333333	36	68	52	35.5	36.5	67.5	68.5	transparent
#353535	37	68	54	36.5	37.5	67.5	68.5	transparent
#373737	38	68	56	37.5	38.5	67.5	68.5	transparent
#313131	39	68	50	38.5	39.5	67.5	68.5	transparent
#2C2C2C	40	68	45	39.5	40.5	67.5	68.5	transparent
#272727	41	68	40	40.5	41.5	67.5	68.5	transparent
#242424	42	68	37	41.5	42.5	67.5	68.5	transparent
#262626	43	68	39	42.5	43.5	67.5	68.5	transparent
#272727	44	68	40	43.5	44.5	67.5	68.5	transparent
#282828	45	68	41	44.5	45.5	67.5	68.5	transparent
#272727	46	68	40	45.5	46.5	67.5	68.5	transparent
#252525	47	68	38	46.5	47.5	67.5	68.5	transparent
#252525	48	68	38	47.5	48.5	67.5	68.5	transparent
#2B2B2B	49	68	44	48.5	49.5	67.5	68.5	transparent
#3A3A3A	50	68	59	49.5	50.5	67.5	68.5	transparent
#474747	51	68	72	50.5	51.5	67.5	68.5	transparent
#494949	52	68	74	51.5	52.5	67.5	68.5	transparent
#484848	53	68	73	52.5	53.5	67.5	68.5	transparent
#444444	54	68	69	53.5	54.5	67.5	68.5	transparent
#3F3F3F	55	68	64	54.5	55.5	67.5	68.5	transparent
#444444	56	68	69	55.5	56.5	67.5	68.5	transparent
#434343	57	68	68	56.5	57.5	67.5	68.5	transparent
#3C3C3C	58	68	61	57.5	58.5	67.5	68.5	transparent
#434343	59	68	68	58.5	59.5	67.5	68.5	transparent
#4B4B4B	60	68	76	59.5	60.5	67.5	68.5	transparent
#5B5B5B	61	68	92	60.5	61.5	67.5	68.5	transparent
#787878	62	68	121	61.5	62.5	67.5	68.5	transparent
#8E8E8E	63	68	143	62.5	63.5	67.5	68.5	transparent
#989898	64	68	153	63.5	64.5	67.5	68.5	transparent
#A5A5A5	65	68	166	64.5	65.5	67.5	68.5	transparent
#A9A9A9	66	68	170	65.5	66.5	67.5	68.5	transparent
#AAAAAA	67	68	171	66.5	67.5	67.5	68.5	transparent
#ABABAB	68	68	172	67.5	68.5	67.5	68.5	transparent
#ADADAD	69	68	174	68.5	69.5	67.5	68.5	transparent
#B4B4B4	70	68	181	69.5	70.5	67.5	68.5	transparent
#BDBDBD	71	68	190	70.5	71.5	67.5	68.5	transparent
#C2C2C2	72	68	195	71.5	72.5	67.5	68.5	transparent
#C4C4C4	73	68	197	72.5	73.5	67.5	68.5	transparent
#C4C4C4	74	68	197	73.5	74.5	67.5	68.5	transparent
#C2C2C2	75	68	195	74.5	75.5	67.5	68.5	transparent
#BDBDBD	76	68	190	75.5	76.5	67.5	68.5	transparent
#B1B1B1	77	68	178	76.5	77.5	67.5	68.5	transparent
#9E9E9E	78	68	159	77.5	78.5	67.5	68.5	transparent
#949494	79	68	149	78.5	79.5	67.5	68.5	transparent
#929292	80	68	147	79.5	80.5	67.5	68.5	transparent
#929292	81	68	147	80.5	81.5	67.5	68.5	transparent
#8C8C8C	82	68	141	81.5	82.5	67.5	68.5	transparent
#868686	83	68	135	82.5	83.5	67.5	68.5	transparent
#7E7E7E	84	68	127	83.5	84.5	67.5	68.5	transparent
#777777	85	68	120	84.5	85.5	67.5	68.5	transparent
#797979	86	68	122	85.5	86.5	67.5	68.5	transparent
#676767	87	68	104	86.5	87.5	67.5	68.5	transparent
#5C5C5C	88	68	93	87.5	88.5	67.5	68.5	transparent
#565656	89	68	87	88.5	89.5	67.5	68.5	transparent
#3B3B3B	90	68	60	89.5	90.5	67.5	68.5	transparent
#333333	91	68	52	90.5	91.5	67.5	68.5	transparent
#3A3A3A	92	68	59	91.5	92.5	67.5	68.5	transparent
#393939	93	68	58	92.5	93.5	67.5	68.5	transparent
#373737	94	68	56	93.5	94.5	67.5	68.5	transparent
#333333	95	68	52	94.5	95.5	67.5	68.5	transparent
#313131	96	68	50	95.5	96.5	67.5	68.5	transparent
#363636	97	68	55	96.5	97.5	67.5	68.5	transparent
#303030	98	68	49	97.5	98.5	67.5	68.5	transparent
#303030	99	68	49	98.5	99.5	67.5	68.5	transparent
#363636	100	68	55	99.5	100.5	67.5	68.5	transparent
#353535	101	68	54	100.5	101.5	67.5	68.5	transparent
#303030	102	68	49	101.5	102.5	67.5	68.5	transparent
#323232	103	68	51	102.5	103.5	67.5	68.5	transparent
#333333	104	68	52	103.5	104.5	67.5	68.5	transparent
#373737	105	68	56	104.5	105.5	67.5	68.5	transparent
#3E3E3E	106	68	63	105.5	106.5	67.5	68.5	transparent
#3D3D3D	107	68	62	106.5	107.5	67.5	68.5	transparent
#3D3D3D	108	68	62	107.5	108.5	67.5	68.5	transparent
#444444	109	68	69	108.5	109.5	67.5	68.5	transparent
#4B4B4B	110	68	76	109.5	110.5	67.5	68.5	transparent
#545454	111	68	85	110.5	111.5	67.5	68.5	transparent
#595959	112	68	90	111.5	112.5	67.5	68.5	transparent
#5D5D5D	113	68	94	112.5	113.5	67.5	68.5	transparent
#616161	114	68	98	113.5	114.5	67.5	68.5	transparent
#6E6E6E	115	68	111	114.5	115.5	67.5	68.5	transparent
#7D7D7D	116	68	126	115.5	116.5	67.5	68.5	transparent
#979797	117	68	152	116.5	117.5	67.5	68.5	transparent
#B7B7B7	118	68	184	117.5	118.5	67.5	68.5	transparent
#B6B6B6	119	68	183	118.5	119.5	67.5	68.5	transparent
#ACACAC	120	68	173	119.5	120.5	67.5	68.5	transparent
#989898	121	68	153	120.5	121.5	67.5	68.5	transparent
#8D8D8D	122	68	142	121.5	122.5	67.5	68.5	transparent
#828282	123	68	131	122.5	123.5	67.5	68.5	transparent
#787878	124	68	121	123.5	124.5	67.5	68.5	transparent
#747474	125	68	117	124.5	125.5	67.5	68.5	transparent
#6D6D6D	126	68	110	125.5	126.5	67.5	68.5	transparent
#6B6B6B	127	68	108	126.5	127.5	67.5	68.5	transparent
#666666	128	68	103	127.5	128.5	67.5	68.5	transparent
#616161	129	68	98	128.5	129.5	67.5	68.5	transparent
#5F5F5F	130	68	96	129.5	130.5	67.5	68.5	transparent
#575757	131	68	88	130.5	131.5	67.5	68.5	transparent
#4E4E4E	132	68	79	131.5	132.5	67.5	68.5	transparent
#3F3F3F	133	68	64	132.5	133.5	67.5	68.5	transparent
#2B2B2B	134	68	44	133.5	134.5	67.5	68.5	transparent
#1F1F1F	135	68	32	134.5	135.5	67.5	68.5	transparent
#171717	136	68	24	135.5	136.5	67.5	68.5	transparent
#0B0B0B	137	68	12	136.5	137.5	67.5	68.5	transparent
#0F0F0F	138	68	16	137.5	138.5	67.5	68.5	transparent
#3B3B3B	139	68	60	138.5	139.5	67.5	68.5	transparent
#131313	0	67	20	-0.5	0.5	66.5	67.5	transparent
#131313	1	67	20	0.5	1.5	66.5	67.5	transparent
#131313	2	67	20	1.5	2.5	66.5	67.5	transparent
#121212	3	67	19	2.5	3.5	66.5	67.5	transparent
#111111	4	67	18	3.5	4.5	66.5	67.5	transparent
#101010	5	67	17	4.5	5.5	66.5	67.5	transparent
#0F0F0F	6	67	16	5.5	6.5	66.5	67.5	transparent
#0F0F0F	7	67	16	6.5	7.5	66.5	67.5	transparent
#131313	8	67	20	7.5	8.5	66.5	67.5	transparent
#1D1D1D	9	67	30	8.5	9.5	66.5	67.5	transparent
#292929	10	67	42	9.5	10.5	66.5	67.5	transparent
#343434	11	67	53	10.5	11.5	66.5	67.5	transparent
#3F3F3F	12	67	64	11.5	12.5	66.5	67.5	transparent
#454545	13	67	70	12.5	13.5	66.5	67.5	transparent
#4C4C4C	14	67	77	13.5	14.5	66.5	67.5	transparent
#525252	15	67	83	14.5	15.5	66.5	67.5	transparent
#565656	16	67	87	15.5	16.5	66.5	67.5	transparent
#5B5B5B	17	67	92	16.5	17.5	66.5	67.5	transparent
#616161	18	67	98	17.5	18.5	66.5	67.5	transparent
#6A6A6A	19	67	107	18.5	19.5	66.5	67.5	transparent
#747474	20	67	117	19.5	20.5	66.5	67.5	transparent
#898989	21	67	138	20.5	21.5	66.5	67.5	transparent
#979797	22	67	152	21.5	22.5	66.5	67.5	transparent
#A4A4A4	23	67	165	22.5	23.5	66.5	67.5	transparent
#AAAAAA	24	67	171	23.5	24.5	66.5	67.5	transparent
#787878	25	67	121	24.5	25.5	66.5	67.5	transparent
#626262	26	67	99	25.5	26.5	66.5	67.5	transparent
#595959	27	67	90	26.5	27.5	66.5	67.5	transparent
#454545	28	67	70	27.5	28.5	66.5	67.5	transparent
#353535	29	67	54	28.5	29.5	66.5	67.5	transparent
#303030	30	67	49	29.5	30.5	66.5	67.5	transparent
#2D2D2D	31	67	46	30.5	31.5	66.5	67.5	transparent
#2B2B2B	32	67	44	31.5	32.5	66.5	67.5	transparent
#2D2D2D	33	67	46	32.5	33.5	66.5	67.5	transparent
#323232	34	67	51	33.5	34.5	66.5	67.5	transparent
#363636	35	67	55	34.5	35.5	66.5	67.5	transparent
#353535	36	67	54	35.5	36.5	66.5	67.5	transparent
#383838	37	67	57	36.5	37.5	66.5	67.5	transparent
#373737	38	67	56	37.5	38.5	66.5	67.5	transparent
#2F2F2F	39	67	48	38.5	39.5	66.5	67.5	transparent
#2B2B2B	40	67	44	39.5	40.5	66.5	67.5	transparent
#272727	41	67	40	40.5	41.5	66.5	67.5	transparent
#292929	42	67	42	41.5	42.5	66.5	67.5	transparent
#2E2E2E	43	67	47	42.5	43.5	66.5	67.5	transparent
#2C2C2C	44	67	45	43.5	44.5	66.5	67.5	transparent
#272727	45	67	40	44.5	45.5	66.5	67.5	transparent
#252525	46	67	38	45.5	46.5	66.5	67.5	transparent
#282828	47	67	41	46.5	47.5	66.5	67.5	transparent
#313131	48	67	50	47.5	48.5	66.5	67.5	transparent
#373737	49	67	56	48.5	49.5	66.5	67.5	transparent
#474747	50	67	72	49.5	50.5	66.5	67.5	transparent
#545454	51	67	85	50.5	51.5	66.5	67.5	transparent
#525252	52	67	83	51.5	52.5	66.5	67.5	transparent
#4C4C4C	53	67	77	52.5	53.5	66.5	67.5	transparent
#474747	54	67	72	53.5	54.5	66.5	67.5	transparent
#424242	55	67	67	54.5	55.5	66.5	67.5	transparent
#4C4C4C	56	67	77	55.5	56.5	66.5	67.5	transparent
#505050	57	67	81	56.5	57.5	66.5	67.5	transparent
#484848	58	67	73	57.5	58.5	66.5	67.5	transparent
#4B4B4B	59	67	76	58.5	59.5	66.5	67.5	transparent
#545454	60	67	85	59.5	60.5	66.5	67.5	transparent
#626262	61	67	99	60.5	61.5	66.5	67.5	transparent
#787878	62	67	121	61.5	62.5	66.5	67.5	transparent
#8E8E8E	63	67	143	62.5	63.5	66.5	67.5	transparent
#999999	64	67	154	63.5	64.5	66.5	67.5	transparent
#A9A9A9	65	67	170	64.5	65.5	66.5	67.5	transparent
#AAAAAA	66	67	171	65.5	66.5	66.5	67.5	transparent
#AAAAAA	67	67	171	66.5	67.5	66.5	67.5	transparent
#ADADAD	68	67	174	67.5	68.5	66.5	67.5	transparent
#AEAEAE	69	67	175	68.5	69.5	66.5	67.5	transparent
#B4B4B4	70	67	181	69.5	70.5	66.5	67.5	transparent
#BDBDBD	71	67	190	70.5	71.5	66.5	67.5	transparent
#C4C4C4	72	67	197	71.5	72.5	66.5	67.5	transparent
#C6C6C6	73	67	199	72.5	73.5	66.5	67.5	transparent
#C6C6C6	74	67	199	73.5	74.5	66.5	67.5	transparent
#C3C3C3	75	67	196	74.5	75.5	66.5	67.5	transparent
#BFBFBF	76	67	192	75.5	76.5	66.5	67.5	transparent
#B2B2B2	77	67	179	76.5	77.5	66.5	67.5	transparent
#A0A0A0	78	67	161	77.5	78.5	66.5	67.5	transparent
#959595	79	67	150	78.5	79.5	66.5	67.5	transparent
#959595	80	67	150	79.5	80.5	66.5	67.5	transparent
#959595	81	67	150	80.5	81.5	66.5	67.5	transparent
#929292	82	67	147	81.5	82.5	66.5	67.5	transparent
#8A8A8A	83	67	139	82.5	83.5	66.5	67.5	transparent
#828282	84	67	131	83.5	84.5	66.5	67.5	transparent
#7B7B7B	85	67	124	84.5	85.5	66.5	67.5	transparent
#797979	86	67	122	85.5	86.5	66.5	67.5	transparent
#787878	87	67	121	86.5	87.5	66.5	67.5	transparent
#606060	88	67	97	87.5	88.5	66.5	67.5	transparent
#575757	89	67	88	88.5	89.5	66.5	67.5	transparent
#474747	90	67	72	89.5	90.5	66.5	67.5	transparent
#323232	91	67	51	90.5	91.5	66.5	67.5	transparent
#373737	92	67	56	91.5	92.5	66.5	67.5	transparent
#3B3B3B	93	67	60	92.5	93.5	66.5	67.5	transparent
#353535	94	67	54	93.5	94.5	66.5	67.5	transparent
#323232	95	67	51	94.5	95.5	66.5	67.5	transparent
#2F2F2F	96	67	48	95.5	96.5	66.5	67.5	transparent
#303030	97	67	49	96.5	97.5	66.5	67.5	transparent
#313131	98	67	50	97.5	98.5	66.5	67.5	transparent
#2C2C2C	99	67	45	98.5	99.5	66.5	67.5	transparent
#313131	100	67	50	99.5	100.5	66.5	67.5	transparent
#353535	101	67	54	100.5	101.5	66.5	67.5	transparent
#343434	102	67	53	101.5	102.5	66.5	67.5	transparent
#343434	103	67	53	102.5	103.5	66.5	67.5	transparent
#363636	104	67	55	103.5	104.5	66.5	67.5	transparent
#3A3A3A	105	67	59	104.5	105.5	66.5	67.5	transparent
#3D3D3D	106	67	62	105.5	106.5	66.5	67.5	transparent
#3C3C3C	107	67	61	106.5	107.5	66.5	67.5	transparent
#3F3F3F	108	67	64	107.5	108.5	66.5	67.5	transparent
#3F3F3F	109	67	64	108.5	109.5	66.5	67.5	transparent
#3F3F3F	110	67	64	109.5	110.5	66.5	67.5	transparent
#444444	111	67	69	110.5	111.5	66.5	67.5	transparent
#505050	112	67	81	111.5	112.5	66.5	67.5	transparent
#5C5C5C	113	67	93	112.5	113.5	66.5	67.5	transparent
#646464	114	67	101	113.5	114.5	66.5	67.5	transparent
#6C6C6C	115	67	109	114.5	115.5	66.5	67.5	transparent
#7E7E7E	116	67	127	115.5	116.5	66.5	67.5	transparent
#969696	117	67	151	116.5	117.5	66.5	67.5	transparent
#B6B6B6	118	67	183	117.5	118.5	66.5	67.5	transparent
#B4B4B4	119	67	181	118.5	119.5	66.5	67.5	transparent
#ACACAC	120	67	173	119.5	120.5	66.5	67.5	transparent
#979797	121	67	152	120.5	121.5	66.5	67.5	transparent
#8D8D8D	122	67	142	121.5	122.5	66.5	67.5	transparent
#828282	123	67	131	122.5	123.5	66.5	67.5	transparent
#787878	124	67	121	123.5	124.5	66.5	67.5	transparent
#757575	125	67	118	124.5	125.5	66.5	67.5	transparent
#6F6F6F	126	67	112	125.5	126.5	66.5	67.5	transparent
#696969	127	67	106	126.5	127.5	66.5	67.5	transparent
#656565	128	67	102	127.5	128.5	66.5	67.5	transparent
#5F5F5F	129	67	96	128.5	129.5	66.5	67.5	transparent
#5D5D5D	130	67	94	129.5	130.5	66.5	67.5	transparent
#545454	131	67	85	130.5	131.5	66.5	67.5	transparent
#4A4A4A	132	67	75	131.5	132.5	66.5	67.5	transparent
#393939	133	67	58	132.5	133.5	66.5	67.5	transparent
#262626	134	67	39	133.5	134.5	66.5	67.5	transparent
#1A1A1A	135	67	27	134.5	135.5	66.5	67.5	transparent
#111111	136	67	18	135.5	136.5	66.5	67.5	transparent
#070707	137	67	8	136.5	137.5	66.5	67.5	transparent
#111111	138	67	18	137.5	138.5	66.5	67.5	transparent
#3E3E3E	139	67	63	138.5	139.5	66.5	67.5	transparent
#131313	0	66	20	-0.5	0.5	65.5	66.5	transparent
#131313	1	66	20	0.5	1.5	65.5	66.5	transparent
#131313	2	66	20	1.5	2.5	65.5	66.5	transparent
#121212	3	66	19	2.5	3.5	65.5	66.5	transparent
#111111	4	66	18	3.5	4.5	65.5	66.5	transparent
#101010	5	66	17	4.5	5.5	65.5	66.5	transparent
#0F0F0F	6	66	16	5.5	6.5	65.5	66.5	transparent
#0F0F0F	7	66	16	6.5	7.5	65.5	66.5	transparent
#121212	8	66	19	7.5	8.5	65.5	66.5	transparent
#1B1B1B	9	66	28	8.5	9.5	65.5	66.5	transparent
#262626	10	66	39	9.5	10.5	65.5	66.5	transparent
#333333	11	66	52	10.5	11.5	65.5	66.5	transparent
#3E3E3E	12	66	63	11.5	12.5	65.5	66.5	transparent
#434343	13	66	68	12.5	13.5	65.5	66.5	transparent
#4B4B4B	14	66	76	13.5	14.5	65.5	66.5	transparent
#515151	15	66	82	14.5	15.5	65.5	66.5	transparent
#555555	16	66	86	15.5	16.5	65.5	66.5	transparent
#5A5A5A	17	66	91	16.5	17.5	65.5	66.5	transparent
#616161	18	66	98	17.5	18.5	65.5	66.5	transparent
#6A6A6A	19	66	107	18.5	19.5	65.5	66.5	transparent
#747474	20	66	117	19.5	20.5	65.5	66.5	transparent
#898989	21	66	138	20.5	21.5	65.5	66.5	transparent
#969696	22	66	151	21.5	22.5	65.5	66.5	transparent
#A5A5A5	23	66	166	22.5	23.5	65.5	66.5	transparent
#AAAAAA	24	66	171	23.5	24.5	65.5	66.5	transparent
#767676	25	66	119	24.5	25.5	65.5	66.5	transparent
#656565	26	66	102	25.5	26.5	65.5	66.5	transparent
#515151	27	66	82	26.5	27.5	65.5	66.5	transparent
#313131	28	66	50	27.5	28.5	65.5	66.5	transparent
#2B2B2B	29	66	44	28.5	29.5	65.5	66.5	transparent
#2A2A2A	30	66	43	29.5	30.5	65.5	66.5	transparent
#2D2D2D	31	66	46	30.5	31.5	65.5	66.5	transparent
#2F2F2F	32	66	48	31.5	32.5	65.5	66.5	transparent
#2F2F2F	33	66	48	32.5	33.5	65.5	66.5	transparent
#333333	34	66	52	33.5	34.5	65.5	66.5	transparent
#343434	35	66	53	34.5	35.5	65.5	66.5	transparent
#363636	36	66	55	35.5	36.5	65.5	66.5	transparent
#383838	37	66	57	36.5	37.5	65.5	66.5	transparent
#323232	38	66	51	37.5	38.5	65.5	66.5	transparent
#2B2B2B	39	66	44	38.5	39.5	65.5	66.5	transparent
#2B2B2B	40	66	44	39.5	40.5	65.5	66.5	transparent
#2F2F2F	41	66	48	40.5	41.5	65.5	66.5	transparent
#353535	42	66	54	41.5	42.5	65.5	66.5	transparent
#383838	43	66	57	42.5	43.5	65.5	66.5	transparent
#363636	44	66	55	43.5	44.5	65.5	66.5	transparent
#323232	45	66	51	44.5	45.5	65.5	66.5	transparent
#343434	46	66	53	45.5	46.5	65.5	66.5	transparent
#353535	47	66	54	46.5	47.5	65.5	66.5	transparent
#393939	48	66	58	47.5	48.5	65.5	66.5	transparent
#3B3B3B	49	66	60	48.5	49.5	65.5	66.5	transparent
#4D4D4D	50	66	78	49.5	50.5	65.5	66.5	transparent
#575757	51	66	88	50.5	51.5	65.5	66.5	transparent
#545454	52	66	85	51.5	52.5	65.5	66.5	transparent
#4D4D4D	53	66	78	52.5	53.5	65.5	66.5	transparent
#454545	54	66	70	53.5	54.5	65.5	66.5	transparent
#484848	55	66	73	54.5	55.5	65.5	66.5	transparent
#535353	56	66	84	55.5	56.5	65.5	66.5	transparent
#555555	57	66	86	56.5	57.5	65.5	66.5	transparent
#535353	58	66	84	57.5	58.5	65.5	66.5	transparent
#585858	59	66	89	58.5	59.5	65.5	66.5	transparent
#656565	60	66	102	59.5	60.5	65.5	66.5	transparent
#707070	61	66	113	60.5	61.5	65.5	66.5	transparent
#7C7C7C	62	66	125	61.5	62.5	65.5	66.5	transparent
#8F8F8F	63	66	144	62.5	63.5	65.5	66.5	transparent
#9E9E9E	64	66	159	63.5	64.5	65.5	66.5	transparent
#ACACAC	65	66	173	64.5	65.5	65.5	66.5	transparent
#AEAEAE	66	66	175	65.5	66.5	65.5	66.5	transparent
#AFAFAF	67	66	176	66.5	67.5	65.5	66.5	transparent
#B2B2B2	68	66	179	67.5	68.5	65.5	66.5	transparent
#B3B3B3	69	66	180	68.5	69.5	65.5	66.5	transparent
#B6B6B6	70	66	183	69.5	70.5	65.5	66.5	transparent
#C0C0C0	71	66	193	70.5	71.5	65.5	66.5	transparent
#C6C6C6	72	66	199	71.5	72.5	65.5	66.5	transparent
#C8C8C8	73	66	201	72.5	73.5	65.5	66.5	transparent
#C9C9C9	74	66	202	73.5	74.5	65.5	66.5	transparent
#C8C8C8	75	66	201	74.5	75.5	65.5	66.5	transparent
#C3C3C3	76	66	196	75.5	76.5	65.5	66.5	transparent
#B6B6B6	77	66	183	76.5	77.5	65.5	66.5	transparent
#A4A4A4	78	66	165	77.5	78.5	65.5	66.5	transparent
#999999	79	66	154	78.5	79.5	65.5	66.5	transparent
#9A9A9A	80	66	155	79.5	80.5	65.5	66.5	transparent
#9C9C9C	81	66	157	80.5	81.5	65.5	66.5	transparent
#979797	82	66	152	81.5	82.5	65.5	66.5	transparent
#919191	83	66	146	82.5	83.5	65.5	66.5	transparent
#8B8B8B	84	66	140	83.5	84.5	65.5	66.5	transparent
#878787	85	66	136	84.5	85.5	65.5	66.5	transparent
#7D7D7D	86	66	126	85.5	86.5	65.5	66.5	transparent
#797979	87	66	122	86.5	87.5	65.5	66.5	transparent
#6B6B6B	88	66	108	87.5	88.5	65.5	66.5	transparent
#5E5E5E	89	66	95	88.5	89.5	65.5	66.5	transparent
#565656	90	66	87	89.5	90.5	65.5	66.5	transparent
#454545	91	66	70	90.5	91.5	65.5	66.5	transparent
#3C3C3C	92	66	61	91.5	92.5	65.5	66.5	transparent
#3B3B3B	93	66	60	92.5	93.5	65.5	66.5	transparent
#353535	94	66	54	93.5	94.5	65.5	66.5	transparent
#343434	95	66	53	94.5	95.5	65.5	66.5	transparent
#303030	96	66	49	95.5	96.5	65.5	66.5	transparent
#292929	97	66	42	96.5	97.5	65.5	66.5	transparent
#2E2E2E	98	66	47	97.5	98.5	65.5	66.5	transparent
#2F2F2F	99	66	48	98.5	99.5	65.5	66.5	transparent
#2F2F2F	100	66	48	99.5	100.5	65.5	66.5	transparent
#353535	101	66	54	100.5	101.5	65.5	66.5	transparent
#353535	102	66	54	101.5	102.5	65.5	66.5	transparent
#353535	103	66	54	102.5	103.5	65.5	66.5	transparent
#363636	104	66	55	103.5	104.5	65.5	66.5	transparent
#383838	105	66	57	104.5	105.5	65.5	66.5	transparent
#3D3D3D	106	66	62	105.5	106.5	65.5	66.5	transparent
#3D3D3D	107	66	62	106.5	107.5	65.5	66.5	transparent
#3D3D3D	108	66	62	107.5	108.5	65.5	66.5	transparent
#3E3E3E	109	66	63	108.5	109.5	65.5	66.5	transparent
#3D3D3D	110	66	62	109.5	110.5	65.5	66.5	transparent
#3C3C3C	111	66	61	110.5	111.5	65.5	66.5	transparent
#414141	112	66	66	111.5	112.5	65.5	66.5	transparent
#4E4E4E	113	66	79	112.5	113.5	65.5	66.5	transparent
#636363	114	66	100	113.5	114.5	65.5	66.5	transparent
#6D6D6D	115	66	110	114.5	115.5	65.5	66.5	transparent
#7C7C7C	116	66	125	115.5	116.5	65.5	66.5	transparent
#939393	117	66	148	116.5	117.5	65.5	66.5	transparent
#B6B6B6	118	66	183	117.5	118.5	65.5	66.5	transparent
#B2B2B2	119	66	179	118.5	119.5	65.5	66.5	transparent
#AAAAAA	120	66	171	119.5	120.5	65.5	66.5	transparent
#979797	121	66	152	120.5	121.5	65.5	66.5	transparent
#8B8B8B	122	66	140	121.5	122.5	65.5	66.5	transparent
#828282	123	66	131	122.5	123.5	65.5	66.5	transparent
#797979	124	66	122	123.5	124.5	65.5	66.5	transparent
#757575	125	66	118	124.5	125.5	65.5	66.5	transparent
#6E6E6E	126	66	111	125.5	126.5	65.5	66.5	transparent
#696969	127	66	106	126.5	127.5	65.5	66.5	transparent
#646464	128	66	101	127.5	128.5	65.5	66.5	transparent
#5E5E5E	129	66	95	128.5	129.5	65.5	66.5	transparent
#5B5B5B	130	66	92	129.5	130.5	65.5	66.5	transparent
#505050	131	66	81	130.5	131.5	65.5	66.5	transparent
#484848	132	66	73	131.5	132.5	65.5	66.5	transparent
#363636	133	66	55	132.5	133.5	65.5	66.5	transparent
#222222	134	66	35	133.5	134.5	65.5	66.5	transparent
#181818	135	66	25	134.5	135.5	65.5	66.5	transparent
#0E0E0E	136	66	15	135.5	136.5	65.5	66.5	transparent
#060606	137	66	7	136.5	137.5	65.5	66.5	transparent
#141414	138	66	21	137.5	138.5	65.5	66.5	transparent
#404040	139	66	65	138.5	139.5	65.5	66.5	transparent
#131313	0	65	20	-0.5	0.5	64.5	65.5	transparent
#131313	1	65	20	0.5	1.5	64.5	65.5	transparent
#131313	2	65	20	1.5	2.5	64.5	65.5	transparent
#131313	3	65	20	2.5	3.5	64.5	65.5	transparent
#121212	4	65	19	3.5	4.5	64.5	65.5	transparent
#111111	5	65	18	4.5	5.5	64.5	65.5	transparent
#0F0F0F	6	65	16	5.5	6.5	64.5	65.5	transparent
#0F0F0F	7	65	16	6.5	7.5	64.5	65.5	transparent
#111111	8	65	18	7.5	8.5	64.5	65.5	transparent
#181818	9	65	25	8.5	9.5	64.5	65.5	transparent
#222222	10	65	35	9.5	10.5	64.5	65.5	transparent
#303030	11	65	49	10.5	11.5	64.5	65.5	transparent
#3B3B3B	12	65	60	11.5	12.5	64.5	65.5	transparent
#424242	13	65	67	12.5	13.5	64.5	65.5	transparent
#494949	14	65	74	13.5	14.5	64.5	65.5	transparent
#505050	15	65	81	14.5	15.5	64.5	65.5	transparent
#545454	16	65	85	15.5	16.5	64.5	65.5	transparent
#595959	17	65	90	16.5	17.5	64.5	65.5	transparent
#616161	18	65	98	17.5	18.5	64.5	65.5	transparent
#6A6A6A	19	65	107	18.5	19.5	64.5	65.5	transparent
#757575	20	65	118	19.5	20.5	64.5	65.5	transparent
#898989	21	65	138	20.5	21.5	64.5	65.5	transparent
#959595	22	65	150	21.5	22.5	64.5	65.5	transparent
#A7A7A7	23	65	168	22.5	23.5	64.5	65.5	transparent
#A8A8A8	24	65	169	23.5	24.5	64.5	65.5	transparent
#7A7A7A	25	65	123	24.5	25.5	64.5	65.5	transparent
#5D5D5D	26	65	94	25.5	26.5	64.5	65.5	transparent
#3D3D3D	27	65	62	26.5	27.5	64.5	65.5	transparent
#2D2D2D	28	65	46	27.5	28.5	64.5	65.5	transparent
#252525	29	65	38	28.5	29.5	64.5	65.5	transparent
#272727	30	65	40	29.5	30.5	64.5	65.5	transparent
#2A2A2A	31	65	43	30.5	31.5	64.5	65.5	transparent
#2C2C2C	32	65	45	31.5	32.5	64.5	65.5	transparent
#2E2E2E	33	65	47	32.5	33.5	64.5	65.5	transparent
#2D2D2D	34	65	46	33.5	34.5	64.5	65.5	transparent
#2D2D2D	35	65	46	34.5	35.5	64.5	65.5	transparent
#343434	36	65	53	35.5	36.5	64.5	65.5	transparent
#333333	37	65	52	36.5	37.5	64.5	65.5	transparent
#333333	38	65	52	37.5	38.5	64.5	65.5	transparent
#343434	39	65	53	38.5	39.5	64.5	65.5	transparent
#343434	40	65	53	39.5	40.5	64.5	65.5	transparent
#363636	41	65	55	40.5	41.5	64.5	65.5	transparent
#3A3A3A	42	65	59	41.5	42.5	64.5	65.5	transparent
#3E3E3E	43	65	63	42.5	43.5	64.5	65.5	transparent
#3E3E3E	44	65	63	43.5	44.5	64.5	65.5	transparent
#404040	45	65	65	44.5	45.5	64.5	65.5	transparent
#3E3E3E	46	65	63	45.5	46.5	64.5	65.5	transparent
#3F3F3F	47	65	64	46.5	47.5	64.5	65.5	transparent
#3D3D3D	48	65	62	47.5	48.5	64.5	65.5	transparent
#404040	49	65	65	48.5	49.5	64.5	65.5	transparent
#4D4D4D	50	65	78	49.5	50.5	64.5	65.5	transparent
#575757	51	65	88	50.5	51.5	64.5	65.5	transparent
#595959	52	65	90	51.5	52.5	64.5	65.5	transparent
#4A4A4A	53	65	75	52.5	53.5	64.5	65.5	transparent
#444444	54	65	69	53.5	54.5	64.5	65.5	transparent
#454545	55	65	70	54.5	55.5	64.5	65.5	transparent
#474747	56	65	72	55.5	56.5	64.5	65.5	transparent
#4C4C4C	57	65	77	56.5	57.5	64.5	65.5	transparent
#565656	58	65	87	57.5	58.5	64.5	65.5	transparent
#606060	59	65	97	58.5	59.5	64.5	65.5	transparent
#727272	60	65	115	59.5	60.5	64.5	65.5	transparent
#828282	61	65	131	60.5	61.5	64.5	65.5	transparent
#878787	62	65	136	61.5	62.5	64.5	65.5	transparent
#929292	63	65	147	62.5	63.5	64.5	65.5	transparent
#9F9F9F	64	65	160	63.5	64.5	64.5	65.5	transparent
#ADADAD	65	65	174	64.5	65.5	64.5	65.5	transparent
#B3B3B3	66	65	180	65.5	66.5	64.5	65.5	transparent
#B2B2B2	67	65	179	66.5	67.5	64.5	65.5	transparent
#B3B3B3	68	65	180	67.5	68.5	64.5	65.5	transparent
#B3B3B3	69	65	180	68.5	69.5	64.5	65.5	transparent
#B5B5B5	70	65	182	69.5	70.5	64.5	65.5	transparent
#BFBFBF	71	65	192	70.5	71.5	64.5	65.5	transparent
#C6C6C6	72	65	199	71.5	72.5	64.5	65.5	transparent
#C8C8C8	73	65	201	72.5	73.5	64.5	65.5	transparent
#C9C9C9	74	65	202	73.5	74.5	64.5	65.5	transparent
#C9C9C9	75	65	202	74.5	75.5	64.5	65.5	transparent
#C3C3C3	76	65	196	75.5	76.5	64.5	65.5	transparent
#B6B6B6	77	65	183	76.5	77.5	64.5	65.5	transparent
#A5A5A5	78	65	166	77.5	78.5	64.5	65.5	transparent
#9C9C9C	79	65	157	78.5	79.5	64.5	65.5	transparent
#9F9F9F	80	65	160	79.5	80.5	64.5	65.5	transparent
#A0A0A0	81	65	161	80.5	81.5	64.5	65.5	transparent
#9A9A9A	82	65	155	81.5	82.5	64.5	65.5	transparent
#949494	83	65	149	82.5	83.5	64.5	65.5	transparent
#8F8F8F	84	65	144	83.5	84.5	64.5	65.5	transparent
#8E8E8E	85	65	143	84.5	85.5	64.5	65.5	transparent
#858585	86	65	134	85.5	86.5	64.5	65.5	transparent
#7B7B7B	87	65	124	86.5	87.5	64.5	65.5	transparent
#717171	88	65	114	87.5	88.5	64.5	65.5	transparent
#646464	89	65	101	88.5	89.5	64.5	65.5	transparent
#5E5E5E	90	65	95	89.5	90.5	64.5	65.5	transparent
#575757	91	65	88	90.5	91.5	64.5	65.5	transparent
#4B4B4B	92	65	76	91.5	92.5	64.5	65.5	transparent
#3C3C3C	93	65	61	92.5	93.5	64.5	65.5	transparent
#383838	94	65	57	93.5	94.5	64.5	65.5	transparent
#3F3F3F	95	65	64	94.5	95.5	64.5	65.5	transparent
#3B3B3B	96	65	60	95.5	96.5	64.5	65.5	transparent
#2B2B2B	97	65	44	96.5	97.5	64.5	65.5	transparent
#2C2C2C	98	65	45	97.5	98.5	64.5	65.5	transparent
#333333	99	65	52	98.5	99.5	64.5	65.5	transparent
#353535	100	65	54	99.5	100.5	64.5	65.5	transparent
#323232	101	65	51	100.5	101.5	64.5	65.5	transparent
#313131	102	65	50	101.5	102.5	64.5	65.5	transparent
#343434	103	65	53	102.5	103.5	64.5	65.5	transparent
#343434	104	65	53	103.5	104.5	64.5	65.5	transparent
#373737	105	65	56	104.5	105.5	64.5	65.5	transparent
#3A3A3A	106	65	59	105.5	106.5	64.5	65.5	transparent
#3D3D3D	107	65	62	106.5	107.5	64.5	65.5	transparent
#3D3D3D	108	65	62	107.5	108.5	64.5	65.5	transparent
#3B3B3B	109	65	60	108.5	109.5	64.5	65.5	transparent
#3A3A3A	110	65	59	109.5	110.5	64.5	65.5	transparent
#3C3C3C	111	65	61	110.5	111.5	64.5	65.5	transparent
#3F3F3F	112	65	64	111.5	112.5	64.5	65.5	transparent
#424242	113	65	67	112.5	113.5	64.5	65.5	transparent
#505050	114	65	81	113.5	114.5	64.5	65.5	transparent
#6A6A6A	115	65	107	114.5	115.5	64.5	65.5	transparent
#7B7B7B	116	65	124	115.5	116.5	64.5	65.5	transparent
#8E8E8E	117	65	143	116.5	117.5	64.5	65.5	transparent
#B6B6B6	118	65	183	117.5	118.5	64.5	65.5	transparent
#B1B1B1	119	65	178	118.5	119.5	64.5	65.5	transparent
#A6A6A6	120	65	167	119.5	120.5	64.5	65.5	transparent
#979797	121	65	152	120.5	121.5	64.5	65.5	transparent
#898989	122	65	138	121.5	122.5	64.5	65.5	transparent
#808080	123	65	129	122.5	123.5	64.5	65.5	transparent
#787878	124	65	121	123.5	124.5	64.5	65.5	transparent
#737373	125	65	116	124.5	125.5	64.5	65.5	transparent
#6E6E6E	126	65	111	125.5	126.5	64.5	65.5	transparent
#696969	127	65	106	126.5	127.5	64.5	65.5	transparent
#636363	128	65	100	127.5	128.5	64.5	65.5	transparent
#5C5C5C	129	65	93	128.5	129.5	64.5	65.5	transparent
#585858	130	65	89	129.5	130.5	64.5	65.5	transparent
#4E4E4E	131	65	79	130.5	131.5	64.5	65.5	transparent
#434343	132	65	68	131.5	132.5	64.5	65.5	transparent
#313131	133	65	50	132.5	133.5	64.5	65.5	transparent
#1F1F1F	134	65	32	133.5	134.5	64.5	65.5	transparent
#151515	135	65	22	134.5	135.5	64.5	65.5	transparent
#0A0A0A	136	65	11	135.5	136.5	64.5	65.5	transparent
#070707	137	65	8	136.5	137.5	64.5	65.5	transparent
#161616	138	65	23	137.5	138.5	64.5	65.5	transparent
#424242	139	65	67	138.5	139.5	64.5	65.5	transparent
#131313	0	64	20	-0.5	0.5	63.5	64.5	transparent
#131313	1	64	20	0.5	1.5	63.5	64.5	transparent
#131313	2	64	20	1.5	2.5	63.5	64.5	transparent
#131313	3	64	20	2.5	3.5	63.5	64.5	transparent
#121212	4	64	19	3.5	4.5	63.5	64.5	transparent
#111111	5	64	18	4.5	5.5	63.5	64.5	transparent
#0F0F0F	6	64	16	5.5	6.5	63.5	64.5	transparent
#0F0F0F	7	64	16	6.5	7.5	63.5	64.5	transparent
#111111	8	64	18	7.5	8.5	63.5	64.5	transparent
#161616	9	64	23	8.5	9.5	63.5	64.5	transparent
#1E1E1E	10	64	31	9.5	10.5	63.5	64.5	transparent
#2D2D2D	11	64	46	10.5	11.5	63.5	64.5	transparent
#373737	12	64	56	11.5	12.5	63.5	64.5	transparent
#3F3F3F	13	64	64	12.5	13.5	63.5	64.5	transparent
#474747	14	64	72	13.5	14.5	63.5	64.5	transparent
#4F4F4F	15	64	80	14.5	15.5	63.5	64.5	transparent
#535353	16	64	84	15.5	16.5	63.5	64.5	transparent
#575757	17	64	88	16.5	17.5	63.5	64.5	transparent
#606060	18	64	97	17.5	18.5	63.5	64.5	transparent
#696969	19	64	106	18.5	19.5	63.5	64.5	transparent
#747474	20	64	117	19.5	20.5	63.5	64.5	transparent
#898989	21	64	138	20.5	21.5	63.5	64.5	transparent
#979797	22	64	152	21.5	22.5	63.5	64.5	transparent
#AAAAAA	23	64	171	22.5	23.5	63.5	64.5	transparent
#A7A7A7	24	64	168	23.5	24.5	63.5	64.5	transparent
#7B7B7B	25	64	124	24.5	25.5	63.5	64.5	transparent
#4C4C4C	26	64	77	25.5	26.5	63.5	64.5	transparent
#343434	27	64	53	26.5	27.5	63.5	64.5	transparent
#2F2F2F	28	64	48	27.5	28.5	63.5	64.5	transparent
#262626	29	64	39	28.5	29.5	63.5	64.5	transparent
#252525	30	64	38	29.5	30.5	63.5	64.5	transparent
#272727	31	64	40	30.5	31.5	63.5	64.5	transparent
#282828	32	64	41	31.5	32.5	63.5	64.5	transparent
#2A2A2A	33	64	43	32.5	33.5	63.5	64.5	transparent
#2D2D2D	34	64	46	33.5	34.5	63.5	64.5	transparent
#303030	35	64	49	34.5	35.5	63.5	64.5	transparent
#343434	36	64	53	35.5	36.5	63.5	64.5	transparent
#383838	37	64	57	36.5	37.5	63.5	64.5	transparent
#3A3A3A	38	64	59	37.5	38.5	63.5	64.5	transparent
#3D3D3D	39	64	62	38.5	39.5	63.5	64.5	transparent
#383838	40	64	57	39.5	40.5	63.5	64.5	transparent
#393939	41	64	58	40.5	41.5	63.5	64.5	transparent
#3A3A3A	42	64	59	41.5	42.5	63.5	64.5	transparent
#3C3C3C	43	64	61	42.5	43.5	63.5	64.5	transparent
#3F3F3F	44	64	64	43.5	44.5	63.5	64.5	transparent
#404040	45	64	65	44.5	45.5	63.5	64.5	transparent
#424242	46	64	67	45.5	46.5	63.5	64.5	transparent
#454545	47	64	70	46.5	47.5	63.5	64.5	transparent
#3D3D3D	48	64	62	47.5	48.5	63.5	64.5	transparent
#3F3F3F	49	64	64	48.5	49.5	63.5	64.5	transparent
#4B4B4B	50	64	76	49.5	50.5	63.5	64.5	transparent
#5B5B5B	51	64	92	50.5	51.5	63.5	64.5	transparent
#616161	52	64	98	51.5	52.5	63.5	64.5	transparent
#545454	53	64	85	52.5	53.5	63.5	64.5	transparent
#484848	54	64	73	53.5	54.5	63.5	64.5	transparent
#464646	55	64	71	54.5	55.5	63.5	64.5	transparent
#444444	56	64	69	55.5	56.5	63.5	64.5	transparent
#4D4D4D	57	64	78	56.5	57.5	63.5	64.5	transparent
#5F5F5F	58	64	96	57.5	58.5	63.5	64.5	transparent
#696969	59	64	106	58.5	59.5	63.5	64.5	transparent
#747474	60	64	117	59.5	60.5	63.5	64.5	transparent
#838383	61	64	132	60.5	61.5	63.5	64.5	transparent
#8E8E8E	62	64	143	61.5	62.5	63.5	64.5	transparent
#979797	63	64	152	62.5	63.5	63.5	64.5	transparent
#9E9E9E	64	64	159	63.5	64.5	63.5	64.5	transparent
#A9A9A9	65	64	170	64.5	65.5	63.5	64.5	transparent
#B3B3B3	66	64	180	65.5	66.5	63.5	64.5	transparent
#B5B5B5	67	64	182	66.5	67.5	63.5	64.5	transparent
#B5B5B5	68	64	182	67.5	68.5	63.5	64.5	transparent
#B6B6B6	69	64	183	68.5	69.5	63.5	64.5	transparent
#B8B8B8	70	64	185	69.5	70.5	63.5	64.5	transparent
#C1C1C1	71	64	194	70.5	71.5	63.5	64.5	transparent
#C7C7C7	72	64	200	71.5	72.5	63.5	64.5	transparent
#C9C9C9	73	64	202	72.5	73.5	63.5	64.5	transparent
#CCCCCC	74	64	205	73.5	74.5	63.5	64.5	transparent
#CBCBCB	75	64	204	74.5	75.5	63.5	64.5	transparent
#C5C5C5	76	64	198	75.5	76.5	63.5	64.5	transparent
#B8B8B8	77	64	185	76.5	77.5	63.5	64.5	transparent
#A5A5A5	78	64	166	77.5	78.5	63.5	64.5	transparent
#9E9E9E	79	64	159	78.5	79.5	63.5	64.5	transparent
#A0A0A0	80	64	161	79.5	80.5	63.5	64.5	transparent
#9F9F9F	81	64	160	80.5	81.5	63.5	64.5	transparent
#9A9A9A	82	64	155	81.5	82.5	63.5	64.5	transparent
#979797	83	64	152	82.5	83.5	63.5	64.5	transparent
#959595	84	64	150	83.5	84.5	63.5	64.5	transparent
#909090	85	64	145	84.5	85.5	63.5	64.5	transparent
#8B8B8B	86	64	140	85.5	86.5	63.5	64.5	transparent
#828282	87	64	131	86.5	87.5	63.5	64.5	transparent
#7A7A7A	88	64	123	87.5	88.5	63.5	64.5	transparent
#6D6D6D	89	64	110	88.5	89.5	63.5	64.5	transparent
#656565	90	64	102	89.5	90.5	63.5	64.5	transparent
#606060	91	64	97	90.5	91.5	63.5	64.5	transparent
#585858	92	64	89	91.5	92.5	63.5	64.5	transparent
#414141	93	64	66	92.5	93.5	63.5	64.5	transparent
#3B3B3B	94	64	60	93.5	94.5	63.5	64.5	transparent
#474747	95	64	72	94.5	95.5	63.5	64.5	transparent
#4D4D4D	96	64	78	95.5	96.5	63.5	64.5	transparent
#424242	97	64	67	96.5	97.5	63.5	64.5	transparent
#393939	98	64	58	97.5	98.5	63.5	64.5	transparent
#3D3D3D	99	64	62	98.5	99.5	63.5	64.5	transparent
#3E3E3E	100	64	63	99.5	100.5	63.5	64.5	transparent
#363636	101	64	55	100.5	101.5	63.5	64.5	transparent
#333333	102	64	52	101.5	102.5	63.5	64.5	transparent
#353535	103	64	54	102.5	103.5	63.5	64.5	transparent
#353535	104	64	54	103.5	104.5	63.5	64.5	transparent
#373737	105	64	56	104.5	105.5	63.5	64.5	transparent
#393939	106	64	58	105.5	106.5	63.5	64.5	transparent
#393939	107	64	58	106.5	107.5	63.5	64.5	transparent
#393939	108	64	58	107.5	108.5	63.5	64.5	transparent
#383838	109	64	57	108.5	109.5	63.5	64.5	transparent
#3A3A3A	110	64	59	109.5	110.5	63.5	64.5	transparent
#3E3E3E	111	64	63	110.5	111.5	63.5	64.5	transparent
#3F3F3F	112	64	64	111.5	112.5	63.5	64.5	transparent
#3F3F3F	113	64	64	112.5	113.5	63.5	64.5	transparent
#434343	114	64	68	113.5	114.5	63.5	64.5	transparent
#575757	115	64	88	114.5	115.5	63.5	64.5	transparent
#787878	116	64	121	115.5	116.5	63.5	64.5	transparent
#8C8C8C	117	64	141	116.5	117.5	63.5	64.5	transparent
#B5B5B5	118	64	182	117.5	118.5	63.5	64.5	transparent
#B1B1B1	119	64	178	118.5	119.5	63.5	64.5	transparent
#A4A4A4	120	64	165	119.5	120.5	63.5	64.5	transparent
#989898	121	64	153	120.5	121.5	63.5	64.5	transparent
#898989	122	64	138	121.5	122.5	63.5	64.5	transparent
#808080	123	64	129	122.5	123.5	63.5	64.5	transparent
#787878	124	64	121	123.5	124.5	63.5	64.5	transparent
#737373	125	64	116	124.5	125.5	63.5	64.5	transparent
#6B6B6B	126	64	108	125.5	126.5	63.5	64.5	transparent
#676767	127	64	104	126.5	127.5	63.5	64.5	transparent
#626262	128	64	99	127.5	128.5	63.5	64.5	transparent
#5B5B5B	129	64	92	128.5	129.5	63.5	64.5	transparent
#555555	130	64	86	129.5	130.5	63.5	64.5	transparent
#4B4B4B	131	64	76	130.5	131.5	63.5	64.5	transparent
#3F3F3F	132	64	64	131.5	132.5	63.5	64.5	transparent
#2C2C2C	133	64	45	132.5	133.5	63.5	64.5	transparent
#1D1D1D	134	64	30	133.5	134.5	63.5	64.5	transparent
#101010	135	64	17	134.5	135.5	63.5	64.5	transparent
#080808	136	64	9	135.5	136.5	63.5	64.5	transparent
#080808	137	64	9	136.5	137.5	63.5	64.5	transparent
#171717	138	64	24	137.5	138.5	63.5	64.5	transparent
#434343	139	64	68	138.5	139.5	63.5	64.5	transparent
#131313	0	63	20	-0.5	0.5	62.5	63.5	transparent
#131313	1	63	20	0.5	1.5	62.5	63.5	transparent
#131313	2	63	20	1.5	2.5	62.5	63.5	transparent
#131313	3	63	20	2.5	3.5	62.5	63.5	transparent
#121212	4	63	19	3.5	4.5	62.5	63.5	transparent
#121212	5	63	19	4.5	5.5	62.5	63.5	transparent
#0F0F0F	6	63	16	5.5	6.5	62.5	63.5	transparent
#0F0F0F	7	63	16	6.5	7.5	62.5	63.5	transparent
#101010	8	63	17	7.5	8.5	62.5	63.5	transparent
#151515	9	63	22	8.5	9.5	62.5	63.5	transparent
#1C1C1C	10	63	29	9.5	10.5	62.5	63.5	transparent
#2A2A2A	11	63	43	10.5	11.5	62.5	63.5	transparent
#353535	12	63	54	11.5	12.5	62.5	63.5	transparent
#3D3D3D	13	63	62	12.5	13.5	62.5	63.5	transparent
#464646	14	63	71	13.5	14.5	62.5	63.5	transparent
#4E4E4E	15	63	79	14.5	15.5	62.5	63.5	transparent
#525252	16	63	83	15.5	16.5	62.5	63.5	transparent
#555555	17	63	86	16.5	17.5	62.5	63.5	transparent
#5F5F5F	18	63	96	17.5	18.5	62.5	63.5	transparent
#696969	19	63	106	18.5	19.5	62.5	63.5	transparent
#747474	20	63	117	19.5	20.5	62.5	63.5	transparent
#888888	21	63	137	20.5	21.5	62.5	63.5	transparent
#989898	22	63	153	21.5	22.5	62.5	63.5	transparent
#ACACAC	23	63	173	22.5	23.5	62.5	63.5	transparent
#A6A6A6	24	63	167	23.5	24.5	62.5	63.5	transparent
#747474	25	63	117	24.5	25.5	62.5	63.5	transparent
#404040	26	63	65	25.5	26.5	62.5	63.5	transparent
#303030	27	63	49	26.5	27.5	62.5	63.5	transparent
#2D2D2D	28	63	46	27.5	28.5	62.5	63.5	transparent
#292929	29	63	42	28.5	29.5	62.5	63.5	transparent
#242424	30	63	37	29.5	30.5	62.5	63.5	transparent
#242424	31	63	37	30.5	31.5	62.5	63.5	transparent
#272727	32	63	40	31.5	32.5	62.5	63.5	transparent
#2E2E2E	33	63	47	32.5	33.5	62.5	63.5	transparent
#343434	34	63	53	33.5	34.5	62.5	63.5	transparent
#393939	35	63	58	34.5	35.5	62.5	63.5	transparent
#373737	36	63	56	35.5	36.5	62.5	63.5	transparent
#383838	37	63	57	36.5	37.5	62.5	63.5	transparent
#393939	38	63	58	37.5	38.5	62.5	63.5	transparent
#3A3A3A	39	63	59	38.5	39.5	62.5	63.5	transparent
#3D3D3D	40	63	62	39.5	40.5	62.5	63.5	transparent
#404040	41	63	65	40.5	41.5	62.5	63.5	transparent
#3F3F3F	42	63	64	41.5	42.5	62.5	63.5	transparent
#3C3C3C	43	63	61	42.5	43.5	62.5	63.5	transparent
#404040	44	63	65	43.5	44.5	62.5	63.5	transparent
#424242	45	63	67	44.5	45.5	62.5	63.5	transparent
#464646	46	63	71	45.5	46.5	62.5	63.5	transparent
#393939	47	63	58	46.5	47.5	62.5	63.5	transparent
#333333	48	63	52	47.5	48.5	62.5	63.5	transparent
#393939	49	63	58	48.5	49.5	62.5	63.5	transparent
#484848	50	63	73	49.5	50.5	62.5	63.5	transparent
#595959	51	63	90	50.5	51.5	62.5	63.5	transparent
#5A5A5A	52	63	91	51.5	52.5	62.5	63.5	transparent
#474747	53	63	72	52.5	53.5	62.5	63.5	transparent
#3C3C3C	54	63	61	53.5	54.5	62.5	63.5	transparent
#3D3D3D	55	63	62	54.5	55.5	62.5	63.5	transparent
#3A3A3A	56	63	59	55.5	56.5	62.5	63.5	transparent
#474747	57	63	72	56.5	57.5	62.5	63.5	transparent
#5F5F5F	58	63	96	57.5	58.5	62.5	63.5	transparent
#6D6D6D	59	63	110	58.5	59.5	62.5	63.5	transparent
#7E7E7E	60	63	127	59.5	60.5	62.5	63.5	transparent
#8A8A8A	61	63	139	60.5	61.5	62.5	63.5	transparent
#939393	62	63	148	61.5	62.5	62.5	63.5	transparent
#9A9A9A	63	63	155	62.5	63.5	62.5	63.5	transparent
#9F9F9F	64	63	160	63.5	64.5	62.5	63.5	transparent
#AAAAAA	65	63	171	64.5	65.5	62.5	63.5	transparent
#B4B4B4	66	63	181	65.5	66.5	62.5	63.5	transparent
#B4B4B4	67	63	181	66.5	67.5	62.5	63.5	transparent
#B3B3B3	68	63	180	67.5	68.5	62.5	63.5	transparent
#B5B5B5	69	63	182	68.5	69.5	62.5	63.5	transparent
#BABABA	70	63	187	69.5	70.5	62.5	63.5	transparent
#C0C0C0	71	63	193	70.5	71.5	62.5	63.5	transparent
#C6C6C6	72	63	199	71.5	72.5	62.5	63.5	transparent
#C7C7C7	73	63	200	72.5	73.5	62.5	63.5	transparent
#C9C9C9	74	63	202	73.5	74.5	62.5	63.5	transparent
#C9C9C9	75	63	202	74.5	75.5	62.5	63.5	transparent
#C5C5C5	76	63	198	75.5	76.5	62.5	63.5	transparent
#BBBBBB	77	63	188	76.5	77.5	62.5	63.5	transparent
#ABABAB	78	63	172	77.5	78.5	62.5	63.5	transparent
#A1A1A1	79	63	162	78.5	79.5	62.5	63.5	transparent
#A0A0A0	80	63	161	79.5	80.5	62.5	63.5	transparent
#9C9C9C	81	63	157	80.5	81.5	62.5	63.5	transparent
#999999	82	63	154	81.5	82.5	62.5	63.5	transparent
#9A9A9A	83	63	155	82.5	83.5	62.5	63.5	transparent
#959595	84	63	150	83.5	84.5	62.5	63.5	transparent
#919191	85	63	146	84.5	85.5	62.5	63.5	transparent
#8C8C8C	86	63	141	85.5	86.5	62.5	63.5	transparent
#858585	87	63	134	86.5	87.5	62.5	63.5	transparent
#808080	88	63	129	87.5	88.5	62.5	63.5	transparent
#777777	89	63	120	88.5	89.5	62.5	63.5	transparent
#6D6D6D	90	63	110	89.5	90.5	62.5	63.5	transparent
#6A6A6A	91	63	107	90.5	91.5	62.5	63.5	transparent
#616161	92	63	98	91.5	92.5	62.5	63.5	transparent
#464646	93	63	71	92.5	93.5	62.5	63.5	transparent
#3A3A3A	94	63	59	93.5	94.5	62.5	63.5	transparent
#464646	95	63	71	94.5	95.5	62.5	63.5	transparent
#515151	96	63	82	95.5	96.5	62.5	63.5	transparent
#4F4F4F	97	63	80	96.5	97.5	62.5	63.5	transparent
#484848	98	63	73	97.5	98.5	62.5	63.5	transparent
#444444	99	63	69	98.5	99.5	62.5	63.5	transparent
#454545	100	63	70	99.5	100.5	62.5	63.5	transparent
#404040	101	63	65	100.5	101.5	62.5	63.5	transparent
#3C3C3C	102	63	61	101.5	102.5	62.5	63.5	transparent
#383838	103	63	57	102.5	103.5	62.5	63.5	transparent
#373737	104	63	56	103.5	104.5	62.5	63.5	transparent
#383838	105	63	57	104.5	105.5	62.5	63.5	transparent
#383838	106	63	57	105.5	106.5	62.5	63.5	transparent
#353535	107	63	54	106.5	107.5	62.5	63.5	transparent
#373737	108	63	56	107.5	108.5	62.5	63.5	transparent
#3B3B3B	109	63	60	108.5	109.5	62.5	63.5	transparent
#3C3C3C	110	63	61	109.5	110.5	62.5	63.5	transparent
#3E3E3E	111	63	63	110.5	111.5	62.5	63.5	transparent
#3E3E3E	112	63	63	111.5	112.5	62.5	63.5	transparent
#3E3E3E	113	63	63	112.5	113.5	62.5	63.5	transparent
#404040	114	63	65	113.5	114.5	62.5	63.5	transparent
#484848	115	63	73	114.5	115.5	62.5	63.5	transparent
#676767	116	63	104	115.5	116.5	62.5	63.5	transparent
#8D8D8D	117	63	142	116.5	117.5	62.5	63.5	transparent
#B2B2B2	118	63	179	117.5	118.5	62.5	63.5	transparent
#B2B2B2	119	63	179	118.5	119.5	62.5	63.5	transparent
#A3A3A3	120	63	164	119.5	120.5	62.5	63.5	transparent
#999999	121	63	154	120.5	121.5	62.5	63.5	transparent
#898989	122	63	138	121.5	122.5	62.5	63.5	transparent
#7E7E7E	123	63	127	122.5	123.5	62.5	63.5	transparent
#777777	124	63	120	123.5	124.5	62.5	63.5	transparent
#717171	125	63	114	124.5	125.5	62.5	63.5	transparent
#6A6A6A	126	63	107	125.5	126.5	62.5	63.5	transparent
#666666	127	63	103	126.5	127.5	62.5	63.5	transparent
#616161	128	63	98	127.5	128.5	62.5	63.5	transparent
#5A5A5A	129	63	91	128.5	129.5	62.5	63.5	transparent
#535353	130	63	84	129.5	130.5	62.5	63.5	transparent
#494949	131	63	74	130.5	131.5	62.5	63.5	transparent
#3B3B3B	132	63	60	131.5	132.5	62.5	63.5	transparent
#292929	133	63	42	132.5	133.5	62.5	63.5	transparent
#1A1A1A	134	63	27	133.5	134.5	62.5	63.5	transparent
#0E0E0E	135	63	15	134.5	135.5	62.5	63.5	transparent
#070707	136	63	8	135.5	136.5	62.5	63.5	transparent
#090909	137	63	10	136.5	137.5	62.5	63.5	transparent
#171717	138	63	24	137.5	138.5	62.5	63.5	transparent
#444444	139	63	69	138.5	139.5	62.5	63.5	transparent
#131313	0	62	20	-0.5	0.5	61.5	62.5	transparent
#131313	1	62	20	0.5	1.5	61.5	62.5	transparent
#131313	2	62	20	1.5	2.5	61.5	62.5	transparent
#131313	3	62	20	2.5	3.5	61.5	62.5	transparent
#131313	4	62	20	3.5	4.5	61.5	62.5	transparent
#121212	5	62	19	4.5	5.5	61.5	62.5	transparent
#111111	6	62	18	5.5	6.5	61.5	62.5	transparent
#0F0F0F	7	62	16	6.5	7.5	61.5	62.5	transparent
#0F0F0F	8	62	16	7.5	8.5	61.5	62.5	transparent
#141414	9	62	21	8.5	9.5	61.5	62.5	transparent
#1A1A1A	10	62	27	9.5	10.5	61.5	62.5	transparent
#282828	11	62	41	10.5	11.5	61.5	62.5	transparent
#343434	12	62	53	11.5	12.5	61.5	62.5	transparent
#3B3B3B	13	62	60	12.5	13.5	61.5	62.5	transparent
#444444	14	62	69	13.5	14.5	61.5	62.5	transparent
#4E4E4E	15	62	79	14.5	15.5	61.5	62.5	transparent
#515151	16	62	82	15.5	16.5	61.5	62.5	transparent
#545454	17	62	85	16.5	17.5	61.5	62.5	transparent
#5E5E5E	18	62	95	17.5	18.5	61.5	62.5	transparent
#696969	19	62	106	18.5	19.5	61.5	62.5	transparent
#757575	20	62	118	19.5	20.5	61.5	62.5	transparent
#878787	21	62	136	20.5	21.5	61.5	62.5	transparent
#9B9B9B	22	62	156	21.5	22.5	61.5	62.5	transparent
#ABABAB	23	62	172	22.5	23.5	61.5	62.5	transparent
#A3A3A3	24	62	164	23.5	24.5	61.5	62.5	transparent
#676767	25	62	104	24.5	25.5	61.5	62.5	transparent
#3C3C3C	26	62	61	25.5	26.5	61.5	62.5	transparent
#2C2C2C	27	62	45	26.5	27.5	61.5	62.5	transparent
#292929	28	62	42	27.5	28.5	61.5	62.5	transparent
#282828	29	62	41	28.5	29.5	61.5	62.5	transparent
#282828	30	62	41	29.5	30.5	61.5	62.5	transparent
#2A2A2A	31	62	43	30.5	31.5	61.5	62.5	transparent
#323232	32	62	51	31.5	32.5	61.5	62.5	transparent
#373737	33	62	56	32.5	33.5	61.5	62.5	transparent
#3A3A3A	34	62	59	33.5	34.5	61.5	62.5	transparent
#3E3E3E	35	62	63	34.5	35.5	61.5	62.5	transparent
#3D3D3D	36	62	62	35.5	36.5	61.5	62.5	transparent
#3C3C3C	37	62	61	36.5	37.5	61.5	62.5	transparent
#3C3C3C	38	62	61	37.5	38.5	61.5	62.5	transparent
#3E3E3E	39	62	63	38.5	39.5	61.5	62.5	transparent
#464646	40	62	71	39.5	40.5	61.5	62.5	transparent
#454545	41	62	70	40.5	41.5	61.5	62.5	transparent
#444444	42	62	69	41.5	42.5	61.5	62.5	transparent
#444444	43	62	69	42.5	43.5	61.5	62.5	transparent
#424242	44	62	67	43.5	44.5	61.5	62.5	transparent
#404040	45	62	65	44.5	45.5	61.5	62.5	transparent
#3A3A3A	46	62	59	45.5	46.5	61.5	62.5	transparent
#2F2F2F	47	62	48	46.5	47.5	61.5	62.5	transparent
#2F2F2F	48	62	48	47.5	48.5	61.5	62.5	transparent
#3D3D3D	49	62	62	48.5	49.5	61.5	62.5	transparent
#474747	50	62	72	49.5	50.5	61.5	62.5	transparent
#4E4E4E	51	62	79	50.5	51.5	61.5	62.5	transparent
#4F4F4F	52	62	80	51.5	52.5	61.5	62.5	transparent
#3D3D3D	53	62	62	52.5	53.5	61.5	62.5	transparent
#3B3B3B	54	62	60	53.5	54.5	61.5	62.5	transparent
#373737	55	62	56	54.5	55.5	61.5	62.5	transparent
#353535	56	62	54	55.5	56.5	61.5	62.5	transparent
#3F3F3F	57	62	64	56.5	57.5	61.5	62.5	transparent
#515151	58	62	82	57.5	58.5	61.5	62.5	transparent
#606060	59	62	97	58.5	59.5	61.5	62.5	transparent
#797979	60	62	122	59.5	60.5	61.5	62.5	transparent
#898989	61	62	138	60.5	61.5	61.5	62.5	transparent
#959595	62	62	150	61.5	62.5	61.5	62.5	transparent
#9F9F9F	63	62	160	62.5	63.5	61.5	62.5	transparent
#A3A3A3	64	62	164	63.5	64.5	61.5	62.5	transparent
#ABABAB	65	62	172	64.5	65.5	61.5	62.5	transparent
#B2B2B2	66	62	179	65.5	66.5	61.5	62.5	transparent
#B0B0B0	67	62	177	66.5	67.5	61.5	62.5	transparent
#B1B1B1	68	62	178	67.5	68.5	61.5	62.5	transparent
#B2B2B2	69	62	179	68.5	69.5	61.5	62.5	transparent
#B7B7B7	70	62	184	69.5	70.5	61.5	62.5	transparent
#BDBDBD	71	62	190	70.5	71.5	61.5	62.5	transparent
#C5C5C5	72	62	198	71.5	72.5	61.5	62.5	transparent
#C7C7C7	73	62	200	72.5	73.5	61.5	62.5	transparent
#C9C9C9	74	62	202	73.5	74.5	61.5	62.5	transparent
#C8C8C8	75	62	201	74.5	75.5	61.5	62.5	transparent
#C5C5C5	76	62	198	75.5	76.5	61.5	62.5	transparent
#BDBDBD	77	62	190	76.5	77.5	61.5	62.5	transparent
#B0B0B0	78	62	177	77.5	78.5	61.5	62.5	transparent
#A5A5A5	79	62	166	78.5	79.5	61.5	62.5	transparent
#9E9E9E	80	62	159	79.5	80.5	61.5	62.5	transparent
#959595	81	62	150	80.5	81.5	61.5	62.5	transparent
#909090	82	62	145	81.5	82.5	61.5	62.5	transparent
#8F8F8F	83	62	144	82.5	83.5	61.5	62.5	transparent
#8D8D8D	84	62	142	83.5	84.5	61.5	62.5	transparent
#8B8B8B	85	62	140	84.5	85.5	61.5	62.5	transparent
#858585	86	62	134	85.5	86.5	61.5	62.5	transparent
#808080	87	62	129	86.5	87.5	61.5	62.5	transparent
#7D7D7D	88	62	126	87.5	88.5	61.5	62.5	transparent
#777777	89	62	120	88.5	89.5	61.5	62.5	transparent
#737373	90	62	116	89.5	90.5	61.5	62.5	transparent
#6F6F6F	91	62	112	90.5	91.5	61.5	62.5	transparent
#696969	92	62	106	91.5	92.5	61.5	62.5	transparent
#4E4E4E	93	62	79	92.5	93.5	61.5	62.5	transparent
#3C3C3C	94	62	61	93.5	94.5	61.5	62.5	transparent
#434343	95	62	68	94.5	95.5	61.5	62.5	transparent
#4B4B4B	96	62	76	95.5	96.5	61.5	62.5	transparent
#4A4A4A	97	62	75	96.5	97.5	61.5	62.5	transparent
#454545	98	62	70	97.5	98.5	61.5	62.5	transparent
#474747	99	62	72	98.5	99.5	61.5	62.5	transparent
#4E4E4E	100	62	79	99.5	100.5	61.5	62.5	transparent
#474747	101	62	72	100.5	101.5	61.5	62.5	transparent
#3E3E3E	102	62	63	101.5	102.5	61.5	62.5	transparent
#3C3C3C	103	62	61	102.5	103.5	61.5	62.5	transparent
#3D3D3D	104	62	62	103.5	104.5	61.5	62.5	transparent
#414141	105	62	66	104.5	105.5	61.5	62.5	transparent
#3E3E3E	106	62	63	105.5	106.5	61.5	62.5	transparent
#393939	107	62	58	106.5	107.5	61.5	62.5	transparent
#373737	108	62	56	107.5	108.5	61.5	62.5	transparent
#3A3A3A	109	62	59	108.5	109.5	61.5	62.5	transparent
#3B3B3B	110	62	60	109.5	110.5	61.5	62.5	transparent
#3C3C3C	111	62	61	110.5	111.5	61.5	62.5	transparent
#3C3C3C	112	62	61	111.5	112.5	61.5	62.5	transparent
#3B3B3B	113	62	60	112.5	113.5	61.5	62.5	transparent
#414141	114	62	66	113.5	114.5	61.5	62.5	transparent
#454545	115	62	70	114.5	115.5	61.5	62.5	transparent
#545454	116	62	85	115.5	116.5	61.5	62.5	transparent
#878787	117	62	136	116.5	117.5	61.5	62.5	transparent
#B0B0B0	118	62	177	117.5	118.5	61.5	62.5	transparent
#B5B5B5	119	62	182	118.5	119.5	61.5	62.5	transparent
#A3A3A3	120	62	164	119.5	120.5	61.5	62.5	transparent
#9A9A9A	121	62	155	120.5	121.5	61.5	62.5	transparent
#888888	122	62	137	121.5	122.5	61.5	62.5	transparent
#7F7F7F	123	62	128	122.5	123.5	61.5	62.5	transparent
#777777	124	62	120	123.5	124.5	61.5	62.5	transparent
#6F6F6F	125	62	112	124.5	125.5	61.5	62.5	transparent
#696969	126	62	106	125.5	126.5	61.5	62.5	transparent
#656565	127	62	102	126.5	127.5	61.5	62.5	transparent
#5F5F5F	128	62	96	127.5	128.5	61.5	62.5	transparent
#575757	129	62	88	128.5	129.5	61.5	62.5	transparent
#515151	130	62	82	129.5	130.5	61.5	62.5	transparent
#474747	131	62	72	130.5	131.5	61.5	62.5	transparent
#373737	132	62	56	131.5	132.5	61.5	62.5	transparent
#262626	133	62	39	132.5	133.5	61.5	62.5	transparent
#171717	134	62	24	133.5	134.5	61.5	62.5	transparent
#0B0B0B	135	62	12	134.5	135.5	61.5	62.5	transparent
#070707	136	62	8	135.5	136.5	61.5	62.5	transparent
#090909	137	62	10	136.5	137.5	61.5	62.5	transparent
#191919	138	62	26	137.5	138.5	61.5	62.5	transparent
#464646	139	62	71	138.5	139.5	61.5	62.5	transparent
#131313	0	61	20	-0.5	0.5	60.5	61.5	transparent
#131313	1	61	20	0.5	1.5	60.5	61.5	transparent
#131313	2	61	20	1.5	2.5	60.5	61.5	transparent
#131313	3	61	20	2.5	3.5	60.5	61.5	transparent
#131313	4	61	20	3.5	4.5	60.5	61.5	transparent
#121212	5	61	19	4.5	5.5	60.5	61.5	transparent
#111111	6	61	18	5.5	6.5	60.5	61.5	transparent
#0F0F0F	7	61	16	6.5	7.5	60.5	61.5	transparent
#0F0F0F	8	61	16	7.5	8.5	60.5	61.5	transparent
#121212	9	61	19	8.5	9.5	60.5	61.5	transparent
#181818	10	61	25	9.5	10.5	60.5	61.5	transparent
#252525	11	61	38	10.5	11.5	60.5	61.5	transparent
#313131	12	61	50	11.5	12.5	60.5	61.5	transparent
#393939	13	61	58	12.5	13.5	60.5	61.5	transparent
#434343	14	61	68	13.5	14.5	60.5	61.5	transparent
#4C4C4C	15	61	77	14.5	15.5	60.5	61.5	transparent
#515151	16	61	82	15.5	16.5	60.5	61.5	transparent
#545454	17	61	85	16.5	17.5	60.5	61.5	transparent
#5D5D5D	18	61	94	17.5	18.5	60.5	61.5	transparent
#696969	19	61	106	18.5	19.5	60.5	61.5	transparent
#757575	20	61	118	19.5	20.5	60.5	61.5	transparent
#868686	21	61	135	20.5	21.5	60.5	61.5	transparent
#9F9F9F	22	61	160	21.5	22.5	60.5	61.5	transparent
#A9A9A9	23	61	170	22.5	23.5	60.5	61.5	transparent
#9B9B9B	24	61	156	23.5	24.5	60.5	61.5	transparent
#575757	25	61	88	24.5	25.5	60.5	61.5	transparent
#3A3A3A	26	61	59	25.5	26.5	60.5	61.5	transparent
#2C2C2C	27	61	45	26.5	27.5	60.5	61.5	transparent
#292929	28	61	42	27.5	28.5	60.5	61.5	transparent
#2D2D2D	29	61	46	28.5	29.5	60.5	61.5	transparent
#323232	30	61	51	29.5	30.5	60.5	61.5	transparent
#333333	31	61	52	30.5	31.5	60.5	61.5	transparent
#333333	32	61	52	31.5	32.5	60.5	61.5	transparent
#343434	33	61	53	32.5	33.5	60.5	61.5	transparent
#383838	34	61	57	33.5	34.5	60.5	61.5	transparent
#3B3B3B	35	61	60	34.5	35.5	60.5	61.5	transparent
#3D3D3D	36	61	62	35.5	36.5	60.5	61.5	transparent
#3F3F3F	37	61	64	36.5	37.5	60.5	61.5	transparent
#3C3C3C	38	61	61	37.5	38.5	60.5	61.5	transparent
#3E3E3E	39	61	63	38.5	39.5	60.5	61.5	transparent
#424242	40	61	67	39.5	40.5	60.5	61.5	transparent
#3F3F3F	41	61	64	40.5	41.5	60.5	61.5	transparent
#414141	42	61	66	41.5	42.5	60.5	61.5	transparent
#434343	43	61	68	42.5	43.5	60.5	61.5	transparent
#444444	44	61	69	43.5	44.5	60.5	61.5	transparent
#393939	45	61	58	44.5	45.5	60.5	61.5	transparent
#323232	46	61	51	45.5	46.5	60.5	61.5	transparent
#2C2C2C	47	61	45	46.5	47.5	60.5	61.5	transparent
#313131	48	61	50	47.5	48.5	60.5	61.5	transparent
#393939	49	61	58	48.5	49.5	60.5	61.5	transparent
#424242	50	61	67	49.5	50.5	60.5	61.5	transparent
#4A4A4A	51	61	75	50.5	51.5	60.5	61.5	transparent
#4C4C4C	52	61	77	51.5	52.5	60.5	61.5	transparent
#3F3F3F	53	61	64	52.5	53.5	60.5	61.5	transparent
#3A3A3A	54	61	59	53.5	54.5	60.5	61.5	transparent
#393939	55	61	58	54.5	55.5	60.5	61.5	transparent
#373737	56	61	56	55.5	56.5	60.5	61.5	transparent
#484848	57	61	73	56.5	57.5	60.5	61.5	transparent
#575757	58	61	88	57.5	58.5	60.5	61.5	transparent
#646464	59	61	101	58.5	59.5	60.5	61.5	transparent
#777777	60	61	120	59.5	60.5	60.5	61.5	transparent
#828282	61	61	131	60.5	61.5	60.5	61.5	transparent
#8F8F8F	62	61	144	61.5	62.5	60.5	61.5	transparent
#9C9C9C	63	61	157	62.5	63.5	60.5	61.5	transparent
#A1A1A1	64	61	162	63.5	64.5	60.5	61.5	transparent
#A7A7A7	65	61	168	64.5	65.5	60.5	61.5	transparent
#B1B1B1	66	61	178	65.5	66.5	60.5	61.5	transparent
#B3B3B3	67	61	180	66.5	67.5	60.5	61.5	transparent
#B3B3B3	68	61	180	67.5	68.5	60.5	61.5	transparent
#B5B5B5	69	61	182	68.5	69.5	60.5	61.5	transparent
#BABABA	70	61	187	69.5	70.5	60.5	61.5	transparent
#BFBFBF	71	61	192	70.5	71.5	60.5	61.5	transparent
#C7C7C7	72	61	200	71.5	72.5	60.5	61.5	transparent
#C8C8C8	73	61	201	72.5	73.5	60.5	61.5	transparent
#C9C9C9	74	61	202	73.5	74.5	60.5	61.5	transparent
#C8C8C8	75	61	201	74.5	75.5	60.5	61.5	transparent
#C4C4C4	76	61	197	75.5	76.5	60.5	61.5	transparent
#BABABA	77	61	187	76.5	77.5	60.5	61.5	transparent
#ABABAB	78	61	172	77.5	78.5	60.5	61.5	transparent
#9E9E9E	79	61	159	78.5	79.5	60.5	61.5	transparent
#9B9B9B	80	61	156	79.5	80.5	60.5	61.5	transparent
#969696	81	61	151	80.5	81.5	60.5	61.5	transparent
#929292	82	61	147	81.5	82.5	60.5	61.5	transparent
#919191	83	61	146	82.5	83.5	60.5	61.5	transparent
#8B8B8B	84	61	140	83.5	84.5	60.5	61.5	transparent
#898989	85	61	138	84.5	85.5	60.5	61.5	transparent
#878787	86	61	136	85.5	86.5	60.5	61.5	transparent
#848484	87	61	133	86.5	87.5	60.5	61.5	transparent
#7F7F7F	88	61	128	87.5	88.5	60.5	61.5	transparent
#767676	89	61	119	88.5	89.5	60.5	61.5	transparent
#747474	90	61	117	89.5	90.5	60.5	61.5	transparent
#707070	91	61	113	90.5	91.5	60.5	61.5	transparent
#686868	92	61	105	91.5	92.5	60.5	61.5	transparent
#4F4F4F	93	61	80	92.5	93.5	60.5	61.5	transparent
#404040	94	61	65	93.5	94.5	60.5	61.5	transparent
#3F3F3F	95	61	64	94.5	95.5	60.5	61.5	transparent
#3F3F3F	96	61	64	95.5	96.5	60.5	61.5	transparent
#424242	97	61	67	96.5	97.5	60.5	61.5	transparent
#414141	98	61	66	97.5	98.5	60.5	61.5	transparent
#424242	99	61	67	98.5	99.5	60.5	61.5	transparent
#4D4D4D	100	61	78	99.5	100.5	60.5	61.5	transparent
#484848	101	61	73	100.5	101.5	60.5	61.5	transparent
#3D3D3D	102	61	62	101.5	102.5	60.5	61.5	transparent
#3C3C3C	103	61	61	102.5	103.5	60.5	61.5	transparent
#3E3E3E	104	61	63	103.5	104.5	60.5	61.5	transparent
#3E3E3E	105	61	63	104.5	105.5	60.5	61.5	transparent
#414141	106	61	66	105.5	106.5	60.5	61.5	transparent
#434343	107	61	68	106.5	107.5	60.5	61.5	transparent
#424242	108	61	67	107.5	108.5	60.5	61.5	transparent
#424242	109	61	67	108.5	109.5	60.5	61.5	transparent
#3D3D3D	110	61	62	109.5	110.5	60.5	61.5	transparent
#3B3B3B	111	61	60	110.5	111.5	60.5	61.5	transparent
#393939	112	61	58	111.5	112.5	60.5	61.5	transparent
#3B3B3B	113	61	60	112.5	113.5	60.5	61.5	transparent
#404040	114	61	65	113.5	114.5	60.5	61.5	transparent
#424242	115	61	67	114.5	115.5	60.5	61.5	transparent
#4B4B4B	116	61	76	115.5	116.5	60.5	61.5	transparent
#787878	117	61	121	116.5	117.5	60.5	61.5	transparent
#ACACAC	118	61	173	117.5	118.5	60.5	61.5	transparent
#B4B4B4	119	61	181	118.5	119.5	60.5	61.5	transparent
#A5A5A5	120	61	166	119.5	120.5	60.5	61.5	transparent
#999999	121	61	154	120.5	121.5	60.5	61.5	transparent
#898989	122	61	138	121.5	122.5	60.5	61.5	transparent
#7F7F7F	123	61	128	122.5	123.5	60.5	61.5	transparent
#767676	124	61	119	123.5	124.5	60.5	61.5	transparent
#6D6D6D	125	61	110	124.5	125.5	60.5	61.5	transparent
#676767	126	61	104	125.5	126.5	60.5	61.5	transparent
#646464	127	61	101	126.5	127.5	60.5	61.5	transparent
#5E5E5E	128	61	95	127.5	128.5	60.5	61.5	transparent
#555555	129	61	86	128.5	129.5	60.5	61.5	transparent
#4E4E4E	130	61	79	129.5	130.5	60.5	61.5	transparent
#424242	131	61	67	130.5	131.5	60.5	61.5	transparent
#333333	132	61	52	131.5	132.5	60.5	61.5	transparent
#232323	133	61	36	132.5	133.5	60.5	61.5	transparent
#141414	134	61	21	133.5	134.5	60.5	61.5	transparent
#080808	135	61	9	134.5	135.5	60.5	61.5	transparent
#080808	136	61	9	135.5	136.5	60.5	61.5	transparent
#0B0B0B	137	61	12	136.5	137.5	60.5	61.5	transparent
#1B1B1B	138	61	28	137.5	138.5	60.5	61.5	transparent
#484848	139	61	73	138.5	139.5	60.5	61.5	transparent
#131313	0	60	20	-0.5	0.5	59.5	60.5	transparent
#131313	1	60	20	0.5	1.5	59.5	60.5	transparent
#131313	2	60	20	1.5	2.5	59.5	60.5	transparent
#131313	3	60	20	2.5	3.5	59.5	60.5	transparent
#131313	4	60	20	3.5	4.5	59.5	60.5	transparent
#121212	5	60	19	4.5	5.5	59.5	60.5	transparent
#111111	6	60	18	5.5	6.5	59.5	60.5	transparent
#0F0F0F	7	60	16	6.5	7.5	59.5	60.5	transparent
#0F0F0F	8	60	16	7.5	8.5	59.5	60.5	transparent
#111111	9	60	18	8.5	9.5	59.5	60.5	transparent
#151515	10	60	22	9.5	10.5	59.5	60.5	transparent
#222222	11	60	35	10.5	11.5	59.5	60.5	transparent
#2F2F2F	12	60	48	11.5	12.5	59.5	60.5	transparent
#373737	13	60	56	12.5	13.5	59.5	60.5	transparent
#414141	14	60	66	13.5	14.5	59.5	60.5	transparent
#4B4B4B	15	60	76	14.5	15.5	59.5	60.5	transparent
#515151	16	60	82	15.5	16.5	59.5	60.5	transparent
#545454	17	60	85	16.5	17.5	59.5	60.5	transparent
#5D5D5D	18	60	94	17.5	18.5	59.5	60.5	transparent
#686868	19	60	105	18.5	19.5	59.5	60.5	transparent
#747474	20	60	117	19.5	20.5	59.5	60.5	transparent
#858585	21	60	134	20.5	21.5	59.5	60.5	transparent
#A0A0A0	22	60	161	21.5	22.5	59.5	60.5	transparent
#A8A8A8	23	60	169	22.5	23.5	59.5	60.5	transparent
#919191	24	60	146	23.5	24.5	59.5	60.5	transparent
#4C4C4C	25	60	77	24.5	25.5	59.5	60.5	transparent
#363636	26	60	55	25.5	26.5	59.5	60.5	transparent
#303030	27	60	49	26.5	27.5	59.5	60.5	transparent
#303030	28	60	49	27.5	28.5	59.5	60.5	transparent
#313131	29	60	50	28.5	29.5	59.5	60.5	transparent
#313131	30	60	50	29.5	30.5	59.5	60.5	transparent
#313131	31	60	50	30.5	31.5	59.5	60.5	transparent
#303030	32	60	49	31.5	32.5	59.5	60.5	transparent
#303030	33	60	49	32.5	33.5	59.5	60.5	transparent
#333333	34	60	52	33.5	34.5	59.5	60.5	transparent
#3A3A3A	35	60	59	34.5	35.5	59.5	60.5	transparent
#3E3E3E	36	60	63	35.5	36.5	59.5	60.5	transparent
#404040	37	60	65	36.5	37.5	59.5	60.5	transparent
#373737	38	60	56	37.5	38.5	59.5	60.5	transparent
#323232	39	60	51	38.5	39.5	59.5	60.5	transparent
#313131	40	60	50	39.5	40.5	59.5	60.5	transparent
#353535	41	60	54	40.5	41.5	59.5	60.5	transparent
#383838	42	60	57	41.5	42.5	59.5	60.5	transparent
#343434	43	60	53	42.5	43.5	59.5	60.5	transparent
#3A3A3A	44	60	59	43.5	44.5	59.5	60.5	transparent
#393939	45	60	58	44.5	45.5	59.5	60.5	transparent
#2F2F2F	46	60	48	45.5	46.5	59.5	60.5	transparent
#282828	47	60	41	46.5	47.5	59.5	60.5	transparent
#2D2D2D	48	60	46	47.5	48.5	59.5	60.5	transparent
#313131	49	60	50	48.5	49.5	59.5	60.5	transparent
#3E3E3E	50	60	63	49.5	50.5	59.5	60.5	transparent
#484848	51	60	73	50.5	51.5	59.5	60.5	transparent
#494949	52	60	74	51.5	52.5	59.5	60.5	transparent
#3E3E3E	53	60	63	52.5	53.5	59.5	60.5	transparent
#383838	54	60	57	53.5	54.5	59.5	60.5	transparent
#383838	55	60	57	54.5	55.5	59.5	60.5	transparent
#3E3E3E	56	60	63	55.5	56.5	59.5	60.5	transparent
#4C4C4C	57	60	77	56.5	57.5	59.5	60.5	transparent
#5A5A5A	58	60	91	57.5	58.5	59.5	60.5	transparent
#6B6B6B	59	60	108	58.5	59.5	59.5	60.5	transparent
#7E7E7E	60	60	127	59.5	60.5	59.5	60.5	transparent
#868686	61	60	135	60.5	61.5	59.5	60.5	transparent
#909090	62	60	145	61.5	62.5	59.5	60.5	transparent
#989898	63	60	153	62.5	63.5	59.5	60.5	transparent
#9C9C9C	64	60	157	63.5	64.5	59.5	60.5	transparent
#A4A4A4	65	60	165	64.5	65.5	59.5	60.5	transparent
#B3B3B3	66	60	180	65.5	66.5	59.5	60.5	transparent
#B5B5B5	67	60	182	66.5	67.5	59.5	60.5	transparent
#B3B3B3	68	60	180	67.5	68.5	59.5	60.5	transparent
#B6B6B6	69	60	183	68.5	69.5	59.5	60.5	transparent
#BBBBBB	70	60	188	69.5	70.5	59.5	60.5	transparent
#C2C2C2	71	60	195	70.5	71.5	59.5	60.5	transparent
#C8C8C8	72	60	201	71.5	72.5	59.5	60.5	transparent
#C9C9C9	73	60	202	72.5	73.5	59.5	60.5	transparent
#CACACA	74	60	203	73.5	74.5	59.5	60.5	transparent
#CBCBCB	75	60	204	74.5	75.5	59.5	60.5	transparent
#C6C6C6	76	60	199	75.5	76.5	59.5	60.5	transparent
#B9B9B9	77	60	186	76.5	77.5	59.5	60.5	transparent
#A9A9A9	78	60	170	77.5	78.5	59.5	60.5	transparent
#9F9F9F	79	60	160	78.5	79.5	59.5	60.5	transparent
#9C9C9C	80	60	157	79.5	80.5	59.5	60.5	transparent
#969696	81	60	151	80.5	81.5	59.5	60.5	transparent
#939393	82	60	148	81.5	82.5	59.5	60.5	transparent
#939393	83	60	148	82.5	83.5	59.5	60.5	transparent
#8D8D8D	84	60	142	83.5	84.5	59.5	60.5	transparent
#8A8A8A	85	60	139	84.5	85.5	59.5	60.5	transparent
#8A8A8A	86	60	139	85.5	86.5	59.5	60.5	transparent
#868686	87	60	135	86.5	87.5	59.5	60.5	transparent
#7E7E7E	88	60	127	87.5	88.5	59.5	60.5	transparent
#7A7A7A	89	60	123	88.5	89.5	59.5	60.5	transparent
#7E7E7E	90	60	127	89.5	90.5	59.5	60.5	transparent
#737373	91	60	116	90.5	91.5	59.5	60.5	transparent
#6B6B6B	92	60	108	91.5	92.5	59.5	60.5	transparent
#515151	93	60	82	92.5	93.5	59.5	60.5	transparent
#3C3C3C	94	60	61	93.5	94.5	59.5	60.5	transparent
#343434	95	60	53	94.5	95.5	59.5	60.5	transparent
#363636	96	60	55	95.5	96.5	59.5	60.5	transparent
#3A3A3A	97	60	59	96.5	97.5	59.5	60.5	transparent
#3B3B3B	98	60	60	97.5	98.5	59.5	60.5	transparent
#383838	99	60	57	98.5	99.5	59.5	60.5	transparent
#3C3C3C	100	60	61	99.5	100.5	59.5	60.5	transparent
#424242	101	60	67	100.5	101.5	59.5	60.5	transparent
#3C3C3C	102	60	61	101.5	102.5	59.5	60.5	transparent
#383838	103	60	57	102.5	103.5	59.5	60.5	transparent
#3A3A3A	104	60	59	103.5	104.5	59.5	60.5	transparent
#393939	105	60	58	104.5	105.5	59.5	60.5	transparent
#3B3B3B	106	60	60	105.5	106.5	59.5	60.5	transparent
#3F3F3F	107	60	64	106.5	107.5	59.5	60.5	transparent
#404040	108	60	65	107.5	108.5	59.5	60.5	transparent
#444444	109	60	69	108.5	109.5	59.5	60.5	transparent
#494949	110	60	74	109.5	110.5	59.5	60.5	transparent
#424242	111	60	67	110.5	111.5	59.5	60.5	transparent
#3F3F3F	112	60	64	111.5	112.5	59.5	60.5	transparent
#3E3E3E	113	60	63	112.5	113.5	59.5	60.5	transparent
#3D3D3D	114	60	62	113.5	114.5	59.5	60.5	transparent
#404040	115	60	65	114.5	115.5	59.5	60.5	transparent
#484848	116	60	73	115.5	116.5	59.5	60.5	transparent
#6A6A6A	117	60	107	116.5	117.5	59.5	60.5	transparent
#A4A4A4	118	60	165	117.5	118.5	59.5	60.5	transparent
#B4B4B4	119	60	181	118.5	119.5	59.5	60.5	transparent
#A8A8A8	120	60	169	119.5	120.5	59.5	60.5	transparent
#989898	121	60	153	120.5	121.5	59.5	60.5	transparent
#898989	122	60	138	121.5	122.5	59.5	60.5	transparent
#7D7D7D	123	60	126	122.5	123.5	59.5	60.5	transparent
#747474	124	60	117	123.5	124.5	59.5	60.5	transparent
#6C6C6C	125	60	109	124.5	125.5	59.5	60.5	transparent
#676767	126	60	104	125.5	126.5	59.5	60.5	transparent
#636363	127	60	100	126.5	127.5	59.5	60.5	transparent
#5C5C5C	128	60	93	127.5	128.5	59.5	60.5	transparent
#535353	129	60	84	128.5	129.5	59.5	60.5	transparent
#4C4C4C	130	60	77	129.5	130.5	59.5	60.5	transparent
#3F3F3F	131	60	64	130.5	131.5	59.5	60.5	transparent
#2F2F2F	132	60	48	131.5	132.5	59.5	60.5	transparent
#202020	133	60	33	132.5	133.5	59.5	60.5	transparent
#111111	134	60	18	133.5	134.5	59.5	60.5	transparent
#070707	135	60	8	134.5	135.5	59.5	60.5	transparent
#080808	136	60	9	135.5	136.5	59.5	60.5	transparent
#0A0A0A	137	60	11	136.5	137.5	59.5	60.5	transparent
#1D1D1D	138	60	30	137.5	138.5	59.5	60.5	transparent
#4A4A4A	139	60	75	138.5	139.5	59.5	60.5	transparent
#131313	0	59	20	-0.5	0.5	58.5	59.5	transparent
#131313	1	59	20	0.5	1.5	58.5	59.5	transparent
#131313	2	59	20	1.5	2.5	58.5	59.5	transparent
#131313	3	59	20	2.5	3.5	58.5	59.5	transparent
#131313	4	59	20	3.5	4.5	58.5	59.5	transparent
#131313	5	59	20	4.5	5.5	58.5	59.5	transparent
#121212	6	59	19	5.5	6.5	58.5	59.5	transparent
#0F0F0F	7	59	16	6.5	7.5	58.5	59.5	transparent
#0F0F0F	8	59	16	7.5	8.5	58.5	59.5	transparent
#101010	9	59	17	8.5	9.5	58.5	59.5	transparent
#151515	10	59	22	9.5	10.5	58.5	59.5	transparent
#1F1F1F	11	59	32	10.5	11.5	58.5	59.5	transparent
#2C2C2C	12	59	45	11.5	12.5	58.5	59.5	transparent
#353535	13	59	54	12.5	13.5	58.5	59.5	transparent
#404040	14	59	65	13.5	14.5	58.5	59.5	transparent
#4A4A4A	15	59	75	14.5	15.5	58.5	59.5	transparent
#505050	16	59	81	15.5	16.5	58.5	59.5	transparent
#545454	17	59	85	16.5	17.5	58.5	59.5	transparent
#5C5C5C	18	59	93	17.5	18.5	58.5	59.5	transparent
#696969	19	59	106	18.5	19.5	58.5	59.5	transparent
#747474	20	59	117	19.5	20.5	58.5	59.5	transparent
#848484	21	59	133	20.5	21.5	58.5	59.5	transparent
#A0A0A0	22	59	161	21.5	22.5	58.5	59.5	transparent
#A7A7A7	23	59	168	22.5	23.5	58.5	59.5	transparent
#838383	24	59	132	23.5	24.5	58.5	59.5	transparent
#464646	25	59	71	24.5	25.5	58.5	59.5	transparent
#383838	26	59	57	25.5	26.5	58.5	59.5	transparent
#393939	27	59	58	26.5	27.5	58.5	59.5	transparent
#323232	28	59	51	27.5	28.5	58.5	59.5	transparent
#2E2E2E	29	59	47	28.5	29.5	58.5	59.5	transparent
#303030	30	59	49	29.5	30.5	58.5	59.5	transparent
#2F2F2F	31	59	48	30.5	31.5	58.5	59.5	transparent
#323232	32	59	51	31.5	32.5	58.5	59.5	transparent
#313131	33	59	50	32.5	33.5	58.5	59.5	transparent
#303030	34	59	49	33.5	34.5	58.5	59.5	transparent
#363636	35	59	55	34.5	35.5	58.5	59.5	transparent
#373737	36	59	56	35.5	36.5	58.5	59.5	transparent
#333333	37	59	52	36.5	37.5	58.5	59.5	transparent
#343434	38	59	53	37.5	38.5	58.5	59.5	transparent
#2D2D2D	39	59	46	38.5	39.5	58.5	59.5	transparent
#2D2D2D	40	59	46	39.5	40.5	58.5	59.5	transparent
#313131	41	59	50	40.5	41.5	58.5	59.5	transparent
#323232	42	59	51	41.5	42.5	58.5	59.5	transparent
#2E2E2E	43	59	47	42.5	43.5	58.5	59.5	transparent
#313131	44	59	50	43.5	44.5	58.5	59.5	transparent
#323232	45	59	51	44.5	45.5	58.5	59.5	transparent
#292929	46	59	42	45.5	46.5	58.5	59.5	transparent
#292929	47	59	42	46.5	47.5	58.5	59.5	transparent
#303030	48	59	49	47.5	48.5	58.5	59.5	transparent
#313131	49	59	50	48.5	49.5	58.5	59.5	transparent
#393939	50	59	58	49.5	50.5	58.5	59.5	transparent
#474747	51	59	72	50.5	51.5	58.5	59.5	transparent
#4A4A4A	52	59	75	51.5	52.5	58.5	59.5	transparent
#3E3E3E	53	59	63	52.5	53.5	58.5	59.5	transparent
#3D3D3D	54	59	62	53.5	54.5	58.5	59.5	transparent
#484848	55	59	73	54.5	55.5	58.5	59.5	transparent
#4C4C4C	56	59	77	55.5	56.5	58.5	59.5	transparent
#4B4B4B	57	59	76	56.5	57.5	58.5	59.5	transparent
#5F5F5F	58	59	96	57.5	58.5	58.5	59.5	transparent
#767676	59	59	119	58.5	59.5	58.5	59.5	transparent
#7B7B7B	60	59	124	59.5	60.5	58.5	59.5	transparent
#838383	61	59	132	60.5	61.5	58.5	59.5	transparent
#8F8F8F	62	59	144	61.5	62.5	58.5	59.5	transparent
#969696	63	59	151	62.5	63.5	58.5	59.5	transparent
#9A9A9A	64	59	155	63.5	64.5	58.5	59.5	transparent
#A4A4A4	65	59	165	64.5	65.5	58.5	59.5	transparent
#B5B5B5	66	59	182	65.5	66.5	58.5	59.5	transparent
#B6B6B6	67	59	183	66.5	67.5	58.5	59.5	transparent
#B4B4B4	68	59	181	67.5	68.5	58.5	59.5	transparent
#B7B7B7	69	59	184	68.5	69.5	58.5	59.5	transparent
#BCBCBC	70	59	189	69.5	70.5	58.5	59.5	transparent
#C1C1C1	71	59	194	70.5	71.5	58.5	59.5	transparent
#C7C7C7	72	59	200	71.5	72.5	58.5	59.5	transparent
#C8C8C8	73	59	201	72.5	73.5	58.5	59.5	transparent
#CACACA	74	59	203	73.5	74.5	58.5	59.5	transparent
#CBCBCB	75	59	204	74.5	75.5	58.5	59.5	transparent
#C7C7C7	76	59	200	75.5	76.5	58.5	59.5	transparent
#BABABA	77	59	187	76.5	77.5	58.5	59.5	transparent
#ACACAC	78	59	173	77.5	78.5	58.5	59.5	transparent
#A2A2A2	79	59	163	78.5	79.5	58.5	59.5	transparent
#9B9B9B	80	59	156	79.5	80.5	58.5	59.5	transparent
#969696	81	59	151	80.5	81.5	58.5	59.5	transparent
#959595	82	59	150	81.5	82.5	58.5	59.5	transparent
#959595	83	59	150	82.5	83.5	58.5	59.5	transparent
#909090	84	59	145	83.5	84.5	58.5	59.5	transparent
#8C8C8C	85	59	141	84.5	85.5	58.5	59.5	transparent
#8A8A8A	86	59	139	85.5	86.5	58.5	59.5	transparent
#878787	87	59	136	86.5	87.5	58.5	59.5	transparent
#828282	88	59	131	87.5	88.5	58.5	59.5	transparent
#7D7D7D	89	59	126	88.5	89.5	58.5	59.5	transparent
#7D7D7D	90	59	126	89.5	90.5	58.5	59.5	transparent
#737373	91	59	116	90.5	91.5	58.5	59.5	transparent
#6D6D6D	92	59	110	91.5	92.5	58.5	59.5	transparent
#5A5A5A	93	59	91	92.5	93.5	58.5	59.5	transparent
#454545	94	59	70	93.5	94.5	58.5	59.5	transparent
#2E2E2E	95	59	47	94.5	95.5	58.5	59.5	transparent
#2B2B2B	96	59	44	95.5	96.5	58.5	59.5	transparent
#333333	97	59	52	96.5	97.5	58.5	59.5	transparent
#363636	98	59	55	97.5	98.5	58.5	59.5	transparent
#363636	99	59	55	98.5	99.5	58.5	59.5	transparent
#343434	100	59	53	99.5	100.5	58.5	59.5	transparent
#3A3A3A	101	59	59	100.5	101.5	58.5	59.5	transparent
#3B3B3B	102	59	60	101.5	102.5	58.5	59.5	transparent
#393939	103	59	58	102.5	103.5	58.5	59.5	transparent
#3B3B3B	104	59	60	103.5	104.5	58.5	59.5	transparent
#3B3B3B	105	59	60	104.5	105.5	58.5	59.5	transparent
#383838	106	59	57	105.5	106.5	58.5	59.5	transparent
#3A3A3A	107	59	59	106.5	107.5	58.5	59.5	transparent
#3C3C3C	108	59	61	107.5	108.5	58.5	59.5	transparent
#3D3D3D	109	59	62	108.5	109.5	58.5	59.5	transparent
#424242	110	59	67	109.5	110.5	58.5	59.5	transparent
#424242	111	59	67	110.5	111.5	58.5	59.5	transparent
#444444	112	59	69	111.5	112.5	58.5	59.5	transparent
#434343	113	59	68	112.5	113.5	58.5	59.5	transparent
#3D3D3D	114	59	62	113.5	114.5	58.5	59.5	transparent
#3D3D3D	115	59	62	114.5	115.5	58.5	59.5	transparent
#4A4A4A	116	59	75	115.5	116.5	58.5	59.5	transparent
#606060	117	59	97	116.5	117.5	58.5	59.5	transparent
#979797	118	59	152	117.5	118.5	58.5	59.5	transparent
#B2B2B2	119	59	179	118.5	119.5	58.5	59.5	transparent
#AAAAAA	120	59	171	119.5	120.5	58.5	59.5	transparent
#999999	121	59	154	120.5	121.5	58.5	59.5	transparent
#888888	122	59	137	121.5	122.5	58.5	59.5	transparent
#7D7D7D	123	59	126	122.5	123.5	58.5	59.5	transparent
#747474	124	59	117	123.5	124.5	58.5	59.5	transparent
#6A6A6A	125	59	107	124.5	125.5	58.5	59.5	transparent
#666666	126	59	103	125.5	126.5	58.5	59.5	transparent
#616161	127	59	98	126.5	127.5	58.5	59.5	transparent
#5B5B5B	128	59	92	127.5	128.5	58.5	59.5	transparent
#515151	129	59	82	128.5	129.5	58.5	59.5	transparent
#484848	130	59	73	129.5	130.5	58.5	59.5	transparent
#3A3A3A	131	59	59	130.5	131.5	58.5	59.5	transparent
#2B2B2B	132	59	44	131.5	132.5	58.5	59.5	transparent
#1E1E1E	133	59	31	132.5	133.5	58.5	59.5	transparent
#0E0E0E	134	59	15	133.5	134.5	58.5	59.5	transparent
#060606	135	59	7	134.5	135.5	58.5	59.5	transparent
#080808	136	59	9	135.5	136.5	58.5	59.5	transparent
#0A0A0A	137	59	11	136.5	137.5	58.5	59.5	transparent
#1E1E1E	138	59	31	137.5	138.5	58.5	59.5	transparent
#4C4C4C	139	59	77	138.5	139.5	58.5	59.5	transparent
#131313	0	58	20	-0.5	0.5	57.5	58.5	transparent
#131313	1	58	20	0.5	1.5	57.5	58.5	transparent
#131313	2	58	20	1.5	2.5	57.5	58.5	transparent
#131313	3	58	20	2.5	3.5	57.5	58.5	transparent
#131313	4	58	20	3.5	4.5	57.5	58.5	transparent
#131313	5	58	20	4.5	5.5	57.5	58.5	transparent
#121212	6	58	19	5.5	6.5	57.5	58.5	transparent
#101010	7	58	17	6.5	7.5	57.5	58.5	transparent
#0F0F0F	8	58	16	7.5	8.5	57.5	58.5	transparent
#101010	9	58	17	8.5	9.5	57.5	58.5	transparent
#131313	10	58	20	9.5	10.5	57.5	58.5	transparent
#1C1C1C	11	58	29	10.5	11.5	57.5	58.5	transparent
#292929	12	58	42	11.5	12.5	57.5	58.5	transparent
#323232	13	58	51	12.5	13.5	57.5	58.5	transparent
#3D3D3D	14	58	62	13.5	14.5	57.5	58.5	transparent
#484848	15	58	73	14.5	15.5	57.5	58.5	transparent
#4F4F4F	16	58	80	15.5	16.5	57.5	58.5	transparent
#535353	17	58	84	16.5	17.5	57.5	58.5	transparent
#5D5D5D	18	58	94	17.5	18.5	57.5	58.5	transparent
#696969	19	58	106	18.5	19.5	57.5	58.5	transparent
#747474	20	58	117	19.5	20.5	57.5	58.5	transparent
#878787	21	58	136	20.5	21.5	57.5	58.5	transparent
#9D9D9D	22	58	158	21.5	22.5	57.5	58.5	transparent
#A5A5A5	23	58	166	22.5	23.5	57.5	58.5	transparent
#737373	24	58	116	23.5	24.5	57.5	58.5	transparent
#494949	25	58	74	24.5	25.5	57.5	58.5	transparent
#3C3C3C	26	58	61	25.5	26.5	57.5	58.5	transparent
#353535	27	58	54	26.5	27.5	57.5	58.5	transparent
#323232	28	58	51	27.5	28.5	57.5	58.5	transparent
#2F2F2F	29	58	48	28.5	29.5	57.5	58.5	transparent
#2E2E2E	30	58	47	29.5	30.5	57.5	58.5	transparent
#2F2F2F	31	58	48	30.5	31.5	57.5	58.5	transparent
#303030	32	58	49	31.5	32.5	57.5	58.5	transparent
#313131	33	58	50	32.5	33.5	57.5	58.5	transparent
#2E2E2E	34	58	47	33.5	34.5	57.5	58.5	transparent
#2B2B2B	35	58	44	34.5	35.5	57.5	58.5	transparent
#2B2B2B	36	58	44	35.5	36.5	57.5	58.5	transparent
#2D2D2D	37	58	46	36.5	37.5	57.5	58.5	transparent
#303030	38	58	49	37.5	38.5	57.5	58.5	transparent
#2D2D2D	39	58	46	38.5	39.5	57.5	58.5	transparent
#2E2E2E	40	58	47	39.5	40.5	57.5	58.5	transparent
#313131	41	58	50	40.5	41.5	57.5	58.5	transparent
#313131	42	58	50	41.5	42.5	57.5	58.5	transparent
#2B2B2B	43	58	44	42.5	43.5	57.5	58.5	transparent
#2D2D2D	44	58	46	43.5	44.5	57.5	58.5	transparent
#2B2B2B	45	58	44	44.5	45.5	57.5	58.5	transparent
#282828	46	58	41	45.5	46.5	57.5	58.5	transparent
#323232	47	58	51	46.5	47.5	57.5	58.5	transparent
#343434	48	58	53	47.5	48.5	57.5	58.5	transparent
#2D2D2D	49	58	46	48.5	49.5	57.5	58.5	transparent
#3A3A3A	50	58	59	49.5	50.5	57.5	58.5	transparent
#474747	51	58	72	50.5	51.5	57.5	58.5	transparent
#454545	52	58	70	51.5	52.5	57.5	58.5	transparent
#3F3F3F	53	58	64	52.5	53.5	57.5	58.5	transparent
#414141	54	58	66	53.5	54.5	57.5	58.5	transparent
#4D4D4D	55	58	78	54.5	55.5	57.5	58.5	transparent
#4D4D4D	56	58	78	55.5	56.5	57.5	58.5	transparent
#4E4E4E	57	58	79	56.5	57.5	57.5	58.5	transparent
#656565	58	58	102	57.5	58.5	57.5	58.5	transparent
#747474	59	58	117	58.5	59.5	57.5	58.5	transparent
#757575	60	58	118	59.5	60.5	57.5	58.5	transparent
#7C7C7C	61	58	125	60.5	61.5	57.5	58.5	transparent
#888888	62	58	137	61.5	62.5	57.5	58.5	transparent
#8F8F8F	63	58	144	62.5	63.5	57.5	58.5	transparent
#979797	64	58	152	63.5	64.5	57.5	58.5	transparent
#A6A6A6	65	58	167	64.5	65.5	57.5	58.5	transparent
#B1B1B1	66	58	178	65.5	66.5	57.5	58.5	transparent
#B3B3B3	67	58	180	66.5	67.5	57.5	58.5	transparent
#B4B4B4	68	58	181	67.5	68.5	57.5	58.5	transparent
#B7B7B7	69	58	184	68.5	69.5	57.5	58.5	transparent
#BBBBBB	70	58	188	69.5	70.5	57.5	58.5	transparent
#C0C0C0	71	58	193	70.5	71.5	57.5	58.5	transparent
#C6C6C6	72	58	199	71.5	72.5	57.5	58.5	transparent
#C9C9C9	73	58	202	72.5	73.5	57.5	58.5	transparent
#C9C9C9	74	58	202	73.5	74.5	57.5	58.5	transparent
#CBCBCB	75	58	204	74.5	75.5	57.5	58.5	transparent
#C7C7C7	76	58	200	75.5	76.5	57.5	58.5	transparent
#BDBDBD	77	58	190	76.5	77.5	57.5	58.5	transparent
#AAAAAA	78	58	171	77.5	78.5	57.5	58.5	transparent
#9F9F9F	79	58	160	78.5	79.5	57.5	58.5	transparent
#9B9B9B	80	58	156	79.5	80.5	57.5	58.5	transparent
#989898	81	58	153	80.5	81.5	57.5	58.5	transparent
#989898	82	58	153	81.5	82.5	57.5	58.5	transparent
#969696	83	58	151	82.5	83.5	57.5	58.5	transparent
#929292	84	58	147	83.5	84.5	57.5	58.5	transparent
#8D8D8D	85	58	142	84.5	85.5	57.5	58.5	transparent
#8A8A8A	86	58	139	85.5	86.5	57.5	58.5	transparent
#8B8B8B	87	58	140	86.5	87.5	57.5	58.5	transparent
#878787	88	58	136	87.5	88.5	57.5	58.5	transparent
#7F7F7F	89	58	128	88.5	89.5	57.5	58.5	transparent
#797979	90	58	122	89.5	90.5	57.5	58.5	transparent
#707070	91	58	113	90.5	91.5	57.5	58.5	transparent
#6E6E6E	92	58	111	91.5	92.5	57.5	58.5	transparent
#666666	93	58	103	92.5	93.5	57.5	58.5	transparent
#515151	94	58	82	93.5	94.5	57.5	58.5	transparent
#333333	95	58	52	94.5	95.5	57.5	58.5	transparent
#272727	96	58	40	95.5	96.5	57.5	58.5	transparent
#2E2E2E	97	58	47	96.5	97.5	57.5	58.5	transparent
#323232	98	58	51	97.5	98.5	57.5	58.5	transparent
#363636	99	58	55	98.5	99.5	57.5	58.5	transparent
#363636	100	58	55	99.5	100.5	57.5	58.5	transparent
#363636	101	58	55	100.5	101.5	57.5	58.5	transparent
#383838	102	58	57	101.5	102.5	57.5	58.5	transparent
#383838	103	58	57	102.5	103.5	57.5	58.5	transparent
#363636	104	58	55	103.5	104.5	57.5	58.5	transparent
#383838	105	58	57	104.5	105.5	57.5	58.5	transparent
#393939	106	58	58	105.5	106.5	57.5	58.5	transparent
#3D3D3D	107	58	62	106.5	107.5	57.5	58.5	transparent
#3E3E3E	108	58	63	107.5	108.5	57.5	58.5	transparent
#3D3D3D	109	58	62	108.5	109.5	57.5	58.5	transparent
#3D3D3D	110	58	62	109.5	110.5	57.5	58.5	transparent
#404040	111	58	65	110.5	111.5	57.5	58.5	transparent
#444444	112	58	69	111.5	112.5	57.5	58.5	transparent
#434343	113	58	68	112.5	113.5	57.5	58.5	transparent
#424242	114	58	67	113.5	114.5	57.5	58.5	transparent
#3F3F3F	115	58	64	114.5	115.5	57.5	58.5	transparent
#4B4B4B	116	58	76	115.5	116.5	57.5	58.5	transparent
#585858	117	58	89	116.5	117.5	57.5	58.5	transparent
#8A8A8A	118	58	139	117.5	118.5	57.5	58.5	transparent
#B1B1B1	119	58	178	118.5	119.5	57.5	58.5	transparent
#ABABAB	120	58	172	119.5	120.5	57.5	58.5	transparent
#9A9A9A	121	58	155	120.5	121.5	57.5	58.5	transparent
#878787	122	58	136	121.5	122.5	57.5	58.5	transparent
#7C7C7C	123	58	125	122.5	123.5	57.5	58.5	transparent
#737373	124	58	116	123.5	124.5	57.5	58.5	transparent
#696969	125	58	106	124.5	125.5	57.5	58.5	transparent
#656565	126	58	102	125.5	126.5	57.5	58.5	transparent
#5F5F5F	127	58	96	126.5	127.5	57.5	58.5	transparent
#585858	128	58	89	127.5	128.5	57.5	58.5	transparent
#4E4E4E	129	58	79	128.5	129.5	57.5	58.5	transparent
#454545	130	58	70	129.5	130.5	57.5	58.5	transparent
#373737	131	58	56	130.5	131.5	57.5	58.5	transparent
#282828	132	58	41	131.5	132.5	57.5	58.5	transparent
#1B1B1B	133	58	28	132.5	133.5	57.5	58.5	transparent
#0B0B0B	134	58	12	133.5	134.5	57.5	58.5	transparent
#070707	135	58	8	134.5	135.5	57.5	58.5	transparent
#0A0A0A	136	58	11	135.5	136.5	57.5	58.5	transparent
#0B0B0B	137	58	12	136.5	137.5	57.5	58.5	transparent
#1F1F1F	138	58	32	137.5	138.5	57.5	58.5	transparent
#4E4E4E	139	58	79	138.5	139.5	57.5	58.5	transparent
#131313	0	57	20	-0.5	0.5	56.5	57.5	transparent
#131313	1	57	20	0.5	1.5	56.5	57.5	transparent
#131313	2	57	20	1.5	2.5	56.5	57.5	transparent
#131313	3	57	20	2.5	3.5	56.5	57.5	transparent
#131313	4	57	20	3.5	4.5	56.5	57.5	transparent
#131313	5	57	20	4.5	5.5	56.5	57.5	transparent
#121212	6	57	19	5.5	6.5	56.5	57.5	transparent
#101010	7	57	17	6.5	7.5	56.5	57.5	transparent
#0F0F0F	8	57	16	7.5	8.5	56.5	57.5	transparent
#0F0F0F	9	57	16	8.5	9.5	56.5	57.5	transparent
#121212	10	57	19	9.5	10.5	56.5	57.5	transparent
#191919	11	57	26	10.5	11.5	56.5	57.5	transparent
#242424	12	57	37	11.5	12.5	56.5	57.5	transparent
#303030	13	57	49	12.5	13.5	56.5	57.5	transparent
#3B3B3B	14	57	60	13.5	14.5	56.5	57.5	transparent
#474747	15	57	72	14.5	15.5	56.5	57.5	transparent
#4E4E4E	16	57	79	15.5	16.5	56.5	57.5	transparent
#535353	17	57	84	16.5	17.5	56.5	57.5	transparent
#5C5C5C	18	57	93	17.5	18.5	56.5	57.5	transparent
#6A6A6A	19	57	107	18.5	19.5	56.5	57.5	transparent
#757575	20	57	118	19.5	20.5	56.5	57.5	transparent
#898989	21	57	138	20.5	21.5	56.5	57.5	transparent
#9B9B9B	22	57	156	21.5	22.5	56.5	57.5	transparent
#A0A0A0	23	57	161	22.5	23.5	56.5	57.5	transparent
#6C6C6C	24	57	109	23.5	24.5	56.5	57.5	transparent
#4B4B4B	25	57	76	24.5	25.5	56.5	57.5	transparent
#3C3C3C	26	57	61	25.5	26.5	56.5	57.5	transparent
#313131	27	57	50	26.5	27.5	56.5	57.5	transparent
#2D2D2D	28	57	46	27.5	28.5	56.5	57.5	transparent
#2B2B2B	29	57	44	28.5	29.5	56.5	57.5	transparent
#2A2A2A	30	57	43	29.5	30.5	56.5	57.5	transparent
#2B2B2B	31	57	44	30.5	31.5	56.5	57.5	transparent
#2C2C2C	32	57	45	31.5	32.5	56.5	57.5	transparent
#292929	33	57	42	32.5	33.5	56.5	57.5	transparent
#2A2A2A	34	57	43	33.5	34.5	56.5	57.5	transparent
#2A2A2A	35	57	43	34.5	35.5	56.5	57.5	transparent
#292929	36	57	42	35.5	36.5	56.5	57.5	transparent
#2D2D2D	37	57	46	36.5	37.5	56.5	57.5	transparent
#323232	38	57	51	37.5	38.5	56.5	57.5	transparent
#343434	39	57	53	38.5	39.5	56.5	57.5	transparent
#363636	40	57	55	39.5	40.5	56.5	57.5	transparent
#363636	41	57	55	40.5	41.5	56.5	57.5	transparent
#323232	42	57	51	41.5	42.5	56.5	57.5	transparent
#2F2F2F	43	57	48	42.5	43.5	56.5	57.5	transparent
#2F2F2F	44	57	48	43.5	44.5	56.5	57.5	transparent
#2F2F2F	45	57	48	44.5	45.5	56.5	57.5	transparent
#313131	46	57	50	45.5	46.5	56.5	57.5	transparent
#393939	47	57	58	46.5	47.5	56.5	57.5	transparent
#303030	48	57	49	47.5	48.5	56.5	57.5	transparent
#2C2C2C	49	57	45	48.5	49.5	56.5	57.5	transparent
#404040	50	57	65	49.5	50.5	56.5	57.5	transparent
#4A4A4A	51	57	75	50.5	51.5	56.5	57.5	transparent
#414141	52	57	66	51.5	52.5	56.5	57.5	transparent
#404040	53	57	65	52.5	53.5	56.5	57.5	transparent
#424242	54	57	67	53.5	54.5	56.5	57.5	transparent
#474747	55	57	72	54.5	55.5	56.5	57.5	transparent
#484848	56	57	73	55.5	56.5	56.5	57.5	transparent
#565656	57	57	87	56.5	57.5	56.5	57.5	transparent
#6B6B6B	58	57	108	57.5	58.5	56.5	57.5	transparent
#747474	59	57	117	58.5	59.5	56.5	57.5	transparent
#757575	60	57	118	59.5	60.5	56.5	57.5	transparent
#7C7C7C	61	57	125	60.5	61.5	56.5	57.5	transparent
#858585	62	57	134	61.5	62.5	56.5	57.5	transparent
#8B8B8B	63	57	140	62.5	63.5	56.5	57.5	transparent
#979797	64	57	152	63.5	64.5	56.5	57.5	transparent
#ABABAB	65	57	172	64.5	65.5	56.5	57.5	transparent
#B1B1B1	66	57	178	65.5	66.5	56.5	57.5	transparent
#B5B5B5	67	57	182	66.5	67.5	56.5	57.5	transparent
#B9B9B9	68	57	186	67.5	68.5	56.5	57.5	transparent
#BBBBBB	69	57	188	68.5	69.5	56.5	57.5	transparent
#BDBDBD	70	57	190	69.5	70.5	56.5	57.5	transparent
#C1C1C1	71	57	194	70.5	71.5	56.5	57.5	transparent
#C7C7C7	72	57	200	71.5	72.5	56.5	57.5	transparent
#CACACA	73	57	203	72.5	73.5	56.5	57.5	transparent
#CBCBCB	74	57	204	73.5	74.5	56.5	57.5	transparent
#CCCCCC	75	57	205	74.5	75.5	56.5	57.5	transparent
#CACACA	76	57	203	75.5	76.5	56.5	57.5	transparent
#BFBFBF	77	57	192	76.5	77.5	56.5	57.5	transparent
#ACACAC	78	57	173	77.5	78.5	56.5	57.5	transparent
#A2A2A2	79	57	163	78.5	79.5	56.5	57.5	transparent
#9E9E9E	80	57	159	79.5	80.5	56.5	57.5	transparent
#9B9B9B	81	57	156	80.5	81.5	56.5	57.5	transparent
#9B9B9B	82	57	156	81.5	82.5	56.5	57.5	transparent
#999999	83	57	154	82.5	83.5	56.5	57.5	transparent
#979797	84	57	152	83.5	84.5	56.5	57.5	transparent
#939393	85	57	148	84.5	85.5	56.5	57.5	transparent
#8F8F8F	86	57	144	85.5	86.5	56.5	57.5	transparent
#8E8E8E	87	57	143	86.5	87.5	56.5	57.5	transparent
#8A8A8A	88	57	139	87.5	88.5	56.5	57.5	transparent
#858585	89	57	134	88.5	89.5	56.5	57.5	transparent
#7D7D7D	90	57	126	89.5	90.5	56.5	57.5	transparent
#737373	91	57	116	90.5	91.5	56.5	57.5	transparent
#6B6B6B	92	57	108	91.5	92.5	56.5	57.5	transparent
#696969	93	57	106	92.5	93.5	56.5	57.5	transparent
#585858	94	57	89	93.5	94.5	56.5	57.5	transparent
#3A3A3A	95	57	59	94.5	95.5	56.5	57.5	transparent
#282828	96	57	41	95.5	96.5	56.5	57.5	transparent
#262626	97	57	39	96.5	97.5	56.5	57.5	transparent
#2C2C2C	98	57	45	97.5	98.5	56.5	57.5	transparent
#2E2E2E	99	57	47	98.5	99.5	56.5	57.5	transparent
#373737	100	57	56	99.5	100.5	56.5	57.5	transparent
#343434	101	57	53	100.5	101.5	56.5	57.5	transparent
#303030	102	57	49	101.5	102.5	56.5	57.5	transparent
#343434	103	57	53	102.5	103.5	56.5	57.5	transparent
#353535	104	57	54	103.5	104.5	56.5	57.5	transparent
#363636	105	57	55	104.5	105.5	56.5	57.5	transparent
#393939	106	57	58	105.5	106.5	56.5	57.5	transparent
#3C3C3C	107	57	61	106.5	107.5	56.5	57.5	transparent
#3E3E3E	108	57	63	107.5	108.5	56.5	57.5	transparent
#3E3E3E	109	57	63	108.5	109.5	56.5	57.5	transparent
#3F3F3F	110	57	64	109.5	110.5	56.5	57.5	transparent
#3F3F3F	111	57	64	110.5	111.5	56.5	57.5	transparent
#414141	112	57	66	111.5	112.5	56.5	57.5	transparent
#424242	113	57	67	112.5	113.5	56.5	57.5	transparent
#444444	114	57	69	113.5	114.5	56.5	57.5	transparent
#494949	115	57	74	114.5	115.5	56.5	57.5	transparent
#4B4B4B	116	57	76	115.5	116.5	56.5	57.5	transparent
#525252	117	57	83	116.5	117.5	56.5	57.5	transparent
#7D7D7D	118	57	126	117.5	118.5	56.5	57.5	transparent
#ADADAD	119	57	174	118.5	119.5	56.5	57.5	transparent
#ACACAC	120	57	173	119.5	120.5	56.5	57.5	transparent
#9B9B9B	121	57	156	120.5	121.5	56.5	57.5	transparent
#858585	122	57	134	121.5	122.5	56.5	57.5	transparent
#7B7B7B	123	57	124	122.5	123.5	56.5	57.5	transparent
#727272	124	57	115	123.5	124.5	56.5	57.5	transparent
#686868	125	57	105	124.5	125.5	56.5	57.5	transparent
#646464	126	57	101	125.5	126.5	56.5	57.5	transparent
#5F5F5F	127	57	96	126.5	127.5	56.5	57.5	transparent
#565656	128	57	87	127.5	128.5	56.5	57.5	transparent
#4D4D4D	129	57	78	128.5	129.5	56.5	57.5	transparent
#434343	130	57	68	129.5	130.5	56.5	57.5	transparent
#333333	131	57	52	130.5	131.5	56.5	57.5	transparent
#262626	132	57	39	131.5	132.5	56.5	57.5	transparent
#171717	133	57	24	132.5	133.5	56.5	57.5	transparent
#090909	134	57	10	133.5	134.5	56.5	57.5	transparent
#070707	135	57	8	134.5	135.5	56.5	57.5	transparent
#0A0A0A	136	57	11	135.5	136.5	56.5	57.5	transparent
#0B0B0B	137	57	12	136.5	137.5	56.5	57.5	transparent
#1F1F1F	138	57	32	137.5	138.5	56.5	57.5	transparent
#525252	139	57	83	138.5	139.5	56.5	57.5	transparent
#131313	0	56	20	-0.5	0.5	55.5	56.5	transparent
#131313	1	56	20	0.5	1.5	55.5	56.5	transparent
#131313	2	56	20	1.5	2.5	55.5	56.5	transparent
#131313	3	56	20	2.5	3.5	55.5	56.5	transparent
#131313	4	56	20	3.5	4.5	55.5	56.5	transparent
#131313	5	56	20	4.5	5.5	55.5	56.5	transparent
#121212	6	56	19	5.5	6.5	55.5	56.5	transparent
#101010	7	56	17	6.5	7.5	55.5	56.5	transparent
#0F0F0F	8	56	16	7.5	8.5	55.5	56.5	transparent
#0F0F0F	9	56	16	8.5	9.5	55.5	56.5	transparent
#111111	10	56	18	9.5	10.5	55.5	56.5	transparent
#171717	11	56	24	10.5	11.5	55.5	56.5	transparent
#212121	12	56	34	11.5	12.5	55.5	56.5	transparent
#2D2D2D	13	56	46	12.5	13.5	55.5	56.5	transparent
#393939	14	56	58	13.5	14.5	55.5	56.5	transparent
#454545	15	56	70	14.5	15.5	55.5	56.5	transparent
#4E4E4E	16	56	79	15.5	16.5	55.5	56.5	transparent
#535353	17	56	84	16.5	17.5	55.5	56.5	transparent
#5B5B5B	18	56	92	17.5	18.5	55.5	56.5	transparent
#6A6A6A	19	56	107	18.5	19.5	55.5	56.5	transparent
#767676	20	56	119	19.5	20.5	55.5	56.5	transparent
#8A8A8A	21	56	139	20.5	21.5	55.5	56.5	transparent
#999999	22	56	154	21.5	22.5	55.5	56.5	transparent
#9D9D9D	23	56	158	22.5	23.5	55.5	56.5	transparent
#676767	24	56	104	23.5	24.5	55.5	56.5	transparent
#484848	25	56	73	24.5	25.5	55.5	56.5	transparent
#3B3B3B	26	56	60	25.5	26.5	55.5	56.5	transparent
#2D2D2D	27	56	46	26.5	27.5	55.5	56.5	transparent
#2A2A2A	28	56	43	27.5	28.5	55.5	56.5	transparent
#262626	29	56	39	28.5	29.5	55.5	56.5	transparent
#242424	30	56	37	29.5	30.5	55.5	56.5	transparent
#222222	31	56	35	30.5	31.5	55.5	56.5	transparent
#232323	32	56	36	31.5	32.5	55.5	56.5	transparent
#262626	33	56	39	32.5	33.5	55.5	56.5	transparent
#2C2C2C	34	56	45	33.5	34.5	55.5	56.5	transparent
#2D2D2D	35	56	46	34.5	35.5	55.5	56.5	transparent
#303030	36	56	49	35.5	36.5	55.5	56.5	transparent
#333333	37	56	52	36.5	37.5	55.5	56.5	transparent
#343434	38	56	53	37.5	38.5	55.5	56.5	transparent
#343434	39	56	53	38.5	39.5	55.5	56.5	transparent
#363636	40	56	55	39.5	40.5	55.5	56.5	transparent
#313131	41	56	50	40.5	41.5	55.5	56.5	transparent
#303030	42	56	49	41.5	42.5	55.5	56.5	transparent
#303030	43	56	49	42.5	43.5	55.5	56.5	transparent
#303030	44	56	49	43.5	44.5	55.5	56.5	transparent
#333333	45	56	52	44.5	45.5	55.5	56.5	transparent
#353535	46	56	54	45.5	46.5	55.5	56.5	transparent
#333333	47	56	52	46.5	47.5	55.5	56.5	transparent
#333333	48	56	52	47.5	48.5	55.5	56.5	transparent
#3B3B3B	49	56	60	48.5	49.5	55.5	56.5	transparent
#494949	50	56	74	49.5	50.5	55.5	56.5	transparent
#4E4E4E	51	56	79	50.5	51.5	55.5	56.5	transparent
#4A4A4A	52	56	75	51.5	52.5	55.5	56.5	transparent
#484848	53	56	73	52.5	53.5	55.5	56.5	transparent
#474747	54	56	72	53.5	54.5	55.5	56.5	transparent
#494949	55	56	74	54.5	55.5	55.5	56.5	transparent
#4D4D4D	56	56	78	55.5	56.5	55.5	56.5	transparent
#575757	57	56	88	56.5	57.5	55.5	56.5	transparent
#6C6C6C	58	56	109	57.5	58.5	55.5	56.5	transparent
#797979	59	56	122	58.5	59.5	55.5	56.5	transparent
#7A7A7A	60	56	123	59.5	60.5	55.5	56.5	transparent
#7D7D7D	61	56	126	60.5	61.5	55.5	56.5	transparent
#878787	62	56	136	61.5	62.5	55.5	56.5	transparent
#909090	63	56	145	62.5	63.5	55.5	56.5	transparent
#9B9B9B	64	56	156	63.5	64.5	55.5	56.5	transparent
#AEAEAE	65	56	175	64.5	65.5	55.5	56.5	transparent
#B5B5B5	66	56	182	65.5	66.5	55.5	56.5	transparent
#B8B8B8	67	56	185	66.5	67.5	55.5	56.5	transparent
#B9B9B9	68	56	186	67.5	68.5	55.5	56.5	transparent
#BABABA	69	56	187	68.5	69.5	55.5	56.5	transparent
#BDBDBD	70	56	190	69.5	70.5	55.5	56.5	transparent
#C0C0C0	71	56	193	70.5	71.5	55.5	56.5	transparent
#C5C5C5	72	56	198	71.5	72.5	55.5	56.5	transparent
#CACACA	73	56	203	72.5	73.5	55.5	56.5	transparent
#CBCBCB	74	56	204	73.5	74.5	55.5	56.5	transparent
#CDCDCD	75	56	206	74.5	75.5	55.5	56.5	transparent
#CBCBCB	76	56	204	75.5	76.5	55.5	56.5	transparent
#C0C0C0	77	56	193	76.5	77.5	55.5	56.5	transparent
#AFAFAF	78	56	176	77.5	78.5	55.5	56.5	transparent
#A7A7A7	79	56	168	78.5	79.5	55.5	56.5	transparent
#A3A3A3	80	56	164	79.5	80.5	55.5	56.5	transparent
#A0A0A0	81	56	161	80.5	81.5	55.5	56.5	transparent
#A0A0A0	82	56	161	81.5	82.5	55.5	56.5	transparent
#9D9D9D	83	56	158	82.5	83.5	55.5	56.5	transparent
#9B9B9B	84	56	156	83.5	84.5	55.5	56.5	transparent
#9B9B9B	85	56	156	84.5	85.5	55.5	56.5	transparent
#989898	86	56	153	85.5	86.5	55.5	56.5	transparent
#949494	87	56	149	86.5	87.5	55.5	56.5	transparent
#929292	88	56	147	87.5	88.5	55.5	56.5	transparent
#8E8E8E	89	56	143	88.5	89.5	55.5	56.5	transparent
#858585	90	56	134	89.5	90.5	55.5	56.5	transparent
#797979	91	56	122	90.5	91.5	55.5	56.5	transparent
#6F6F6F	92	56	112	91.5	92.5	55.5	56.5	transparent
#6A6A6A	93	56	107	92.5	93.5	55.5	56.5	transparent
#606060	94	56	97	93.5	94.5	55.5	56.5	transparent
#464646	95	56	71	94.5	95.5	55.5	56.5	transparent
#313131	96	56	50	95.5	96.5	55.5	56.5	transparent
#272727	97	56	40	96.5	97.5	55.5	56.5	transparent
#292929	98	56	42	97.5	98.5	55.5	56.5	transparent
#2B2B2B	99	56	44	98.5	99.5	55.5	56.5	transparent
#353535	100	56	54	99.5	100.5	55.5	56.5	transparent
#353535	101	56	54	100.5	101.5	55.5	56.5	transparent
#313131	102	56	50	101.5	102.5	55.5	56.5	transparent
#353535	103	56	54	102.5	103.5	55.5	56.5	transparent
#353535	104	56	54	103.5	104.5	55.5	56.5	transparent
#333333	105	56	52	104.5	105.5	55.5	56.5	transparent
#353535	106	56	54	105.5	106.5	55.5	56.5	transparent
#353535	107	56	54	106.5	107.5	55.5	56.5	transparent
#373737	108	56	56	107.5	108.5	55.5	56.5	transparent
#3C3C3C	109	56	61	108.5	109.5	55.5	56.5	transparent
#424242	110	56	67	109.5	110.5	55.5	56.5	transparent
#424242	111	56	67	110.5	111.5	55.5	56.5	transparent
#414141	112	56	66	111.5	112.5	55.5	56.5	transparent
#434343	113	56	68	112.5	113.5	55.5	56.5	transparent
#444444	114	56	69	113.5	114.5	55.5	56.5	transparent
#494949	115	56	74	114.5	115.5	55.5	56.5	transparent
#515151	116	56	82	115.5	116.5	55.5	56.5	transparent
#555555	117	56	86	116.5	117.5	55.5	56.5	transparent
#707070	118	56	113	117.5	118.5	55.5	56.5	transparent
#A6A6A6	119	56	167	118.5	119.5	55.5	56.5	transparent
#A9A9A9	120	56	170	119.5	120.5	55.5	56.5	transparent
#9D9D9D	121	56	158	120.5	121.5	55.5	56.5	transparent
#868686	122	56	135	121.5	122.5	55.5	56.5	transparent
#7B7B7B	123	56	124	122.5	123.5	55.5	56.5	transparent
#727272	124	56	115	123.5	124.5	55.5	56.5	transparent
#686868	125	56	105	124.5	125.5	55.5	56.5	transparent
#646464	126	56	101	125.5	126.5	55.5	56.5	transparent
#5E5E5E	127	56	95	126.5	127.5	55.5	56.5	transparent
#545454	128	56	85	127.5	128.5	55.5	56.5	transparent
#4A4A4A	129	56	75	128.5	129.5	55.5	56.5	transparent
#404040	130	56	65	129.5	130.5	55.5	56.5	transparent
#303030	131	56	49	130.5	131.5	55.5	56.5	transparent
#242424	132	56	37	131.5	132.5	55.5	56.5	transparent
#151515	133	56	22	132.5	133.5	55.5	56.5	transparent
#090909	134	56	10	133.5	134.5	55.5	56.5	transparent
#070707	135	56	8	134.5	135.5	55.5	56.5	transparent
#0A0A0A	136	56	11	135.5	136.5	55.5	56.5	transparent
#0B0B0B	137	56	12	136.5	137.5	55.5	56.5	transparent
#1E1E1E	138	56	31	137.5	138.5	55.5	56.5	transparent
#515151	139	56	82	138.5	139.5	55.5	56.5	transparent
#131313	0	55	20	-0.5	0.5	54.5	55.5	transparent
#131313	1	55	20	0.5	1.5	54.5	55.5	transparent
#131313	2	55	20	1.5	2.5	54.5	55.5	transparent
#131313	3	55	20	2.5	3.5	54.5	55.5	transparent
#131313	4	55	20	3.5	4.5	54.5	55.5	transparent
#131313	5	55	20	4.5	5.5	54.5	55.5	transparent
#121212	6	55	19	5.5	6.5	54.5	55.5	transparent
#111111	7	55	18	6.5	7.5	54.5	55.5	transparent
#101010	8	55	17	7.5	8.5	54.5	55.5	transparent
#0F0F0F	9	55	16	8.5	9.5	54.5	55.5	transparent
#111111	10	55	18	9.5	10.5	54.5	55.5	transparent
#161616	11	55	23	10.5	11.5	54.5	55.5	transparent
#1E1E1E	12	55	31	11.5	12.5	54.5	55.5	transparent
#2A2A2A	13	55	43	12.5	13.5	54.5	55.5	transparent
#373737	14	55	56	13.5	14.5	54.5	55.5	transparent
#434343	15	55	68	14.5	15.5	54.5	55.5	transparent
#4D4D4D	16	55	78	15.5	16.5	54.5	55.5	transparent
#535353	17	55	84	16.5	17.5	54.5	55.5	transparent
#5C5C5C	18	55	93	17.5	18.5	54.5	55.5	transparent
#6A6A6A	19	55	107	18.5	19.5	54.5	55.5	transparent
#777777	20	55	120	19.5	20.5	54.5	55.5	transparent
#8A8A8A	21	55	139	20.5	21.5	54.5	55.5	transparent
#999999	22	55	154	21.5	22.5	54.5	55.5	transparent
#9A9A9A	23	55	155	22.5	23.5	54.5	55.5	transparent
#5F5F5F	24	55	96	23.5	24.5	54.5	55.5	transparent
#444444	25	55	69	24.5	25.5	54.5	55.5	transparent
#393939	26	55	58	25.5	26.5	54.5	55.5	transparent
#2D2D2D	27	55	46	26.5	27.5	54.5	55.5	transparent
#232323	28	55	36	27.5	28.5	54.5	55.5	transparent
#1D1D1D	29	55	30	28.5	29.5	54.5	55.5	transparent
#1C1C1C	30	55	29	29.5	30.5	54.5	55.5	transparent
#1F1F1F	31	55	32	30.5	31.5	54.5	55.5	transparent
#212121	32	55	34	31.5	32.5	54.5	55.5	transparent
#282828	33	55	41	32.5	33.5	54.5	55.5	transparent
#2B2B2B	34	55	44	33.5	34.5	54.5	55.5	transparent
#2D2D2D	35	55	46	34.5	35.5	54.5	55.5	transparent
#2F2F2F	36	55	48	35.5	36.5	54.5	55.5	transparent
#323232	37	55	51	36.5	37.5	54.5	55.5	transparent
#333333	38	55	52	37.5	38.5	54.5	55.5	transparent
#353535	39	55	54	38.5	39.5	54.5	55.5	transparent
#333333	40	55	52	39.5	40.5	54.5	55.5	transparent
#333333	41	55	52	40.5	41.5	54.5	55.5	transparent
#363636	42	55	55	41.5	42.5	54.5	55.5	transparent
#2F2F2F	43	55	48	42.5	43.5	54.5	55.5	transparent
#363636	44	55	55	43.5	44.5	54.5	55.5	transparent
#3C3C3C	45	55	61	44.5	45.5	54.5	55.5	transparent
#343434	46	55	53	45.5	46.5	54.5	55.5	transparent
#313131	47	55	50	46.5	47.5	54.5	55.5	transparent
#414141	48	55	66	47.5	48.5	54.5	55.5	transparent
#4D4D4D	49	55	78	48.5	49.5	54.5	55.5	transparent
#545454	50	55	85	49.5	50.5	54.5	55.5	transparent
#515151	51	55	82	50.5	51.5	54.5	55.5	transparent
#4E4E4E	52	55	79	51.5	52.5	54.5	55.5	transparent
#4B4B4B	53	55	76	52.5	53.5	54.5	55.5	transparent
#444444	54	55	69	53.5	54.5	54.5	55.5	transparent
#484848	55	55	73	54.5	55.5	54.5	55.5	transparent
#515151	56	55	82	55.5	56.5	54.5	55.5	transparent
#535353	57	55	84	56.5	57.5	54.5	55.5	transparent
#636363	58	55	100	57.5	58.5	54.5	55.5	transparent
#747474	59	55	117	58.5	59.5	54.5	55.5	transparent
#797979	60	55	122	59.5	60.5	54.5	55.5	transparent
#7F7F7F	61	55	128	60.5	61.5	54.5	55.5	transparent
#8A8A8A	62	55	139	61.5	62.5	54.5	55.5	transparent
#929292	63	55	147	62.5	63.5	54.5	55.5	transparent
#9E9E9E	64	55	159	63.5	64.5	54.5	55.5	transparent
#ACACAC	65	55	173	64.5	65.5	54.5	55.5	transparent
#B6B6B6	66	55	183	65.5	66.5	54.5	55.5	transparent
#B8B8B8	67	55	185	66.5	67.5	54.5	55.5	transparent
#B8B8B8	68	55	185	67.5	68.5	54.5	55.5	transparent
#B8B8B8	69	55	185	68.5	69.5	54.5	55.5	transparent
#B7B7B7	70	55	184	69.5	70.5	54.5	55.5	transparent
#BCBCBC	71	55	189	70.5	71.5	54.5	55.5	transparent
#C2C2C2	72	55	195	71.5	72.5	54.5	55.5	transparent
#C9C9C9	73	55	202	72.5	73.5	54.5	55.5	transparent
#CBCBCB	74	55	204	73.5	74.5	54.5	55.5	transparent
#CDCDCD	75	55	206	74.5	75.5	54.5	55.5	transparent
#CACACA	76	55	203	75.5	76.5	54.5	55.5	transparent
#C1C1C1	77	55	194	76.5	77.5	54.5	55.5	transparent
#B2B2B2	78	55	179	77.5	78.5	54.5	55.5	transparent
#A9A9A9	79	55	170	78.5	79.5	54.5	55.5	transparent
#A8A8A8	80	55	169	79.5	80.5	54.5	55.5	transparent
#A5A5A5	81	55	166	80.5	81.5	54.5	55.5	transparent
#A3A3A3	82	55	164	81.5	82.5	54.5	55.5	transparent
#A0A0A0	83	55	161	82.5	83.5	54.5	55.5	transparent
#9D9D9D	84	55	158	83.5	84.5	54.5	55.5	transparent
#9D9D9D	85	55	158	84.5	85.5	54.5	55.5	transparent
#9B9B9B	86	55	156	85.5	86.5	54.5	55.5	transparent
#999999	87	55	154	86.5	87.5	54.5	55.5	transparent
#9B9B9B	88	55	156	87.5	88.5	54.5	55.5	transparent
#999999	89	55	154	88.5	89.5	54.5	55.5	transparent
#909090	90	55	145	89.5	90.5	54.5	55.5	transparent
#828282	91	55	131	90.5	91.5	54.5	55.5	transparent
#797979	92	55	122	91.5	92.5	54.5	55.5	transparent
#737373	93	55	116	92.5	93.5	54.5	55.5	transparent
#686868	94	55	105	93.5	94.5	54.5	55.5	transparent
#545454	95	55	85	94.5	95.5	54.5	55.5	transparent
#3D3D3D	96	55	62	95.5	96.5	54.5	55.5	transparent
#303030	97	55	49	96.5	97.5	54.5	55.5	transparent
#2C2C2C	98	55	45	97.5	98.5	54.5	55.5	transparent
#2E2E2E	99	55	47	98.5	99.5	54.5	55.5	transparent
#313131	100	55	50	99.5	100.5	54.5	55.5	transparent
#343434	101	55	53	100.5	101.5	54.5	55.5	transparent
#353535	102	55	54	101.5	102.5	54.5	55.5	transparent
#353535	103	55	54	102.5	103.5	54.5	55.5	transparent
#323232	104	55	51	103.5	104.5	54.5	55.5	transparent
#2F2F2F	105	55	48	104.5	105.5	54.5	55.5	transparent
#2D2D2D	106	55	46	105.5	106.5	54.5	55.5	transparent
#2A2A2A	107	55	43	106.5	107.5	54.5	55.5	transparent
#2E2E2E	108	55	47	107.5	108.5	54.5	55.5	transparent
#343434	109	55	53	108.5	109.5	54.5	55.5	transparent
#373737	110	55	56	109.5	110.5	54.5	55.5	transparent
#3C3C3C	111	55	61	110.5	111.5	54.5	55.5	transparent
#434343	112	55	68	111.5	112.5	54.5	55.5	transparent
#424242	113	55	67	112.5	113.5	54.5	55.5	transparent
#434343	114	55	68	113.5	114.5	54.5	55.5	transparent
#474747	115	55	72	114.5	115.5	54.5	55.5	transparent
#505050	116	55	81	115.5	116.5	54.5	55.5	transparent
#5B5B5B	117	55	92	116.5	117.5	54.5	55.5	transparent
#696969	118	55	106	117.5	118.5	54.5	55.5	transparent
#9C9C9C	119	55	157	118.5	119.5	54.5	55.5	transparent
#A8A8A8	120	55	169	119.5	120.5	54.5	55.5	transparent
#9D9D9D	121	55	158	120.5	121.5	54.5	55.5	transparent
#878787	122	55	136	121.5	122.5	54.5	55.5	transparent
#7C7C7C	123	55	125	122.5	123.5	54.5	55.5	transparent
#717171	124	55	114	123.5	124.5	54.5	55.5	transparent
#676767	125	55	104	124.5	125.5	54.5	55.5	transparent
#626262	126	55	99	125.5	126.5	54.5	55.5	transparent
#5C5C5C	127	55	93	126.5	127.5	54.5	55.5	transparent
#525252	128	55	83	127.5	128.5	54.5	55.5	transparent
#474747	129	55	72	128.5	129.5	54.5	55.5	transparent
#3B3B3B	130	55	60	129.5	130.5	54.5	55.5	transparent
#2E2E2E	131	55	47	130.5	131.5	54.5	55.5	transparent
#222222	132	55	35	131.5	132.5	54.5	55.5	transparent
#121212	133	55	19	132.5	133.5	54.5	55.5	transparent
#070707	134	55	8	133.5	134.5	54.5	55.5	transparent
#080808	135	55	9	134.5	135.5	54.5	55.5	transparent
#0A0A0A	136	55	11	135.5	136.5	54.5	55.5	transparent
#0B0B0B	137	55	12	136.5	137.5	54.5	55.5	transparent
#1F1F1F	138	55	32	137.5	138.5	54.5	55.5	transparent
#4E4E4E	139	55	79	138.5	139.5	54.5	55.5	transparent
#131313	0	54	20	-0.5	0.5	53.5	54.5	transparent
#131313	1	54	20	0.5	1.5	53.5	54.5	transparent
#131313	2	54	20	1.5	2.5	53.5	54.5	transparent
#131313	3	54	20	2.5	3.5	53.5	54.5	transparent
#131313	4	54	20	3.5	4.5	53.5	54.5	transparent
#131313	5	54	20	4.5	5.5	53.5	54.5	transparent
#121212	6	54	19	5.5	6.5	53.5	54.5	transparent
#121212	7	54	19	6.5	7.5	53.5	54.5	transparent
#101010	8	54	17	7.5	8.5	53.5	54.5	transparent
#0F0F0F	9	54	16	8.5	9.5	53.5	54.5	transparent
#111111	10	54	18	9.5	10.5	53.5	54.5	transparent
#141414	11	54	21	10.5	11.5	53.5	54.5	transparent
#1B1B1B	12	54	28	11.5	12.5	53.5	54.5	transparent
#282828	13	54	41	12.5	13.5	53.5	54.5	transparent
#353535	14	54	54	13.5	14.5	53.5	54.5	transparent
#404040	15	54	65	14.5	15.5	53.5	54.5	transparent
#4B4B4B	16	54	76	15.5	16.5	53.5	54.5	transparent
#535353	17	54	84	16.5	17.5	53.5	54.5	transparent
#5D5D5D	18	54	94	17.5	18.5	53.5	54.5	transparent
#6A6A6A	19	54	107	18.5	19.5	53.5	54.5	transparent
#797979	20	54	122	19.5	20.5	53.5	54.5	transparent
#8B8B8B	21	54	140	20.5	21.5	53.5	54.5	transparent
#9D9D9D	22	54	158	21.5	22.5	53.5	54.5	transparent
#939393	23	54	148	22.5	23.5	53.5	54.5	transparent
#595959	24	54	90	23.5	24.5	53.5	54.5	transparent
#3F3F3F	25	54	64	24.5	25.5	53.5	54.5	transparent
#393939	26	54	58	25.5	26.5	53.5	54.5	transparent
#282828	27	54	41	26.5	27.5	53.5	54.5	transparent
#1B1B1B	28	54	28	27.5	28.5	53.5	54.5	transparent
#1A1A1A	29	54	27	28.5	29.5	53.5	54.5	transparent
#1B1B1B	30	54	28	29.5	30.5	53.5	54.5	transparent
#1A1A1A	31	54	27	30.5	31.5	53.5	54.5	transparent
#202020	32	54	33	31.5	32.5	53.5	54.5	transparent
#262626	33	54	39	32.5	33.5	53.5	54.5	transparent
#262626	34	54	39	33.5	34.5	53.5	54.5	transparent
#282828	35	54	41	34.5	35.5	53.5	54.5	transparent
#2C2C2C	36	54	45	35.5	36.5	53.5	54.5	transparent
#313131	37	54	50	36.5	37.5	53.5	54.5	transparent
#323232	38	54	51	37.5	38.5	53.5	54.5	transparent
#313131	39	54	50	38.5	39.5	53.5	54.5	transparent
#2C2C2C	40	54	45	39.5	40.5	53.5	54.5	transparent
#2B2B2B	41	54	44	40.5	41.5	53.5	54.5	transparent
#2D2D2D	42	54	46	41.5	42.5	53.5	54.5	transparent
#383838	43	54	57	42.5	43.5	53.5	54.5	transparent
#444444	44	54	69	43.5	44.5	53.5	54.5	transparent
#3F3F3F	45	54	64	44.5	45.5	53.5	54.5	transparent
#383838	46	54	57	45.5	46.5	53.5	54.5	transparent
#3D3D3D	47	54	62	46.5	47.5	53.5	54.5	transparent
#464646	48	54	71	47.5	48.5	53.5	54.5	transparent
#4E4E4E	49	54	79	48.5	49.5	53.5	54.5	transparent
#4E4E4E	50	54	79	49.5	50.5	53.5	54.5	transparent
#4D4D4D	51	54	78	50.5	51.5	53.5	54.5	transparent
#4F4F4F	52	54	80	51.5	52.5	53.5	54.5	transparent
#4D4D4D	53	54	78	52.5	53.5	53.5	54.5	transparent
#464646	54	54	71	53.5	54.5	53.5	54.5	transparent
#4C4C4C	55	54	77	54.5	55.5	53.5	54.5	transparent
#505050	56	54	81	55.5	56.5	53.5	54.5	transparent
#4F4F4F	57	54	80	56.5	57.5	53.5	54.5	transparent
#5F5F5F	58	54	96	57.5	58.5	53.5	54.5	transparent
#737373	59	54	116	58.5	59.5	53.5	54.5	transparent
#7A7A7A	60	54	123	59.5	60.5	53.5	54.5	transparent
#818181	61	54	130	60.5	61.5	53.5	54.5	transparent
#8D8D8D	62	54	142	61.5	62.5	53.5	54.5	transparent
#969696	63	54	151	62.5	63.5	53.5	54.5	transparent
#9C9C9C	64	54	157	63.5	64.5	53.5	54.5	transparent
#AEAEAE	65	54	175	64.5	65.5	53.5	54.5	transparent
#BABABA	66	54	187	65.5	66.5	53.5	54.5	transparent
#BEBEBE	67	54	191	66.5	67.5	53.5	54.5	transparent
#BDBDBD	68	54	190	67.5	68.5	53.5	54.5	transparent
#BABABA	69	54	187	68.5	69.5	53.5	54.5	transparent
#BBBBBB	70	54	188	69.5	70.5	53.5	54.5	transparent
#C0C0C0	71	54	193	70.5	71.5	53.5	54.5	transparent
#C4C4C4	72	54	197	71.5	72.5	53.5	54.5	transparent
#CCCCCC	73	54	205	72.5	73.5	53.5	54.5	transparent
#CFCFCF	74	54	208	73.5	74.5	53.5	54.5	transparent
#D1D1D1	75	54	210	74.5	75.5	53.5	54.5	transparent
#CFCFCF	76	54	208	75.5	76.5	53.5	54.5	transparent
#C0C0C0	77	54	193	76.5	77.5	53.5	54.5	transparent
#B2B2B2	78	54	179	77.5	78.5	53.5	54.5	transparent
#ACACAC	79	54	173	78.5	79.5	53.5	54.5	transparent
#ABABAB	80	54	172	79.5	80.5	53.5	54.5	transparent
#A9A9A9	81	54	170	80.5	81.5	53.5	54.5	transparent
#A8A8A8	82	54	169	81.5	82.5	53.5	54.5	transparent
#A1A1A1	83	54	162	82.5	83.5	53.5	54.5	transparent
#A0A0A0	84	54	161	83.5	84.5	53.5	54.5	transparent
#9E9E9E	85	54	159	84.5	85.5	53.5	54.5	transparent
#9A9A9A	86	54	155	85.5	86.5	53.5	54.5	transparent
#969696	87	54	151	86.5	87.5	53.5	54.5	transparent
#999999	88	54	154	87.5	88.5	53.5	54.5	transparent
#9B9B9B	89	54	156	88.5	89.5	53.5	54.5	transparent
#949494	90	54	149	89.5	90.5	53.5	54.5	transparent
#8A8A8A	91	54	139	90.5	91.5	53.5	54.5	transparent
#7F7F7F	92	54	128	91.5	92.5	53.5	54.5	transparent
#7A7A7A	93	54	123	92.5	93.5	53.5	54.5	transparent
#717171	94	54	114	93.5	94.5	53.5	54.5	transparent
#646464	95	54	101	94.5	95.5	53.5	54.5	transparent
#4C4C4C	96	54	77	95.5	96.5	53.5	54.5	transparent
#313131	97	54	50	96.5	97.5	53.5	54.5	transparent
#2D2D2D	98	54	46	97.5	98.5	53.5	54.5	transparent
#363636	99	54	55	98.5	99.5	53.5	54.5	transparent
#343434	100	54	53	99.5	100.5	53.5	54.5	transparent
#303030	101	54	49	100.5	101.5	53.5	54.5	transparent
#363636	102	54	55	101.5	102.5	53.5	54.5	transparent
#373737	103	54	56	102.5	103.5	53.5	54.5	transparent
#323232	104	54	51	103.5	104.5	53.5	54.5	transparent
#2A2A2A	105	54	43	104.5	105.5	53.5	54.5	transparent
#282828	106	54	41	105.5	106.5	53.5	54.5	transparent
#262626	107	54	39	106.5	107.5	53.5	54.5	transparent
#282828	108	54	41	107.5	108.5	53.5	54.5	transparent
#2B2B2B	109	54	44	108.5	109.5	53.5	54.5	transparent
#2E2E2E	110	54	47	109.5	110.5	53.5	54.5	transparent
#323232	111	54	51	110.5	111.5	53.5	54.5	transparent
#373737	112	54	56	111.5	112.5	53.5	54.5	transparent
#3F3F3F	113	54	64	112.5	113.5	53.5	54.5	transparent
#424242	114	54	67	113.5	114.5	53.5	54.5	transparent
#454545	115	54	70	114.5	115.5	53.5	54.5	transparent
#4C4C4C	116	54	77	115.5	116.5	53.5	54.5	transparent
#585858	117	54	89	116.5	117.5	53.5	54.5	transparent
#6B6B6B	118	54	108	117.5	118.5	53.5	54.5	transparent
#939393	119	54	148	118.5	119.5	53.5	54.5	transparent
#A8A8A8	120	54	169	119.5	120.5	53.5	54.5	transparent
#9E9E9E	121	54	159	120.5	121.5	53.5	54.5	transparent
#898989	122	54	138	121.5	122.5	53.5	54.5	transparent
#7D7D7D	123	54	126	122.5	123.5	53.5	54.5	transparent
#717171	124	54	114	123.5	124.5	53.5	54.5	transparent
#686868	125	54	105	124.5	125.5	53.5	54.5	transparent
#626262	126	54	99	125.5	126.5	53.5	54.5	transparent
#5A5A5A	127	54	91	126.5	127.5	53.5	54.5	transparent
#505050	128	54	81	127.5	128.5	53.5	54.5	transparent
#444444	129	54	69	128.5	129.5	53.5	54.5	transparent
#383838	130	54	57	129.5	130.5	53.5	54.5	transparent
#2A2A2A	131	54	43	130.5	131.5	53.5	54.5	transparent
#1D1D1D	132	54	30	131.5	132.5	53.5	54.5	transparent
#0F0F0F	133	54	16	132.5	133.5	53.5	54.5	transparent
#080808	134	54	9	133.5	134.5	53.5	54.5	transparent
#090909	135	54	10	134.5	135.5	53.5	54.5	transparent
#0B0B0B	136	54	12	135.5	136.5	53.5	54.5	transparent
#0C0C0C	137	54	13	136.5	137.5	53.5	54.5	transparent
#202020	138	54	33	137.5	138.5	53.5	54.5	transparent
#505050	139	54	81	138.5	139.5	53.5	54.5	transparent
#131313	0	53	20	-0.5	0.5	52.5	53.5	transparent
#131313	1	53	20	0.5	1.5	52.5	53.5	transparent
#131313	2	53	20	1.5	2.5	52.5	53.5	transparent
#131313	3	53	20	2.5	3.5	52.5	53.5	transparent
#131313	4	53	20	3.5	4.5	52.5	53.5	transparent
#131313	5	53	20	4.5	5.5	52.5	53.5	transparent
#121212	6	53	19	5.5	6.5	52.5	53.5	transparent
#121212	7	53	19	6.5	7.5	52.5	53.5	transparent
#101010	8	53	17	7.5	8.5	52.5	53.5	transparent
#0F0F0F	9	53	16	8.5	9.5	52.5	53.5	transparent
#101010	10	53	17	9.5	10.5	52.5	53.5	transparent
#131313	11	53	20	10.5	11.5	52.5	53.5	transparent
#191919	12	53	26	11.5	12.5	52.5	53.5	transparent
#252525	13	53	38	12.5	13.5	52.5	53.5	transparent
#333333	14	53	52	13.5	14.5	52.5	53.5	transparent
#3F3F3F	15	53	64	14.5	15.5	52.5	53.5	transparent
#4A4A4A	16	53	75	15.5	16.5	52.5	53.5	transparent
#535353	17	53	84	16.5	17.5	52.5	53.5	transparent
#5D5D5D	18	53	94	17.5	18.5	52.5	53.5	transparent
#6A6A6A	19	53	107	18.5	19.5	52.5	53.5	transparent
#7A7A7A	20	53	123	19.5	20.5	52.5	53.5	transparent
#8E8E8E	21	53	143	20.5	21.5	52.5	53.5	transparent
#A0A0A0	22	53	161	21.5	22.5	52.5	53.5	transparent
#888888	23	53	137	22.5	23.5	52.5	53.5	transparent
#585858	24	53	89	23.5	24.5	52.5	53.5	transparent
#3D3D3D	25	53	62	24.5	25.5	52.5	53.5	transparent
#2D2D2D	26	53	46	25.5	26.5	52.5	53.5	transparent
#202020	27	53	33	26.5	27.5	52.5	53.5	transparent
#181818	28	53	25	27.5	28.5	52.5	53.5	transparent
#191919	29	53	26	28.5	29.5	52.5	53.5	transparent
#1A1A1A	30	53	27	29.5	30.5	52.5	53.5	transparent
#191919	31	53	26	30.5	31.5	52.5	53.5	transparent
#1F1F1F	32	53	32	31.5	32.5	52.5	53.5	transparent
#212121	33	53	34	32.5	33.5	52.5	53.5	transparent
#202020	34	53	33	33.5	34.5	52.5	53.5	transparent
#222222	35	53	35	34.5	35.5	52.5	53.5	transparent
#282828	36	53	41	35.5	36.5	52.5	53.5	transparent
#2F2F2F	37	53	48	36.5	37.5	52.5	53.5	transparent
#2F2F2F	38	53	48	37.5	38.5	52.5	53.5	transparent
#2E2E2E	39	53	47	38.5	39.5	52.5	53.5	transparent
#2A2A2A	40	53	43	39.5	40.5	52.5	53.5	transparent
#2F2F2F	41	53	48	40.5	41.5	52.5	53.5	transparent
#373737	42	53	56	41.5	42.5	52.5	53.5	transparent
#434343	43	53	68	42.5	43.5	52.5	53.5	transparent
#424242	44	53	67	43.5	44.5	52.5	53.5	transparent
#393939	45	53	58	44.5	45.5	52.5	53.5	transparent
#3D3D3D	46	53	62	45.5	46.5	52.5	53.5	transparent
#404040	47	53	65	46.5	47.5	52.5	53.5	transparent
#424242	48	53	67	47.5	48.5	52.5	53.5	transparent
#4A4A4A	49	53	75	48.5	49.5	52.5	53.5	transparent
#505050	50	53	81	49.5	50.5	52.5	53.5	transparent
#4E4E4E	51	53	79	50.5	51.5	52.5	53.5	transparent
#4B4B4B	52	53	76	51.5	52.5	52.5	53.5	transparent
#494949	53	53	74	52.5	53.5	52.5	53.5	transparent
#4C4C4C	54	53	77	53.5	54.5	52.5	53.5	transparent
#4F4F4F	55	53	80	54.5	55.5	52.5	53.5	transparent
#494949	56	53	74	55.5	56.5	52.5	53.5	transparent
#464646	57	53	71	56.5	57.5	52.5	53.5	transparent
#5F5F5F	58	53	96	57.5	58.5	52.5	53.5	transparent
#717171	59	53	114	58.5	59.5	52.5	53.5	transparent
#808080	60	53	129	59.5	60.5	52.5	53.5	transparent
#898989	61	53	138	60.5	61.5	52.5	53.5	transparent
#919191	62	53	146	61.5	62.5	52.5	53.5	transparent
#989898	63	53	153	62.5	63.5	52.5	53.5	transparent
#9E9E9E	64	53	159	63.5	64.5	52.5	53.5	transparent
#AEAEAE	65	53	175	64.5	65.5	52.5	53.5	transparent
#B5B5B5	66	53	182	65.5	66.5	52.5	53.5	transparent
#B8B8B8	67	53	185	66.5	67.5	52.5	53.5	transparent
#B8B8B8	68	53	185	67.5	68.5	52.5	53.5	transparent
#B5B5B5	69	53	182	68.5	69.5	52.5	53.5	transparent
#B9B9B9	70	53	186	69.5	70.5	52.5	53.5	transparent
#BFBFBF	71	53	192	70.5	71.5	52.5	53.5	transparent
#C3C3C3	72	53	196	71.5	72.5	52.5	53.5	transparent
#CACACA	73	53	203	72.5	73.5	52.5	53.5	transparent
#CECECE	74	53	207	73.5	74.5	52.5	53.5	transparent
#CECECE	75	53	207	74.5	75.5	52.5	53.5	transparent
#CDCDCD	76	53	206	75.5	76.5	52.5	53.5	transparent
#C2C2C2	77	53	195	76.5	77.5	52.5	53.5	transparent
#B4B4B4	78	53	181	77.5	78.5	52.5	53.5	transparent
#B0B0B0	79	53	177	78.5	79.5	52.5	53.5	transparent
#AEAEAE	80	53	175	79.5	80.5	52.5	53.5	transparent
#A8A8A8	81	53	169	80.5	81.5	52.5	53.5	transparent
#A3A3A3	82	53	164	81.5	82.5	52.5	53.5	transparent
#A1A1A1	83	53	162	82.5	83.5	52.5	53.5	transparent
#9F9F9F	84	53	160	83.5	84.5	52.5	53.5	transparent
#9B9B9B	85	53	156	84.5	85.5	52.5	53.5	transparent
#979797	86	53	152	85.5	86.5	52.5	53.5	transparent
#949494	87	53	149	86.5	87.5	52.5	53.5	transparent
#989898	88	53	153	87.5	88.5	52.5	53.5	transparent
#9A9A9A	89	53	155	88.5	89.5	52.5	53.5	transparent
#949494	90	53	149	89.5	90.5	52.5	53.5	transparent
#8F8F8F	91	53	144	90.5	91.5	52.5	53.5	transparent
#828282	92	53	131	91.5	92.5	52.5	53.5	transparent
#7C7C7C	93	53	125	92.5	93.5	52.5	53.5	transparent
#757575	94	53	118	93.5	94.5	52.5	53.5	transparent
#666666	95	53	103	94.5	95.5	52.5	53.5	transparent
#535353	96	53	84	95.5	96.5	52.5	53.5	transparent
#3C3C3C	97	53	61	96.5	97.5	52.5	53.5	transparent
#2A2A2A	98	53	43	97.5	98.5	52.5	53.5	transparent
#2E2E2E	99	53	47	98.5	99.5	52.5	53.5	transparent
#353535	100	53	54	99.5	100.5	52.5	53.5	transparent
#2E2E2E	101	53	47	100.5	101.5	52.5	53.5	transparent
#313131	102	53	50	101.5	102.5	52.5	53.5	transparent
#2F2F2F	103	53	48	102.5	103.5	52.5	53.5	transparent
#2C2C2C	104	53	45	103.5	104.5	52.5	53.5	transparent
#2B2B2B	105	53	44	104.5	105.5	52.5	53.5	transparent
#2A2A2A	106	53	43	105.5	106.5	52.5	53.5	transparent
#292929	107	53	42	106.5	107.5	52.5	53.5	transparent
#292929	108	53	42	107.5	108.5	52.5	53.5	transparent
#282828	109	53	41	108.5	109.5	52.5	53.5	transparent
#2A2A2A	110	53	43	109.5	110.5	52.5	53.5	transparent
#2C2C2C	111	53	45	110.5	111.5	52.5	53.5	transparent
#2D2D2D	112	53	46	111.5	112.5	52.5	53.5	transparent
#333333	113	53	52	112.5	113.5	52.5	53.5	transparent
#3D3D3D	114	53	62	113.5	114.5	52.5	53.5	transparent
#464646	115	53	71	114.5	115.5	52.5	53.5	transparent
#4C4C4C	116	53	77	115.5	116.5	52.5	53.5	transparent
#585858	117	53	89	116.5	117.5	52.5	53.5	transparent
#6A6A6A	118	53	107	117.5	118.5	52.5	53.5	transparent
#8F8F8F	119	53	144	118.5	119.5	52.5	53.5	transparent
#A7A7A7	120	53	168	119.5	120.5	52.5	53.5	transparent
#9D9D9D	121	53	158	120.5	121.5	52.5	53.5	transparent
#8B8B8B	122	53	140	121.5	122.5	52.5	53.5	transparent
#7D7D7D	123	53	126	122.5	123.5	52.5	53.5	transparent
#727272	124	53	115	123.5	124.5	52.5	53.5	transparent
#676767	125	53	104	124.5	125.5	52.5	53.5	transparent
#616161	126	53	98	125.5	126.5	52.5	53.5	transparent
#595959	127	53	90	126.5	127.5	52.5	53.5	transparent
#4E4E4E	128	53	79	127.5	128.5	52.5	53.5	transparent
#424242	129	53	67	128.5	129.5	52.5	53.5	transparent
#353535	130	53	54	129.5	130.5	52.5	53.5	transparent
#262626	131	53	39	130.5	131.5	52.5	53.5	transparent
#1B1B1B	132	53	28	131.5	132.5	52.5	53.5	transparent
#0D0D0D	133	53	14	132.5	133.5	52.5	53.5	transparent
#080808	134	53	9	133.5	134.5	52.5	53.5	transparent
#090909	135	53	10	134.5	135.5	52.5	53.5	transparent
#0B0B0B	136	53	12	135.5	136.5	52.5	53.5	transparent
#0C0C0C	137	53	13	136.5	137.5	52.5	53.5	transparent
#202020	138	53	33	137.5	138.5	52.5	53.5	transparent
#525252	139	53	83	138.5	139.5	52.5	53.5	transparent
#131313	0	52	20	-0.5	0.5	51.5	52.5	transparent
#131313	1	52	20	0.5	1.5	51.5	52.5	transparent
#131313	2	52	20	1.5	2.5	51.5	52.5	transparent
#131313	3	52	20	2.5	3.5	51.5	52.5	transparent
#131313	4	52	20	3.5	4.5	51.5	52.5	transparent
#131313	5	52	20	4.5	5.5	51.5	52.5	transparent
#131313	6	52	20	5.5	6.5	51.5	52.5	transparent
#121212	7	52	19	6.5	7.5	51.5	52.5	transparent
#121212	8	52	19	7.5	8.5	51.5	52.5	transparent
#0F0F0F	9	52	16	8.5	9.5	51.5	52.5	transparent
#101010	10	52	17	9.5	10.5	51.5	52.5	transparent
#121212	11	52	19	10.5	11.5	51.5	52.5	transparent
#161616	12	52	23	11.5	12.5	51.5	52.5	transparent
#222222	13	52	35	12.5	13.5	51.5	52.5	transparent
#313131	14	52	50	13.5	14.5	51.5	52.5	transparent
#3D3D3D	15	52	62	14.5	15.5	51.5	52.5	transparent
#494949	16	52	74	15.5	16.5	51.5	52.5	transparent
#525252	17	52	83	16.5	17.5	51.5	52.5	transparent
#5D5D5D	18	52	94	17.5	18.5	51.5	52.5	transparent
#6A6A6A	19	52	107	18.5	19.5	51.5	52.5	transparent
#7A7A7A	20	52	123	19.5	20.5	51.5	52.5	transparent
#959595	21	52	150	20.5	21.5	51.5	52.5	transparent
#9E9E9E	22	52	159	21.5	22.5	51.5	52.5	transparent
#7F7F7F	23	52	128	22.5	23.5	51.5	52.5	transparent
#555555	24	52	86	23.5	24.5	51.5	52.5	transparent
#313131	25	52	50	24.5	25.5	51.5	52.5	transparent
#232323	26	52	36	25.5	26.5	51.5	52.5	transparent
#1F1F1F	27	52	32	26.5	27.5	51.5	52.5	transparent
#1B1B1B	28	52	28	27.5	28.5	51.5	52.5	transparent
#181818	29	52	25	28.5	29.5	51.5	52.5	transparent
#191919	30	52	26	29.5	30.5	51.5	52.5	transparent
#1B1B1B	31	52	28	30.5	31.5	51.5	52.5	transparent
#1E1E1E	32	52	31	31.5	32.5	51.5	52.5	transparent
#1B1B1B	33	52	28	32.5	33.5	51.5	52.5	transparent
#1C1C1C	34	52	29	33.5	34.5	51.5	52.5	transparent
#212121	35	52	34	34.5	35.5	51.5	52.5	transparent
#252525	36	52	38	35.5	36.5	51.5	52.5	transparent
#2A2A2A	37	52	43	36.5	37.5	51.5	52.5	transparent
#2D2D2D	38	52	46	37.5	38.5	51.5	52.5	transparent
#333333	39	52	52	38.5	39.5	51.5	52.5	transparent
#3A3A3A	40	52	59	39.5	40.5	51.5	52.5	transparent
#414141	41	52	66	40.5	41.5	51.5	52.5	transparent
#454545	42	52	70	41.5	42.5	51.5	52.5	transparent
#424242	43	52	67	42.5	43.5	51.5	52.5	transparent
#414141	44	52	66	43.5	44.5	51.5	52.5	transparent
#404040	45	52	65	44.5	45.5	51.5	52.5	transparent
#444444	46	52	69	45.5	46.5	51.5	52.5	transparent
#424242	47	52	67	46.5	47.5	51.5	52.5	transparent
#3E3E3E	48	52	63	47.5	48.5	51.5	52.5	transparent
#4B4B4B	49	52	76	48.5	49.5	51.5	52.5	transparent
#4F4F4F	50	52	80	49.5	50.5	51.5	52.5	transparent
#464646	51	52	71	50.5	51.5	51.5	52.5	transparent
#3E3E3E	52	52	63	51.5	52.5	51.5	52.5	transparent
#3D3D3D	53	52	62	52.5	53.5	51.5	52.5	transparent
#414141	54	52	66	53.5	54.5	51.5	52.5	transparent
#464646	55	52	71	54.5	55.5	51.5	52.5	transparent
#393939	56	52	58	55.5	56.5	51.5	52.5	transparent
#363636	57	52	55	56.5	57.5	51.5	52.5	transparent
#4E4E4E	58	52	79	57.5	58.5	51.5	52.5	transparent
#626262	59	52	99	58.5	59.5	51.5	52.5	transparent
#767676	60	52	119	59.5	60.5	51.5	52.5	transparent
#878787	61	52	136	60.5	61.5	51.5	52.5	transparent
#949494	62	52	149	61.5	62.5	51.5	52.5	transparent
#A1A1A1	63	52	162	62.5	63.5	51.5	52.5	transparent
#A5A5A5	64	52	166	63.5	64.5	51.5	52.5	transparent
#AFAFAF	65	52	176	64.5	65.5	51.5	52.5	transparent
#B7B7B7	66	52	184	65.5	66.5	51.5	52.5	transparent
#B6B6B6	67	52	183	66.5	67.5	51.5	52.5	transparent
#B6B6B6	68	52	183	67.5	68.5	51.5	52.5	transparent
#B4B4B4	69	52	181	68.5	69.5	51.5	52.5	transparent
#B8B8B8	70	52	185	69.5	70.5	51.5	52.5	transparent
#BDBDBD	71	52	190	70.5	71.5	51.5	52.5	transparent
#C2C2C2	72	52	195	71.5	72.5	51.5	52.5	transparent
#C9C9C9	73	52	202	72.5	73.5	51.5	52.5	transparent
#CCCCCC	74	52	205	73.5	74.5	51.5	52.5	transparent
#CCCCCC	75	52	205	74.5	75.5	51.5	52.5	transparent
#CDCDCD	76	52	206	75.5	76.5	51.5	52.5	transparent
#C4C4C4	77	52	197	76.5	77.5	51.5	52.5	transparent
#B7B7B7	78	52	184	77.5	78.5	51.5	52.5	transparent
#B0B0B0	79	52	177	78.5	79.5	51.5	52.5	transparent
#AAAAAA	80	52	171	79.5	80.5	51.5	52.5	transparent
#A1A1A1	81	52	162	80.5	81.5	51.5	52.5	transparent
#9A9A9A	82	52	155	81.5	82.5	51.5	52.5	transparent
#9A9A9A	83	52	155	82.5	83.5	51.5	52.5	transparent
#979797	84	52	152	83.5	84.5	51.5	52.5	transparent
#929292	85	52	147	84.5	85.5	51.5	52.5	transparent
#8D8D8D	86	52	142	85.5	86.5	51.5	52.5	transparent
#8A8A8A	87	52	139	86.5	87.5	51.5	52.5	transparent
#8F8F8F	88	52	144	87.5	88.5	51.5	52.5	transparent
#959595	89	52	150	88.5	89.5	51.5	52.5	transparent
#949494	90	52	149	89.5	90.5	51.5	52.5	transparent
#8E8E8E	91	52	143	90.5	91.5	51.5	52.5	transparent
#858585	92	52	134	91.5	92.5	51.5	52.5	transparent
#808080	93	52	129	92.5	93.5	51.5	52.5	transparent
#797979	94	52	122	93.5	94.5	51.5	52.5	transparent
#696969	95	52	106	94.5	95.5	51.5	52.5	transparent
#5A5A5A	96	52	91	95.5	96.5	51.5	52.5	transparent
#454545	97	52	70	96.5	97.5	51.5	52.5	transparent
#323232	98	52	51	97.5	98.5	51.5	52.5	transparent
#2C2C2C	99	52	45	98.5	99.5	51.5	52.5	transparent
#333333	100	52	52	99.5	100.5	51.5	52.5	transparent
#2D2D2D	101	52	46	100.5	101.5	51.5	52.5	transparent
#2B2B2B	102	52	44	101.5	102.5	51.5	52.5	transparent
#303030	103	52	49	102.5	103.5	51.5	52.5	transparent
#272727	104	52	40	103.5	104.5	51.5	52.5	transparent
#292929	105	52	42	104.5	105.5	51.5	52.5	transparent
#2E2E2E	106	52	47	105.5	106.5	51.5	52.5	transparent
#2C2C2C	107	52	45	106.5	107.5	51.5	52.5	transparent
#2A2A2A	108	52	43	107.5	108.5	51.5	52.5	transparent
#2B2B2B	109	52	44	108.5	109.5	51.5	52.5	transparent
#2A2A2A	110	52	43	109.5	110.5	51.5	52.5	transparent
#2B2B2B	111	52	44	110.5	111.5	51.5	52.5	transparent
#2A2A2A	112	52	43	111.5	112.5	51.5	52.5	transparent
#2C2C2C	113	52	45	112.5	113.5	51.5	52.5	transparent
#303030	114	52	49	113.5	114.5	51.5	52.5	transparent
#3C3C3C	115	52	61	114.5	115.5	51.5	52.5	transparent
#4A4A4A	116	52	75	115.5	116.5	51.5	52.5	transparent
#585858	117	52	89	116.5	117.5	51.5	52.5	transparent
#666666	118	52	103	117.5	118.5	51.5	52.5	transparent
#8F8F8F	119	52	144	118.5	119.5	51.5	52.5	transparent
#A7A7A7	120	52	168	119.5	120.5	51.5	52.5	transparent
#9C9C9C	121	52	157	120.5	121.5	51.5	52.5	transparent
#8F8F8F	122	52	144	121.5	122.5	51.5	52.5	transparent
#7E7E7E	123	52	127	122.5	123.5	51.5	52.5	transparent
#727272	124	52	115	123.5	124.5	51.5	52.5	transparent
#666666	125	52	103	124.5	125.5	51.5	52.5	transparent
#606060	126	52	97	125.5	126.5	51.5	52.5	transparent
#575757	127	52	88	126.5	127.5	51.5	52.5	transparent
#4C4C4C	128	52	77	127.5	128.5	51.5	52.5	transparent
#3F3F3F	129	52	64	128.5	129.5	51.5	52.5	transparent
#313131	130	52	50	129.5	130.5	51.5	52.5	transparent
#232323	131	52	36	130.5	131.5	51.5	52.5	transparent
#181818	132	52	25	131.5	132.5	51.5	52.5	transparent
#0B0B0B	133	52	12	132.5	133.5	51.5	52.5	transparent
#090909	134	52	10	133.5	134.5	51.5	52.5	transparent
#0A0A0A	135	52	11	134.5	135.5	51.5	52.5	transparent
#0C0C0C	136	52	13	135.5	136.5	51.5	52.5	transparent
#0C0C0C	137	52	13	136.5	137.5	51.5	52.5	transparent
#212121	138	52	34	137.5	138.5	51.5	52.5	transparent
#525252	139	52	83	138.5	139.5	51.5	52.5	transparent
#131313	0	51	20	-0.5	0.5	50.5	51.5	transparent
#131313	1	51	20	0.5	1.5	50.5	51.5	transparent
#131313	2	51	20	1.5	2.5	50.5	51.5	transparent
#131313	3	51	20	2.5	3.5	50.5	51.5	transparent
#131313	4	51	20	3.5	4.5	50.5	51.5	transparent
#131313	5	51	20	4.5	5.5	50.5	51.5	transparent
#131313	6	51	20	5.5	6.5	50.5	51.5	transparent
#121212	7	51	19	6.5	7.5	50.5	51.5	transparent
#121212	8	51	19	7.5	8.5	50.5	51.5	transparent
#0F0F0F	9	51	16	8.5	9.5	50.5	51.5	transparent
#0F0F0F	10	51	16	9.5	10.5	50.5	51.5	transparent
#111111	11	51	18	10.5	11.5	50.5	51.5	transparent
#151515	12	51	22	11.5	12.5	50.5	51.5	transparent
#212121	13	51	34	12.5	13.5	50.5	51.5	transparent
#2F2F2F	14	51	48	13.5	14.5	50.5	51.5	transparent
#3A3A3A	15	51	59	14.5	15.5	50.5	51.5	transparent
#464646	16	51	71	15.5	16.5	50.5	51.5	transparent
#515151	17	51	82	16.5	17.5	50.5	51.5	transparent
#5D5D5D	18	51	94	17.5	18.5	50.5	51.5	transparent
#696969	19	51	106	18.5	19.5	50.5	51.5	transparent
#7C7C7C	20	51	125	19.5	20.5	50.5	51.5	transparent
#9A9A9A	21	51	155	20.5	21.5	50.5	51.5	transparent
#9B9B9B	22	51	156	21.5	22.5	50.5	51.5	transparent
#757575	23	51	118	22.5	23.5	50.5	51.5	transparent
#474747	24	51	72	23.5	24.5	50.5	51.5	transparent
#282828	25	51	41	24.5	25.5	50.5	51.5	transparent
#222222	26	51	35	25.5	26.5	50.5	51.5	transparent
#212121	27	51	34	26.5	27.5	50.5	51.5	transparent
#1F1F1F	28	51	32	27.5	28.5	50.5	51.5	transparent
#1A1A1A	29	51	27	28.5	29.5	50.5	51.5	transparent
#1A1A1A	30	51	27	29.5	30.5	50.5	51.5	transparent
#1D1D1D	31	51	30	30.5	31.5	50.5	51.5	transparent
#1C1C1C	32	51	29	31.5	32.5	50.5	51.5	transparent
#1B1B1B	33	51	28	32.5	33.5	50.5	51.5	transparent
#1B1B1B	34	51	28	33.5	34.5	50.5	51.5	transparent
#1F1F1F	35	51	32	34.5	35.5	50.5	51.5	transparent
#212121	36	51	34	35.5	36.5	50.5	51.5	transparent
#242424	37	51	37	36.5	37.5	50.5	51.5	transparent
#2D2D2D	38	51	46	37.5	38.5	50.5	51.5	transparent
#3A3A3A	39	51	59	38.5	39.5	50.5	51.5	transparent
#464646	40	51	71	39.5	40.5	50.5	51.5	transparent
#4B4B4B	41	51	76	40.5	41.5	50.5	51.5	transparent
#494949	42	51	74	41.5	42.5	50.5	51.5	transparent
#474747	43	51	72	42.5	43.5	50.5	51.5	transparent
#4B4B4B	44	51	76	43.5	44.5	50.5	51.5	transparent
#464646	45	51	71	44.5	45.5	50.5	51.5	transparent
#404040	46	51	65	45.5	46.5	50.5	51.5	transparent
#3C3C3C	47	51	61	46.5	47.5	50.5	51.5	transparent
#3B3B3B	48	51	60	47.5	48.5	50.5	51.5	transparent
#494949	49	51	74	48.5	49.5	50.5	51.5	transparent
#454545	50	51	70	49.5	50.5	50.5	51.5	transparent
#3B3B3B	51	51	60	50.5	51.5	50.5	51.5	transparent
#3B3B3B	52	51	60	51.5	52.5	50.5	51.5	transparent
#3F3F3F	53	51	64	52.5	53.5	50.5	51.5	transparent
#3E3E3E	54	51	63	53.5	54.5	50.5	51.5	transparent
#3E3E3E	55	51	63	54.5	55.5	50.5	51.5	transparent
#363636	56	51	55	55.5	56.5	50.5	51.5	transparent
#333333	57	51	52	56.5	57.5	50.5	51.5	transparent
#4B4B4B	58	51	76	57.5	58.5	50.5	51.5	transparent
#626262	59	51	99	58.5	59.5	50.5	51.5	transparent
#757575	60	51	118	59.5	60.5	50.5	51.5	transparent
#818181	61	51	130	60.5	61.5	50.5	51.5	transparent
#8E8E8E	62	51	143	61.5	62.5	50.5	51.5	transparent
#9B9B9B	63	51	156	62.5	63.5	50.5	51.5	transparent
#A1A1A1	64	51	162	63.5	64.5	50.5	51.5	transparent
#ACACAC	65	51	173	64.5	65.5	50.5	51.5	transparent
#B6B6B6	66	51	183	65.5	66.5	50.5	51.5	transparent
#B6B6B6	67	51	183	66.5	67.5	50.5	51.5	transparent
#B6B6B6	68	51	183	67.5	68.5	50.5	51.5	transparent
#B5B5B5	69	51	182	68.5	69.5	50.5	51.5	transparent
#B9B9B9	70	51	186	69.5	70.5	50.5	51.5	transparent
#BFBFBF	71	51	192	70.5	71.5	50.5	51.5	transparent
#C3C3C3	72	51	196	71.5	72.5	50.5	51.5	transparent
#C9C9C9	73	51	202	72.5	73.5	50.5	51.5	transparent
#CCCCCC	74	51	205	73.5	74.5	50.5	51.5	transparent
#CDCDCD	75	51	206	74.5	75.5	50.5	51.5	transparent
#CCCCCC	76	51	205	75.5	76.5	50.5	51.5	transparent
#C3C3C3	77	51	196	76.5	77.5	50.5	51.5	transparent
#B4B4B4	78	51	181	77.5	78.5	50.5	51.5	transparent
#A9A9A9	79	51	170	78.5	79.5	50.5	51.5	transparent
#A6A6A6	80	51	167	79.5	80.5	50.5	51.5	transparent
#A1A1A1	81	51	162	80.5	81.5	50.5	51.5	transparent
#9A9A9A	82	51	155	81.5	82.5	50.5	51.5	transparent
#989898	83	51	153	82.5	83.5	50.5	51.5	transparent
#979797	84	51	152	83.5	84.5	50.5	51.5	transparent
#919191	85	51	146	84.5	85.5	50.5	51.5	transparent
#8C8C8C	86	51	141	85.5	86.5	50.5	51.5	transparent
#898989	87	51	138	86.5	87.5	50.5	51.5	transparent
#8D8D8D	88	51	142	87.5	88.5	50.5	51.5	transparent
#8D8D8D	89	51	142	88.5	89.5	50.5	51.5	transparent
#909090	90	51	145	89.5	90.5	50.5	51.5	transparent
#8C8C8C	91	51	141	90.5	91.5	50.5	51.5	transparent
#828282	92	51	131	91.5	92.5	50.5	51.5	transparent
#808080	93	51	129	92.5	93.5	50.5	51.5	transparent
#7A7A7A	94	51	123	93.5	94.5	50.5	51.5	transparent
#6C6C6C	95	51	109	94.5	95.5	50.5	51.5	transparent
#606060	96	51	97	95.5	96.5	50.5	51.5	transparent
#4B4B4B	97	51	76	96.5	97.5	50.5	51.5	transparent
#393939	98	51	58	97.5	98.5	50.5	51.5	transparent
#303030	99	51	49	98.5	99.5	50.5	51.5	transparent
#323232	100	51	51	99.5	100.5	50.5	51.5	transparent
#383838	101	51	57	100.5	101.5	50.5	51.5	transparent
#303030	102	51	49	101.5	102.5	50.5	51.5	transparent
#2F2F2F	103	51	48	102.5	103.5	50.5	51.5	transparent
#2C2C2C	104	51	45	103.5	104.5	50.5	51.5	transparent
#282828	105	51	41	104.5	105.5	50.5	51.5	transparent
#2C2C2C	106	51	45	105.5	106.5	50.5	51.5	transparent
#2B2B2B	107	51	44	106.5	107.5	50.5	51.5	transparent
#2A2A2A	108	51	43	107.5	108.5	50.5	51.5	transparent
#2B2B2B	109	51	44	108.5	109.5	50.5	51.5	transparent
#2F2F2F	110	51	48	109.5	110.5	50.5	51.5	transparent
#2E2E2E	111	51	47	110.5	111.5	50.5	51.5	transparent
#2B2B2B	112	51	44	111.5	112.5	50.5	51.5	transparent
#2D2D2D	113	51	46	112.5	113.5	50.5	51.5	transparent
#2E2E2E	114	51	47	113.5	114.5	50.5	51.5	transparent
#2A2A2A	115	51	43	114.5	115.5	50.5	51.5	transparent
#3C3C3C	116	51	61	115.5	116.5	50.5	51.5	transparent
#555555	117	51	86	116.5	117.5	50.5	51.5	transparent
#646464	118	51	101	117.5	118.5	50.5	51.5	transparent
#8A8A8A	119	51	139	118.5	119.5	50.5	51.5	transparent
#A9A9A9	120	51	170	119.5	120.5	50.5	51.5	transparent
#9D9D9D	121	51	158	120.5	121.5	50.5	51.5	transparent
#909090	122	51	145	121.5	122.5	50.5	51.5	transparent
#7F7F7F	123	51	128	122.5	123.5	50.5	51.5	transparent
#737373	124	51	116	123.5	124.5	50.5	51.5	transparent
#666666	125	51	103	124.5	125.5	50.5	51.5	transparent
#5F5F5F	126	51	96	125.5	126.5	50.5	51.5	transparent
#555555	127	51	86	126.5	127.5	50.5	51.5	transparent
#494949	128	51	74	127.5	128.5	50.5	51.5	transparent
#3C3C3C	129	51	61	128.5	129.5	50.5	51.5	transparent
#2F2F2F	130	51	48	129.5	130.5	50.5	51.5	transparent
#212121	131	51	34	130.5	131.5	50.5	51.5	transparent
#161616	132	51	23	131.5	132.5	50.5	51.5	transparent
#0B0B0B	133	51	12	132.5	133.5	50.5	51.5	transparent
#090909	134	51	10	133.5	134.5	50.5	51.5	transparent
#0A0A0A	135	51	11	134.5	135.5	50.5	51.5	transparent
#0C0C0C	136	51	13	135.5	136.5	50.5	51.5	transparent
#0D0D0D	137	51	14	136.5	137.5	50.5	51.5	transparent
#202020	138	51	33	137.5	138.5	50.5	51.5	transparent
#505050	139	51	81	138.5	139.5	50.5	51.5	transparent
#131313	0	50	20	-0.5	0.5	49.5	50.5	transparent
#131313	1	50	20	0.5	1.5	49.5	50.5	transparent
#131313	2	50	20	1.5	2.5	49.5	50.5	transparent
#131313	3	50	20	2.5	3.5	49.5	50.5	transparent
#131313	4	50	20	3.5	4.5	49.5	50.5	transparent
#131313	5	50	20	4.5	5.5	49.5	50.5	transparent
#131313	6	50	20	5.5	6.5	49.5	50.5	transparent
#121212	7	50	19	6.5	7.5	49.5	50.5	transparent
#121212	8	50	19	7.5	8.5	49.5	50.5	transparent
#0F0F0F	9	50	16	8.5	9.5	49.5	50.5	transparent
#0F0F0F	10	50	16	9.5	10.5	49.5	50.5	transparent
#101010	11	50	17	10.5	11.5	49.5	50.5	transparent
#151515	12	50	22	11.5	12.5	49.5	50.5	transparent
#202020	13	50	33	12.5	13.5	49.5	50.5	transparent
#2D2D2D	14	50	46	13.5	14.5	49.5	50.5	transparent
#393939	15	50	58	14.5	15.5	49.5	50.5	transparent
#444444	16	50	69	15.5	16.5	49.5	50.5	transparent
#505050	17	50	81	16.5	17.5	49.5	50.5	transparent
#5B5B5B	18	50	92	17.5	18.5	49.5	50.5	transparent
#696969	19	50	106	18.5	19.5	49.5	50.5	transparent
#828282	20	50	131	19.5	20.5	49.5	50.5	transparent
#9A9A9A	21	50	155	20.5	21.5	49.5	50.5	transparent
#969696	22	50	151	21.5	22.5	49.5	50.5	transparent
#5F5F5F	23	50	96	22.5	23.5	49.5	50.5	transparent
#393939	24	50	58	23.5	24.5	49.5	50.5	transparent
#292929	25	50	42	24.5	25.5	49.5	50.5	transparent
#202020	26	50	33	25.5	26.5	49.5	50.5	transparent
#1F1F1F	27	50	32	26.5	27.5	49.5	50.5	transparent
#212121	28	50	34	27.5	28.5	49.5	50.5	transparent
#202020	29	50	33	28.5	29.5	49.5	50.5	transparent
#1D1D1D	30	50	30	29.5	30.5	49.5	50.5	transparent
#1C1C1C	31	50	29	30.5	31.5	49.5	50.5	transparent
#1B1B1B	32	50	28	31.5	32.5	49.5	50.5	transparent
#1C1C1C	33	50	29	32.5	33.5	49.5	50.5	transparent
#1B1B1B	34	50	28	33.5	34.5	49.5	50.5	transparent
#1C1C1C	35	50	29	34.5	35.5	49.5	50.5	transparent
#242424	36	50	37	35.5	36.5	49.5	50.5	transparent
#2C2C2C	37	50	45	36.5	37.5	49.5	50.5	transparent
#353535	38	50	54	37.5	38.5	49.5	50.5	transparent
#3E3E3E	39	50	63	38.5	39.5	49.5	50.5	transparent
#4B4B4B	40	50	76	39.5	40.5	49.5	50.5	transparent
#4E4E4E	41	50	79	40.5	41.5	49.5	50.5	transparent
#474747	42	50	72	41.5	42.5	49.5	50.5	transparent
#494949	43	50	74	42.5	43.5	49.5	50.5	transparent
#484848	44	50	73	43.5	44.5	49.5	50.5	transparent
#3E3E3E	45	50	63	44.5	45.5	49.5	50.5	transparent
#333333	46	50	52	45.5	46.5	49.5	50.5	transparent
#343434	47	50	53	46.5	47.5	49.5	50.5	transparent
#353535	48	50	54	47.5	48.5	49.5	50.5	transparent
#404040	49	50	65	48.5	49.5	49.5	50.5	transparent
#3C3C3C	50	50	61	49.5	50.5	49.5	50.5	transparent
#3C3C3C	51	50	61	50.5	51.5	49.5	50.5	transparent
#424242	52	50	67	51.5	52.5	49.5	50.5	transparent
#424242	53	50	67	52.5	53.5	49.5	50.5	transparent
#3C3C3C	54	50	61	53.5	54.5	49.5	50.5	transparent
#393939	55	50	58	54.5	55.5	49.5	50.5	transparent
#363636	56	50	55	55.5	56.5	49.5	50.5	transparent
#353535	57	50	54	56.5	57.5	49.5	50.5	transparent
#494949	58	50	74	57.5	58.5	49.5	50.5	transparent
#606060	59	50	97	58.5	59.5	49.5	50.5	transparent
#6F6F6F	60	50	112	59.5	60.5	49.5	50.5	transparent
#808080	61	50	129	60.5	61.5	49.5	50.5	transparent
#8E8E8E	62	50	143	61.5	62.5	49.5	50.5	transparent
#999999	63	50	154	62.5	63.5	49.5	50.5	transparent
#A1A1A1	64	50	162	63.5	64.5	49.5	50.5	transparent
#AFAFAF	65	50	176	64.5	65.5	49.5	50.5	transparent
#BABABA	66	50	187	65.5	66.5	49.5	50.5	transparent
#BABABA	67	50	187	66.5	67.5	49.5	50.5	transparent
#B7B7B7	68	50	184	67.5	68.5	49.5	50.5	transparent
#B5B5B5	69	50	182	68.5	69.5	49.5	50.5	transparent
#BBBBBB	70	50	188	69.5	70.5	49.5	50.5	transparent
#C1C1C1	71	50	194	70.5	71.5	49.5	50.5	transparent
#C4C4C4	72	50	197	71.5	72.5	49.5	50.5	transparent
#CACACA	73	50	203	72.5	73.5	49.5	50.5	transparent
#CCCCCC	74	50	205	73.5	74.5	49.5	50.5	transparent
#CFCFCF	75	50	208	74.5	75.5	49.5	50.5	transparent
#CDCDCD	76	50	206	75.5	76.5	49.5	50.5	transparent
#C4C4C4	77	50	197	76.5	77.5	49.5	50.5	transparent
#B2B2B2	78	50	179	77.5	78.5	49.5	50.5	transparent
#A7A7A7	79	50	168	78.5	79.5	49.5	50.5	transparent
#A6A6A6	80	50	167	79.5	80.5	49.5	50.5	transparent
#A1A1A1	81	50	162	80.5	81.5	49.5	50.5	transparent
#9C9C9C	82	50	157	81.5	82.5	49.5	50.5	transparent
#9A9A9A	83	50	155	82.5	83.5	49.5	50.5	transparent
#959595	84	50	150	83.5	84.5	49.5	50.5	transparent
#919191	85	50	146	84.5	85.5	49.5	50.5	transparent
#8C8C8C	86	50	141	85.5	86.5	49.5	50.5	transparent
#8A8A8A	87	50	139	86.5	87.5	49.5	50.5	transparent
#919191	88	50	146	87.5	88.5	49.5	50.5	transparent
#888888	89	50	137	88.5	89.5	49.5	50.5	transparent
#8C8C8C	90	50	141	89.5	90.5	49.5	50.5	transparent
#8D8D8D	91	50	142	90.5	91.5	49.5	50.5	transparent
#808080	92	50	129	91.5	92.5	49.5	50.5	transparent
#7C7C7C	93	50	125	92.5	93.5	49.5	50.5	transparent
#777777	94	50	120	93.5	94.5	49.5	50.5	transparent
#6E6E6E	95	50	111	94.5	95.5	49.5	50.5	transparent
#606060	96	50	97	95.5	96.5	49.5	50.5	transparent
#515151	97	50	82	96.5	97.5	49.5	50.5	transparent
#3D3D3D	98	50	62	97.5	98.5	49.5	50.5	transparent
#2F2F2F	99	50	48	98.5	99.5	49.5	50.5	transparent
#323232	100	50	51	99.5	100.5	49.5	50.5	transparent
#3C3C3C	101	50	61	100.5	101.5	49.5	50.5	transparent
#3A3A3A	102	50	59	101.5	102.5	49.5	50.5	transparent
#353535	103	50	54	102.5	103.5	49.5	50.5	transparent
#363636	104	50	55	103.5	104.5	49.5	50.5	transparent
#2A2A2A	105	50	43	104.5	105.5	49.5	50.5	transparent
#292929	106	50	42	105.5	106.5	49.5	50.5	transparent
#282828	107	50	41	106.5	107.5	49.5	50.5	transparent
#262626	108	50	39	107.5	108.5	49.5	50.5	transparent
#272727	109	50	40	108.5	109.5	49.5	50.5	transparent
#282828	110	50	41	109.5	110.5	49.5	50.5	transparent
#282828	111	50	41	110.5	111.5	49.5	50.5	transparent
#2A2A2A	112	50	43	111.5	112.5	49.5	50.5	transparent
#2E2E2E	113	50	47	112.5	113.5	49.5	50.5	transparent
#2E2E2E	114	50	47	113.5	114.5	49.5	50.5	transparent
#282828	115	50	41	114.5	115.5	49.5	50.5	transparent
#303030	116	50	49	115.5	116.5	49.5	50.5	transparent
#464646	117	50	71	116.5	117.5	49.5	50.5	transparent
#636363	118	50	100	117.5	118.5	49.5	50.5	transparent
#868686	119	50	135	118.5	119.5	49.5	50.5	transparent
#A9A9A9	120	50	170	119.5	120.5	49.5	50.5	transparent
#9E9E9E	121	50	159	120.5	121.5	49.5	50.5	transparent
#929292	122	50	147	121.5	122.5	49.5	50.5	transparent
#808080	123	50	129	122.5	123.5	49.5	50.5	transparent
#727272	124	50	115	123.5	124.5	49.5	50.5	transparent
#666666	125	50	103	124.5	125.5	49.5	50.5	transparent
#5C5C5C	126	50	93	125.5	126.5	49.5	50.5	transparent
#525252	127	50	83	126.5	127.5	49.5	50.5	transparent
#474747	128	50	72	127.5	128.5	49.5	50.5	transparent
#393939	129	50	58	128.5	129.5	49.5	50.5	transparent
#2D2D2D	130	50	46	129.5	130.5	49.5	50.5	transparent
#202020	131	50	33	130.5	131.5	49.5	50.5	transparent
#141414	132	50	21	131.5	132.5	49.5	50.5	transparent
#0A0A0A	133	50	11	132.5	133.5	49.5	50.5	transparent
#0A0A0A	134	50	11	133.5	134.5	49.5	50.5	transparent
#0A0A0A	135	50	11	134.5	135.5	49.5	50.5	transparent
#0C0C0C	136	50	13	135.5	136.5	49.5	50.5	transparent
#0E0E0E	137	50	15	136.5	137.5	49.5	50.5	transparent
#1E1E1E	138	50	31	137.5	138.5	49.5	50.5	transparent
#4F4F4F	139	50	80	138.5	139.5	49.5	50.5	transparent
#131313	0	49	20	-0.5	0.5	48.5	49.5	transparent
#131313	1	49	20	0.5	1.5	48.5	49.5	transparent
#131313	2	49	20	1.5	2.5	48.5	49.5	transparent
#131313	3	49	20	2.5	3.5	48.5	49.5	transparent
#131313	4	49	20	3.5	4.5	48.5	49.5	transparent
#131313	5	49	20	4.5	5.5	48.5	49.5	transparent
#131313	6	49	20	5.5	6.5	48.5	49.5	transparent
#121212	7	49	19	6.5	7.5	48.5	49.5	transparent
#121212	8	49	19	7.5	8.5	48.5	49.5	transparent
#101010	9	49	17	8.5	9.5	48.5	49.5	transparent
#0F0F0F	10	49	16	9.5	10.5	48.5	49.5	transparent
#0F0F0F	11	49	16	10.5	11.5	48.5	49.5	transparent
#131313	12	49	20	11.5	12.5	48.5	49.5	transparent
#1D1D1D	13	49	30	12.5	13.5	48.5	49.5	transparent
#2B2B2B	14	49	44	13.5	14.5	48.5	49.5	transparent
#373737	15	49	56	14.5	15.5	48.5	49.5	transparent
#434343	16	49	68	15.5	16.5	48.5	49.5	transparent
#4F4F4F	17	49	80	16.5	17.5	48.5	49.5	transparent
#595959	18	49	90	17.5	18.5	48.5	49.5	transparent
#696969	19	49	106	18.5	19.5	48.5	49.5	transparent
#878787	20	49	136	19.5	20.5	48.5	49.5	transparent
#9A9A9A	21	49	155	20.5	21.5	48.5	49.5	transparent
#828282	22	49	131	21.5	22.5	48.5	49.5	transparent
#4D4D4D	23	49	78	22.5	23.5	48.5	49.5	transparent
#353535	24	49	54	23.5	24.5	48.5	49.5	transparent
#2A2A2A	25	49	43	24.5	25.5	48.5	49.5	transparent
#212121	26	49	34	25.5	26.5	48.5	49.5	transparent
#202020	27	49	33	26.5	27.5	48.5	49.5	transparent
#212121	28	49	34	27.5	28.5	48.5	49.5	transparent
#212121	29	49	34	28.5	29.5	48.5	49.5	transparent
#1D1D1D	30	49	30	29.5	30.5	48.5	49.5	transparent
#1B1B1B	31	49	28	30.5	31.5	48.5	49.5	transparent
#1B1B1B	32	49	28	31.5	32.5	48.5	49.5	transparent
#1B1B1B	33	49	28	32.5	33.5	48.5	49.5	transparent
#1F1F1F	34	49	32	33.5	34.5	48.5	49.5	transparent
#262626	35	49	39	34.5	35.5	48.5	49.5	transparent
#2B2B2B	36	49	44	35.5	36.5	48.5	49.5	transparent
#303030	37	49	49	36.5	37.5	48.5	49.5	transparent
#373737	38	49	56	37.5	38.5	48.5	49.5	transparent
#484848	39	49	73	38.5	39.5	48.5	49.5	transparent
#4C4C4C	40	49	77	39.5	40.5	48.5	49.5	transparent
#454545	41	49	70	40.5	41.5	48.5	49.5	transparent
#3D3D3D	42	49	62	41.5	42.5	48.5	49.5	transparent
#3B3B3B	43	49	60	42.5	43.5	48.5	49.5	transparent
#363636	44	49	55	43.5	44.5	48.5	49.5	transparent
#2F2F2F	45	49	48	44.5	45.5	48.5	49.5	transparent
#2B2B2B	46	49	44	45.5	46.5	48.5	49.5	transparent
#2E2E2E	47	49	47	46.5	47.5	48.5	49.5	transparent
#323232	48	49	51	47.5	48.5	48.5	49.5	transparent
#393939	49	49	58	48.5	49.5	48.5	49.5	transparent
#3A3A3A	50	49	59	49.5	50.5	48.5	49.5	transparent
#3F3F3F	51	49	64	50.5	51.5	48.5	49.5	transparent
#424242	52	49	67	51.5	52.5	48.5	49.5	transparent
#3F3F3F	53	49	64	52.5	53.5	48.5	49.5	transparent
#3A3A3A	54	49	59	53.5	54.5	48.5	49.5	transparent
#393939	55	49	58	54.5	55.5	48.5	49.5	transparent
#373737	56	49	56	55.5	56.5	48.5	49.5	transparent
#393939	57	49	58	56.5	57.5	48.5	49.5	transparent
#484848	58	49	73	57.5	58.5	48.5	49.5	transparent
#5B5B5B	59	49	92	58.5	59.5	48.5	49.5	transparent
#676767	60	49	104	59.5	60.5	48.5	49.5	transparent
#7E7E7E	61	49	127	60.5	61.5	48.5	49.5	transparent
#929292	62	49	147	61.5	62.5	48.5	49.5	transparent
#9B9B9B	63	49	156	62.5	63.5	48.5	49.5	transparent
#A3A3A3	64	49	164	63.5	64.5	48.5	49.5	transparent
#B6B6B6	65	49	183	64.5	65.5	48.5	49.5	transparent
#BEBEBE	66	49	191	65.5	66.5	48.5	49.5	transparent
#BABABA	67	49	187	66.5	67.5	48.5	49.5	transparent
#B7B7B7	68	49	184	67.5	68.5	48.5	49.5	transparent
#B7B7B7	69	49	184	68.5	69.5	48.5	49.5	transparent
#BABABA	70	49	187	69.5	70.5	48.5	49.5	transparent
#BEBEBE	71	49	191	70.5	71.5	48.5	49.5	transparent
#C1C1C1	72	49	194	71.5	72.5	48.5	49.5	transparent
#CACACA	73	49	203	72.5	73.5	48.5	49.5	transparent
#CDCDCD	74	49	206	73.5	74.5	48.5	49.5	transparent
#CFCFCF	75	49	208	74.5	75.5	48.5	49.5	transparent
#CFCFCF	76	49	208	75.5	76.5	48.5	49.5	transparent
#C6C6C6	77	49	199	76.5	77.5	48.5	49.5	transparent
#B3B3B3	78	49	180	77.5	78.5	48.5	49.5	transparent
#A9A9A9	79	49	170	78.5	79.5	48.5	49.5	transparent
#A5A5A5	80	49	166	79.5	80.5	48.5	49.5	transparent
#9E9E9E	81	49	159	80.5	81.5	48.5	49.5	transparent
#9C9C9C	82	49	157	81.5	82.5	48.5	49.5	transparent
#9B9B9B	83	49	156	82.5	83.5	48.5	49.5	transparent
#979797	84	49	152	83.5	84.5	48.5	49.5	transparent
#939393	85	49	148	84.5	85.5	48.5	49.5	transparent
#8C8C8C	86	49	141	85.5	86.5	48.5	49.5	transparent
#8C8C8C	87	49	141	86.5	87.5	48.5	49.5	transparent
#8C8C8C	88	49	141	87.5	88.5	48.5	49.5	transparent
#858585	89	49	134	88.5	89.5	48.5	49.5	transparent
#888888	90	49	137	89.5	90.5	48.5	49.5	transparent
#8F8F8F	91	49	144	90.5	91.5	48.5	49.5	transparent
#828282	92	49	131	91.5	92.5	48.5	49.5	transparent
#777777	93	49	120	92.5	93.5	48.5	49.5	transparent
#727272	94	49	115	93.5	94.5	48.5	49.5	transparent
#6F6F6F	95	49	112	94.5	95.5	48.5	49.5	transparent
#616161	96	49	98	95.5	96.5	48.5	49.5	transparent
#555555	97	49	86	96.5	97.5	48.5	49.5	transparent
#464646	98	49	71	97.5	98.5	48.5	49.5	transparent
#383838	99	49	57	98.5	99.5	48.5	49.5	transparent
#383838	100	49	57	99.5	100.5	48.5	49.5	transparent
#393939	101	49	58	100.5	101.5	48.5	49.5	transparent
#3D3D3D	102	49	62	101.5	102.5	48.5	49.5	transparent
#3F3F3F	103	49	64	102.5	103.5	48.5	49.5	transparent
#3F3F3F	104	49	64	103.5	104.5	48.5	49.5	transparent
#373737	105	49	56	104.5	105.5	48.5	49.5	transparent
#292929	106	49	42	105.5	106.5	48.5	49.5	transparent
#272727	107	49	40	106.5	107.5	48.5	49.5	transparent
#262626	108	49	39	107.5	108.5	48.5	49.5	transparent
#242424	109	49	37	108.5	109.5	48.5	49.5	transparent
#262626	110	49	39	109.5	110.5	48.5	49.5	transparent
#282828	111	49	41	110.5	111.5	48.5	49.5	transparent
#2A2A2A	112	49	43	111.5	112.5	48.5	49.5	transparent
#2D2D2D	113	49	46	112.5	113.5	48.5	49.5	transparent
#292929	114	49	42	113.5	114.5	48.5	49.5	transparent
#272727	115	49	40	114.5	115.5	48.5	49.5	transparent
#2F2F2F	116	49	48	115.5	116.5	48.5	49.5	transparent
#383838	117	49	57	116.5	117.5	48.5	49.5	transparent
#565656	118	49	87	117.5	118.5	48.5	49.5	transparent
#848484	119	49	133	118.5	119.5	48.5	49.5	transparent
#A7A7A7	120	49	168	119.5	120.5	48.5	49.5	transparent
#A1A1A1	121	49	162	120.5	121.5	48.5	49.5	transparent
#929292	122	49	147	121.5	122.5	48.5	49.5	transparent
#808080	123	49	129	122.5	123.5	48.5	49.5	transparent
#737373	124	49	116	123.5	124.5	48.5	49.5	transparent
#666666	125	49	103	124.5	125.5	48.5	49.5	transparent
#5A5A5A	126	49	91	125.5	126.5	48.5	49.5	transparent
#515151	127	49	82	126.5	127.5	48.5	49.5	transparent
#464646	128	49	71	127.5	128.5	48.5	49.5	transparent
#373737	129	49	56	128.5	129.5	48.5	49.5	transparent
#2B2B2B	130	49	44	129.5	130.5	48.5	49.5	transparent
#1F1F1F	131	49	32	130.5	131.5	48.5	49.5	transparent
#111111	132	49	18	131.5	132.5	48.5	49.5	transparent
#0A0A0A	133	49	11	132.5	133.5	48.5	49.5	transparent
#0A0A0A	134	49	11	133.5	134.5	48.5	49.5	transparent
#0B0B0B	135	49	12	134.5	135.5	48.5	49.5	transparent
#0C0C0C	136	49	13	135.5	136.5	48.5	49.5	transparent
#0E0E0E	137	49	15	136.5	137.5	48.5	49.5	transparent
#1E1E1E	138	49	31	137.5	138.5	48.5	49.5	transparent
#505050	139	49	81	138.5	139.5	48.5	49.5	transparent
#131313	0	48	20	-0.5	0.5	47.5	48.5	transparent
#131313	1	48	20	0.5	1.5	47.5	48.5	transparent
#131313	2	48	20	1.5	2.5	47.5	48.5	transparent
#131313	3	48	20	2.5	3.5	47.5	48.5	transparent
#131313	4	48	20	3.5	4.5	47.5	48.5	transparent
#131313	5	48	20	4.5	5.5	47.5	48.5	transparent
#131313	6	48	20	5.5	6.5	47.5	48.5	transparent
#131313	7	48	20	6.5	7.5	47.5	48.5	transparent
#121212	8	48	19	7.5	8.5	47.5	48.5	transparent
#101010	9	48	17	8.5	9.5	47.5	48.5	transparent
#0F0F0F	10	48	16	9.5	10.5	47.5	48.5	transparent
#0E0E0E	11	48	15	10.5	11.5	47.5	48.5	transparent
#111111	12	48	18	11.5	12.5	47.5	48.5	transparent
#1C1C1C	13	48	29	12.5	13.5	47.5	48.5	transparent
#292929	14	48	42	13.5	14.5	47.5	48.5	transparent
#343434	15	48	53	14.5	15.5	47.5	48.5	transparent
#414141	16	48	66	15.5	16.5	47.5	48.5	transparent
#4D4D4D	17	48	78	16.5	17.5	47.5	48.5	transparent
#585858	18	48	89	17.5	18.5	47.5	48.5	transparent
#6D6D6D	19	48	110	18.5	19.5	47.5	48.5	transparent
#888888	20	48	137	19.5	20.5	47.5	48.5	transparent
#969696	21	48	151	20.5	21.5	47.5	48.5	transparent
#666666	22	48	103	21.5	22.5	47.5	48.5	transparent
#434343	23	48	68	22.5	23.5	47.5	48.5	transparent
#313131	24	48	50	23.5	24.5	47.5	48.5	transparent
#292929	25	48	42	24.5	25.5	47.5	48.5	transparent
#242424	26	48	37	25.5	26.5	47.5	48.5	transparent
#202020	27	48	33	26.5	27.5	47.5	48.5	transparent
#202020	28	48	33	27.5	28.5	47.5	48.5	transparent
#1F1F1F	29	48	32	28.5	29.5	47.5	48.5	transparent
#1E1E1E	30	48	31	29.5	30.5	47.5	48.5	transparent
#1C1C1C	31	48	29	30.5	31.5	47.5	48.5	transparent
#1C1C1C	32	48	29	31.5	32.5	47.5	48.5	transparent
#202020	33	48	33	32.5	33.5	47.5	48.5	transparent
#262626	34	48	39	33.5	34.5	47.5	48.5	transparent
#272727	35	48	40	34.5	35.5	47.5	48.5	transparent
#2C2C2C	36	48	45	35.5	36.5	47.5	48.5	transparent
#323232	37	48	51	36.5	37.5	47.5	48.5	transparent
#3D3D3D	38	48	62	37.5	38.5	47.5	48.5	transparent
#454545	39	48	70	38.5	39.5	47.5	48.5	transparent
#3D3D3D	40	48	62	39.5	40.5	47.5	48.5	transparent
#3B3B3B	41	48	60	40.5	41.5	47.5	48.5	transparent
#363636	42	48	55	41.5	42.5	47.5	48.5	transparent
#313131	43	48	50	42.5	43.5	47.5	48.5	transparent
#2B2B2B	44	48	44	43.5	44.5	47.5	48.5	transparent
#2C2C2C	45	48	45	44.5	45.5	47.5	48.5	transparent
#2B2B2B	46	48	44	45.5	46.5	47.5	48.5	transparent
#2B2B2B	47	48	44	46.5	47.5	47.5	48.5	transparent
#2B2B2B	48	48	44	47.5	48.5	47.5	48.5	transparent
#2F2F2F	49	48	48	48.5	49.5	47.5	48.5	transparent
#383838	50	48	57	49.5	50.5	47.5	48.5	transparent
#444444	51	48	69	50.5	51.5	47.5	48.5	transparent
#444444	52	48	69	51.5	52.5	47.5	48.5	transparent
#3B3B3B	53	48	60	52.5	53.5	47.5	48.5	transparent
#363636	54	48	55	53.5	54.5	47.5	48.5	transparent
#383838	55	48	57	54.5	55.5	47.5	48.5	transparent
#3B3B3B	56	48	60	55.5	56.5	47.5	48.5	transparent
#3C3C3C	57	48	61	56.5	57.5	47.5	48.5	transparent
#474747	58	48	72	57.5	58.5	47.5	48.5	transparent
#545454	59	48	85	58.5	59.5	47.5	48.5	transparent
#626262	60	48	99	59.5	60.5	47.5	48.5	transparent
#7A7A7A	61	48	123	60.5	61.5	47.5	48.5	transparent
#8C8C8C	62	48	141	61.5	62.5	47.5	48.5	transparent
#989898	63	48	153	62.5	63.5	47.5	48.5	transparent
#A8A8A8	64	48	169	63.5	64.5	47.5	48.5	transparent
#B9B9B9	65	48	186	64.5	65.5	47.5	48.5	transparent
#BCBCBC	66	48	189	65.5	66.5	47.5	48.5	transparent
#B9B9B9	67	48	186	66.5	67.5	47.5	48.5	transparent
#B7B7B7	68	48	184	67.5	68.5	47.5	48.5	transparent
#B6B6B6	69	48	183	68.5	69.5	47.5	48.5	transparent
#B8B8B8	70	48	185	69.5	70.5	47.5	48.5	transparent
#BCBCBC	71	48	189	70.5	71.5	47.5	48.5	transparent
#BFBFBF	72	48	192	71.5	72.5	47.5	48.5	transparent
#C9C9C9	73	48	202	72.5	73.5	47.5	48.5	transparent
#CDCDCD	74	48	206	73.5	74.5	47.5	48.5	transparent
#CDCDCD	75	48	206	74.5	75.5	47.5	48.5	transparent
#CDCDCD	76	48	206	75.5	76.5	47.5	48.5	transparent
#C9C9C9	77	48	202	76.5	77.5	47.5	48.5	transparent
#B5B5B5	78	48	182	77.5	78.5	47.5	48.5	transparent
#A4A4A4	79	48	165	78.5	79.5	47.5	48.5	transparent
#A0A0A0	80	48	161	79.5	80.5	47.5	48.5	transparent
#9E9E9E	81	48	159	80.5	81.5	47.5	48.5	transparent
#9C9C9C	82	48	157	81.5	82.5	47.5	48.5	transparent
#9C9C9C	83	48	157	82.5	83.5	47.5	48.5	transparent
#999999	84	48	154	83.5	84.5	47.5	48.5	transparent
#929292	85	48	147	84.5	85.5	47.5	48.5	transparent
#8F8F8F	86	48	144	85.5	86.5	47.5	48.5	transparent
#8E8E8E	87	48	143	86.5	87.5	47.5	48.5	transparent
#878787	88	48	136	87.5	88.5	47.5	48.5	transparent
#858585	89	48	134	88.5	89.5	47.5	48.5	transparent
#878787	90	48	136	89.5	90.5	47.5	48.5	transparent
#8F8F8F	91	48	144	90.5	91.5	47.5	48.5	transparent
#878787	92	48	136	91.5	92.5	47.5	48.5	transparent
#7B7B7B	93	48	124	92.5	93.5	47.5	48.5	transparent
#747474	94	48	117	93.5	94.5	47.5	48.5	transparent
#727272	95	48	115	94.5	95.5	47.5	48.5	transparent
#696969	96	48	106	95.5	96.5	47.5	48.5	transparent
#585858	97	48	89	96.5	97.5	47.5	48.5	transparent
#494949	98	48	74	97.5	98.5	47.5	48.5	transparent
#3D3D3D	99	48	62	98.5	99.5	47.5	48.5	transparent
#353535	100	48	54	99.5	100.5	47.5	48.5	transparent
#343434	101	48	53	100.5	101.5	47.5	48.5	transparent
#3A3A3A	102	48	59	101.5	102.5	47.5	48.5	transparent
#404040	103	48	65	102.5	103.5	47.5	48.5	transparent
#414141	104	48	66	103.5	104.5	47.5	48.5	transparent
#424242	105	48	67	104.5	105.5	47.5	48.5	transparent
#363636	106	48	55	105.5	106.5	47.5	48.5	transparent
#2D2D2D	107	48	46	106.5	107.5	47.5	48.5	transparent
#2B2B2B	108	48	44	107.5	108.5	47.5	48.5	transparent
#262626	109	48	39	108.5	109.5	47.5	48.5	transparent
#272727	110	48	40	109.5	110.5	47.5	48.5	transparent
#282828	111	48	41	110.5	111.5	47.5	48.5	transparent
#2E2E2E	112	48	47	111.5	112.5	47.5	48.5	transparent
#2E2E2E	113	48	47	112.5	113.5	47.5	48.5	transparent
#282828	114	48	41	113.5	114.5	47.5	48.5	transparent
#292929	115	48	42	114.5	115.5	47.5	48.5	transparent
#303030	116	48	49	115.5	116.5	47.5	48.5	transparent
#363636	117	48	55	116.5	117.5	47.5	48.5	transparent
#454545	118	48	70	117.5	118.5	47.5	48.5	transparent
#777777	119	48	120	118.5	119.5	47.5	48.5	transparent
#A4A4A4	120	48	165	119.5	120.5	47.5	48.5	transparent
#A5A5A5	121	48	166	120.5	121.5	47.5	48.5	transparent
#929292	122	48	147	121.5	122.5	47.5	48.5	transparent
#808080	123	48	129	122.5	123.5	47.5	48.5	transparent
#727272	124	48	115	123.5	124.5	47.5	48.5	transparent
#656565	125	48	102	124.5	125.5	47.5	48.5	transparent
#595959	126	48	90	125.5	126.5	47.5	48.5	transparent
#4F4F4F	127	48	80	126.5	127.5	47.5	48.5	transparent
#434343	128	48	68	127.5	128.5	47.5	48.5	transparent
#333333	129	48	52	128.5	129.5	47.5	48.5	transparent
#292929	130	48	42	129.5	130.5	47.5	48.5	transparent
#1E1E1E	131	48	31	130.5	131.5	47.5	48.5	transparent
#0F0F0F	132	48	16	131.5	132.5	47.5	48.5	transparent
#0B0B0B	133	48	12	132.5	133.5	47.5	48.5	transparent
#0B0B0B	134	48	12	133.5	134.5	47.5	48.5	transparent
#0B0B0B	135	48	12	134.5	135.5	47.5	48.5	transparent
#0D0D0D	136	48	14	135.5	136.5	47.5	48.5	transparent
#0E0E0E	137	48	15	136.5	137.5	47.5	48.5	transparent
#1D1D1D	138	48	30	137.5	138.5	47.5	48.5	transparent
#515151	139	48	82	138.5	139.5	47.5	48.5	transparent
#131313	0	47	20	-0.5	0.5	46.5	47.5	transparent
#131313	1	47	20	0.5	1.5	46.5	47.5	transparent
#131313	2	47	20	1.5	2.5	46.5	47.5	transparent
#131313	3	47	20	2.5	3.5	46.5	47.5	transparent
#131313	4	47	20	3.5	4.5	46.5	47.5	transparent
#131313	5	47	20	4.5	5.5	46.5	47.5	transparent
#131313	6	47	20	5.5	6.5	46.5	47.5	transparent
#131313	7	47	20	6.5	7.5	46.5	47.5	transparent
#121212	8	47	19	7.5	8.5	46.5	47.5	transparent
#101010	9	47	17	8.5	9.5	46.5	47.5	transparent
#0F0F0F	10	47	16	9.5	10.5	46.5	47.5	transparent
#0F0F0F	11	47	16	10.5	11.5	46.5	47.5	transparent
#101010	12	47	17	11.5	12.5	46.5	47.5	transparent
#1B1B1B	13	47	28	12.5	13.5	46.5	47.5	transparent
#272727	14	47	40	13.5	14.5	46.5	47.5	transparent
#323232	15	47	51	14.5	15.5	46.5	47.5	transparent
#414141	16	47	66	15.5	16.5	46.5	47.5	transparent
#4D4D4D	17	47	78	16.5	17.5	46.5	47.5	transparent
#595959	18	47	90	17.5	18.5	46.5	47.5	transparent
#747474	19	47	117	18.5	19.5	46.5	47.5	transparent
#888888	20	47	137	19.5	20.5	46.5	47.5	transparent
#898989	21	47	138	20.5	21.5	46.5	47.5	transparent
#545454	22	47	85	21.5	22.5	46.5	47.5	transparent
#3C3C3C	23	47	61	22.5	23.5	46.5	47.5	transparent
#2E2E2E	24	47	47	23.5	24.5	46.5	47.5	transparent
#242424	25	47	37	24.5	25.5	46.5	47.5	transparent
#242424	26	47	37	25.5	26.5	46.5	47.5	transparent
#222222	27	47	35	26.5	27.5	46.5	47.5	transparent
#212121	28	47	34	27.5	28.5	46.5	47.5	transparent
#1F1F1F	29	47	32	28.5	29.5	46.5	47.5	transparent
#212121	30	47	34	29.5	30.5	46.5	47.5	transparent
#242424	31	47	37	30.5	31.5	46.5	47.5	transparent
#242424	32	47	37	31.5	32.5	46.5	47.5	transparent
#262626	33	47	39	32.5	33.5	46.5	47.5	transparent
#272727	34	47	40	33.5	34.5	46.5	47.5	transparent
#282828	35	47	41	34.5	35.5	46.5	47.5	transparent
#2D2D2D	36	47	46	35.5	36.5	46.5	47.5	transparent
#373737	37	47	56	36.5	37.5	46.5	47.5	transparent
#3A3A3A	38	47	59	37.5	38.5	46.5	47.5	transparent
#343434	39	47	53	38.5	39.5	46.5	47.5	transparent
#2D2D2D	40	47	46	39.5	40.5	46.5	47.5	transparent
#2D2D2D	41	47	46	40.5	41.5	46.5	47.5	transparent
#313131	42	47	50	41.5	42.5	46.5	47.5	transparent
#2A2A2A	43	47	43	42.5	43.5	46.5	47.5	transparent
#272727	44	47	40	43.5	44.5	46.5	47.5	transparent
#2B2B2B	45	47	44	44.5	45.5	46.5	47.5	transparent
#262626	46	47	39	45.5	46.5	46.5	47.5	transparent
#272727	47	47	40	46.5	47.5	46.5	47.5	transparent
#272727	48	47	40	47.5	48.5	46.5	47.5	transparent
#2D2D2D	49	47	46	48.5	49.5	46.5	47.5	transparent
#383838	50	47	57	49.5	50.5	46.5	47.5	transparent
#414141	51	47	66	50.5	51.5	46.5	47.5	transparent
#424242	52	47	67	51.5	52.5	46.5	47.5	transparent
#3A3A3A	53	47	59	52.5	53.5	46.5	47.5	transparent
#353535	54	47	54	53.5	54.5	46.5	47.5	transparent
#393939	55	47	58	54.5	55.5	46.5	47.5	transparent
#3B3B3B	56	47	60	55.5	56.5	46.5	47.5	transparent
#3A3A3A	57	47	59	56.5	57.5	46.5	47.5	transparent
#454545	58	47	70	57.5	58.5	46.5	47.5	transparent
#515151	59	47	82	58.5	59.5	46.5	47.5	transparent
#606060	60	47	97	59.5	60.5	46.5	47.5	transparent
#797979	61	47	122	60.5	61.5	46.5	47.5	transparent
#8A8A8A	62	47	139	61.5	62.5	46.5	47.5	transparent
#959595	63	47	150	62.5	63.5	46.5	47.5	transparent
#ACACAC	64	47	173	63.5	64.5	46.5	47.5	transparent
#BCBCBC	65	47	189	64.5	65.5	46.5	47.5	transparent
#BBBBBB	66	47	188	65.5	66.5	46.5	47.5	transparent
#BABABA	67	47	187	66.5	67.5	46.5	47.5	transparent
#B8B8B8	68	47	185	67.5	68.5	46.5	47.5	transparent
#B6B6B6	69	47	183	68.5	69.5	46.5	47.5	transparent
#B9B9B9	70	47	186	69.5	70.5	46.5	47.5	transparent
#BCBCBC	71	47	189	70.5	71.5	46.5	47.5	transparent
#BFBFBF	72	47	192	71.5	72.5	46.5	47.5	transparent
#C9C9C9	73	47	202	72.5	73.5	46.5	47.5	transparent
#CECECE	74	47	207	73.5	74.5	46.5	47.5	transparent
#CFCFCF	75	47	208	74.5	75.5	46.5	47.5	transparent
#CECECE	76	47	207	75.5	76.5	46.5	47.5	transparent
#CACACA	77	47	203	76.5	77.5	46.5	47.5	transparent
#B5B5B5	78	47	182	77.5	78.5	46.5	47.5	transparent
#A1A1A1	79	47	162	78.5	79.5	46.5	47.5	transparent
#9D9D9D	80	47	158	79.5	80.5	46.5	47.5	transparent
#9C9C9C	81	47	157	80.5	81.5	46.5	47.5	transparent
#9C9C9C	82	47	157	81.5	82.5	46.5	47.5	transparent
#9B9B9B	83	47	156	82.5	83.5	46.5	47.5	transparent
#989898	84	47	153	83.5	84.5	46.5	47.5	transparent
#939393	85	47	148	84.5	85.5	46.5	47.5	transparent
#939393	86	47	148	85.5	86.5	46.5	47.5	transparent
#8F8F8F	87	47	144	86.5	87.5	46.5	47.5	transparent
#888888	88	47	137	87.5	88.5	46.5	47.5	transparent
#878787	89	47	136	88.5	89.5	46.5	47.5	transparent
#838383	90	47	132	89.5	90.5	46.5	47.5	transparent
#878787	91	47	136	90.5	91.5	46.5	47.5	transparent
#8A8A8A	92	47	139	91.5	92.5	46.5	47.5	transparent
#7D7D7D	93	47	126	92.5	93.5	46.5	47.5	transparent
#717171	94	47	114	93.5	94.5	46.5	47.5	transparent
#707070	95	47	113	94.5	95.5	46.5	47.5	transparent
#6A6A6A	96	47	107	95.5	96.5	46.5	47.5	transparent
#5A5A5A	97	47	91	96.5	97.5	46.5	47.5	transparent
#4C4C4C	98	47	77	97.5	98.5	46.5	47.5	transparent
#3D3D3D	99	47	62	98.5	99.5	46.5	47.5	transparent
#333333	100	47	52	99.5	100.5	46.5	47.5	transparent
#313131	101	47	50	100.5	101.5	46.5	47.5	transparent
#363636	102	47	55	101.5	102.5	46.5	47.5	transparent
#3E3E3E	103	47	63	102.5	103.5	46.5	47.5	transparent
#404040	104	47	65	103.5	104.5	46.5	47.5	transparent
#404040	105	47	65	104.5	105.5	46.5	47.5	transparent
#3D3D3D	106	47	62	105.5	106.5	46.5	47.5	transparent
#323232	107	47	51	106.5	107.5	46.5	47.5	transparent
#313131	108	47	50	107.5	108.5	46.5	47.5	transparent
#2E2E2E	109	47	47	108.5	109.5	46.5	47.5	transparent
#292929	110	47	42	109.5	110.5	46.5	47.5	transparent
#2A2A2A	111	47	43	110.5	111.5	46.5	47.5	transparent
#303030	112	47	49	111.5	112.5	46.5	47.5	transparent
#2E2E2E	113	47	47	112.5	113.5	46.5	47.5	transparent
#2A2A2A	114	47	43	113.5	114.5	46.5	47.5	transparent
#2C2C2C	115	47	45	114.5	115.5	46.5	47.5	transparent
#313131	116	47	50	115.5	116.5	46.5	47.5	transparent
#363636	117	47	55	116.5	117.5	46.5	47.5	transparent
#404040	118	47	65	117.5	118.5	46.5	47.5	transparent
#636363	119	47	100	118.5	119.5	46.5	47.5	transparent
#9C9C9C	120	47	157	119.5	120.5	46.5	47.5	transparent
#A8A8A8	121	47	169	120.5	121.5	46.5	47.5	transparent
#939393	122	47	148	121.5	122.5	46.5	47.5	transparent
#7F7F7F	123	47	128	122.5	123.5	46.5	47.5	transparent
#717171	124	47	114	123.5	124.5	46.5	47.5	transparent
#656565	125	47	102	124.5	125.5	46.5	47.5	transparent
#595959	126	47	90	125.5	126.5	46.5	47.5	transparent
#4E4E4E	127	47	79	126.5	127.5	46.5	47.5	transparent
#414141	128	47	66	127.5	128.5	46.5	47.5	transparent
#313131	129	47	50	128.5	129.5	46.5	47.5	transparent
#262626	130	47	39	129.5	130.5	46.5	47.5	transparent
#1C1C1C	131	47	29	130.5	131.5	46.5	47.5	transparent
#0D0D0D	132	47	14	131.5	132.5	46.5	47.5	transparent
#0B0B0B	133	47	12	132.5	133.5	46.5	47.5	transparent
#0B0B0B	134	47	12	133.5	134.5	46.5	47.5	transparent
#0B0B0B	135	47	12	134.5	135.5	46.5	47.5	transparent
#0D0D0D	136	47	14	135.5	136.5	46.5	47.5	transparent
#0D0D0D	137	47	14	136.5	137.5	46.5	47.5	transparent
#1F1F1F	138	47	32	137.5	138.5	46.5	47.5	transparent
#525252	139	47	83	138.5	139.5	46.5	47.5	transparent
#131313	0	46	20	-0.5	0.5	45.5	46.5	transparent
#131313	1	46	20	0.5	1.5	45.5	46.5	transparent
#131313	2	46	20	1.5	2.5	45.5	46.5	transparent
#131313	3	46	20	2.5	3.5	45.5	46.5	transparent
#131313	4	46	20	3.5	4.5	45.5	46.5	transparent
#131313	5	46	20	4.5	5.5	45.5	46.5	transparent
#131313	6	46	20	5.5	6.5	45.5	46.5	transparent
#131313	7	46	20	6.5	7.5	45.5	46.5	transparent
#131313	8	46	20	7.5	8.5	45.5	46.5	transparent
#111111	9	46	18	8.5	9.5	45.5	46.5	transparent
#0F0F0F	10	46	16	9.5	10.5	45.5	46.5	transparent
#0E0E0E	11	46	15	10.5	11.5	45.5	46.5	transparent
#101010	12	46	17	11.5	12.5	45.5	46.5	transparent
#191919	13	46	26	12.5	13.5	45.5	46.5	transparent
#252525	14	46	38	13.5	14.5	45.5	46.5	transparent
#323232	15	46	51	14.5	15.5	45.5	46.5	transparent
#404040	16	46	65	15.5	16.5	45.5	46.5	transparent
#4C4C4C	17	46	77	16.5	17.5	45.5	46.5	transparent
#5C5C5C	18	46	93	17.5	18.5	45.5	46.5	transparent
#777777	19	46	120	18.5	19.5	45.5	46.5	transparent
#878787	20	46	136	19.5	20.5	45.5	46.5	transparent
#7A7A7A	21	46	123	20.5	21.5	45.5	46.5	transparent
#494949	22	46	74	21.5	22.5	45.5	46.5	transparent
#383838	23	46	57	22.5	23.5	45.5	46.5	transparent
#2D2D2D	24	46	46	23.5	24.5	45.5	46.5	transparent
#232323	25	46	36	24.5	25.5	45.5	46.5	transparent
#202020	26	46	33	25.5	26.5	45.5	46.5	transparent
#212121	27	46	34	26.5	27.5	45.5	46.5	transparent
#222222	28	46	35	27.5	28.5	45.5	46.5	transparent
#222222	29	46	35	28.5	29.5	45.5	46.5	transparent
#242424	30	46	37	29.5	30.5	45.5	46.5	transparent
#292929	31	46	42	30.5	31.5	45.5	46.5	transparent
#282828	32	46	41	31.5	32.5	45.5	46.5	transparent
#252525	33	46	38	32.5	33.5	45.5	46.5	transparent
#272727	34	46	40	33.5	34.5	45.5	46.5	transparent
#292929	35	46	42	34.5	35.5	45.5	46.5	transparent
#313131	36	46	50	35.5	36.5	45.5	46.5	transparent
#363636	37	46	55	36.5	37.5	45.5	46.5	transparent
#2F2F2F	38	46	48	37.5	38.5	45.5	46.5	transparent
#2C2C2C	39	46	45	38.5	39.5	45.5	46.5	transparent
#292929	40	46	42	39.5	40.5	45.5	46.5	transparent
#282828	41	46	41	40.5	41.5	45.5	46.5	transparent
#222222	42	46	35	41.5	42.5	45.5	46.5	transparent
#1F1F1F	43	46	32	42.5	43.5	45.5	46.5	transparent
#232323	44	46	36	43.5	44.5	45.5	46.5	transparent
#242424	45	46	37	44.5	45.5	45.5	46.5	transparent
#232323	46	46	36	45.5	46.5	45.5	46.5	transparent
#262626	47	46	39	46.5	47.5	45.5	46.5	transparent
#282828	48	46	41	47.5	48.5	45.5	46.5	transparent
#313131	49	46	50	48.5	49.5	45.5	46.5	transparent
#3A3A3A	50	46	59	49.5	50.5	45.5	46.5	transparent
#393939	51	46	58	50.5	51.5	45.5	46.5	transparent
#3A3A3A	52	46	59	51.5	52.5	45.5	46.5	transparent
#393939	53	46	58	52.5	53.5	45.5	46.5	transparent
#383838	54	46	57	53.5	54.5	45.5	46.5	transparent
#3C3C3C	55	46	61	54.5	55.5	45.5	46.5	transparent
#393939	56	46	58	55.5	56.5	45.5	46.5	transparent
#393939	57	46	58	56.5	57.5	45.5	46.5	transparent
#424242	58	46	67	57.5	58.5	45.5	46.5	transparent
#4A4A4A	59	46	75	58.5	59.5	45.5	46.5	transparent
#5D5D5D	60	46	94	59.5	60.5	45.5	46.5	transparent
#797979	61	46	122	60.5	61.5	45.5	46.5	transparent
#8C8C8C	62	46	141	61.5	62.5	45.5	46.5	transparent
#999999	63	46	154	62.5	63.5	45.5	46.5	transparent
#ACACAC	64	46	173	63.5	64.5	45.5	46.5	transparent
#C0C0C0	65	46	193	64.5	65.5	45.5	46.5	transparent
#C0C0C0	66	46	193	65.5	66.5	45.5	46.5	transparent
#BEBEBE	67	46	191	66.5	67.5	45.5	46.5	transparent
#BCBCBC	68	46	189	67.5	68.5	45.5	46.5	transparent
#BBBBBB	69	46	188	68.5	69.5	45.5	46.5	transparent
#BBBBBB	70	46	188	69.5	70.5	45.5	46.5	transparent
#BFBFBF	71	46	192	70.5	71.5	45.5	46.5	transparent
#C0C0C0	72	46	193	71.5	72.5	45.5	46.5	transparent
#CACACA	73	46	203	72.5	73.5	45.5	46.5	transparent
#D0D0D0	74	46	209	73.5	74.5	45.5	46.5	transparent
#D3D3D3	75	46	212	74.5	75.5	45.5	46.5	transparent
#D1D1D1	76	46	210	75.5	76.5	45.5	46.5	transparent
#CBCBCB	77	46	204	76.5	77.5	45.5	46.5	transparent
#B6B6B6	78	46	183	77.5	78.5	45.5	46.5	transparent
#A2A2A2	79	46	163	78.5	79.5	45.5	46.5	transparent
#9E9E9E	80	46	159	79.5	80.5	45.5	46.5	transparent
#9C9C9C	81	46	157	80.5	81.5	45.5	46.5	transparent
#9B9B9B	82	46	156	81.5	82.5	45.5	46.5	transparent
#999999	83	46	154	82.5	83.5	45.5	46.5	transparent
#979797	84	46	152	83.5	84.5	45.5	46.5	transparent
#959595	85	46	150	84.5	85.5	45.5	46.5	transparent
#939393	86	46	148	85.5	86.5	45.5	46.5	transparent
#8D8D8D	87	46	142	86.5	87.5	45.5	46.5	transparent
#8A8A8A	88	46	139	87.5	88.5	45.5	46.5	transparent
#888888	89	46	137	88.5	89.5	45.5	46.5	transparent
#828282	90	46	131	89.5	90.5	45.5	46.5	transparent
#848484	91	46	133	90.5	91.5	45.5	46.5	transparent
#848484	92	46	133	91.5	92.5	45.5	46.5	transparent
#7A7A7A	93	46	123	92.5	93.5	45.5	46.5	transparent
#707070	94	46	113	93.5	94.5	45.5	46.5	transparent
#6D6D6D	95	46	110	94.5	95.5	45.5	46.5	transparent
#676767	96	46	104	95.5	96.5	45.5	46.5	transparent
#565656	97	46	87	96.5	97.5	45.5	46.5	transparent
#4A4A4A	98	46	75	97.5	98.5	45.5	46.5	transparent
#404040	99	46	65	98.5	99.5	45.5	46.5	transparent
#343434	100	46	53	99.5	100.5	45.5	46.5	transparent
#2F2F2F	101	46	48	100.5	101.5	45.5	46.5	transparent
#303030	102	46	49	101.5	102.5	45.5	46.5	transparent
#363636	103	46	55	102.5	103.5	45.5	46.5	transparent
#383838	104	46	57	103.5	104.5	45.5	46.5	transparent
#3A3A3A	105	46	59	104.5	105.5	45.5	46.5	transparent
#3A3A3A	106	46	59	105.5	106.5	45.5	46.5	transparent
#313131	107	46	50	106.5	107.5	45.5	46.5	transparent
#2F2F2F	108	46	48	107.5	108.5	45.5	46.5	transparent
#343434	109	46	53	108.5	109.5	45.5	46.5	transparent
#323232	110	46	51	109.5	110.5	45.5	46.5	transparent
#2F2F2F	111	46	48	110.5	111.5	45.5	46.5	transparent
#2D2D2D	112	46	46	111.5	112.5	45.5	46.5	transparent
#2A2A2A	113	46	43	112.5	113.5	45.5	46.5	transparent
#292929	114	46	42	113.5	114.5	45.5	46.5	transparent
#2C2C2C	115	46	45	114.5	115.5	45.5	46.5	transparent
#2F2F2F	116	46	48	115.5	116.5	45.5	46.5	transparent
#363636	117	46	55	116.5	117.5	45.5	46.5	transparent
#404040	118	46	65	117.5	118.5	45.5	46.5	transparent
#545454	119	46	85	118.5	119.5	45.5	46.5	transparent
#8C8C8C	120	46	141	119.5	120.5	45.5	46.5	transparent
#A7A7A7	121	46	168	120.5	121.5	45.5	46.5	transparent
#989898	122	46	153	121.5	122.5	45.5	46.5	transparent
#7F7F7F	123	46	128	122.5	123.5	45.5	46.5	transparent
#707070	124	46	113	123.5	124.5	45.5	46.5	transparent
#646464	125	46	101	124.5	125.5	45.5	46.5	transparent
#585858	126	46	89	125.5	126.5	45.5	46.5	transparent
#4D4D4D	127	46	78	126.5	127.5	45.5	46.5	transparent
#404040	128	46	65	127.5	128.5	45.5	46.5	transparent
#2E2E2E	129	46	47	128.5	129.5	45.5	46.5	transparent
#232323	130	46	36	129.5	130.5	45.5	46.5	transparent
#181818	131	46	25	130.5	131.5	45.5	46.5	transparent
#0D0D0D	132	46	14	131.5	132.5	45.5	46.5	transparent
#0B0B0B	133	46	12	132.5	133.5	45.5	46.5	transparent
#0B0B0B	134	46	12	133.5	134.5	45.5	46.5	transparent
#0C0C0C	135	46	13	134.5	135.5	45.5	46.5	transparent
#0D0D0D	136	46	14	135.5	136.5	45.5	46.5	transparent
#0D0D0D	137	46	14	136.5	137.5	45.5	46.5	transparent
#1F1F1F	138	46	32	137.5	138.5	45.5	46.5	transparent
#535353	139	46	84	138.5	139.5	45.5	46.5	transparent
#131313	0	45	20	-0.5	0.5	44.5	45.5	transparent
#131313	1	45	20	0.5	1.5	44.5	45.5	transparent
#131313	2	45	20	1.5	2.5	44.5	45.5	transparent
#131313	3	45	20	2.5	3.5	44.5	45.5	transparent
#131313	4	45	20	3.5	4.5	44.5	45.5	transparent
#131313	5	45	20	4.5	5.5	44.5	45.5	transparent
#131313	6	45	20	5.5	6.5	44.5	45.5	transparent
#131313	7	45	20	6.5	7.5	44.5	45.5	transparent
#121212	8	45	19	7.5	8.5	44.5	45.5	transparent
#111111	9	45	18	8.5	9.5	44.5	45.5	transparent
#0F0F0F	10	45	16	9.5	10.5	44.5	45.5	transparent
#0E0E0E	11	45	15	10.5	11.5	44.5	45.5	transparent
#0F0F0F	12	45	16	11.5	12.5	44.5	45.5	transparent
#171717	13	45	24	12.5	13.5	44.5	45.5	transparent
#232323	14	45	36	13.5	14.5	44.5	45.5	transparent
#2F2F2F	15	45	48	14.5	15.5	44.5	45.5	transparent
#3F3F3F	16	45	64	15.5	16.5	44.5	45.5	transparent
#4D4D4D	17	45	78	16.5	17.5	44.5	45.5	transparent
#616161	18	45	98	17.5	18.5	44.5	45.5	transparent
#777777	19	45	120	18.5	19.5	44.5	45.5	transparent
#838383	20	45	132	19.5	20.5	44.5	45.5	transparent
#6A6A6A	21	45	107	20.5	21.5	44.5	45.5	transparent
#434343	22	45	68	21.5	22.5	44.5	45.5	transparent
#353535	23	45	54	22.5	23.5	44.5	45.5	transparent
#2D2D2D	24	45	46	23.5	24.5	44.5	45.5	transparent
#252525	25	45	38	24.5	25.5	44.5	45.5	transparent
#1F1F1F	26	45	32	25.5	26.5	44.5	45.5	transparent
#1E1E1E	27	45	31	26.5	27.5	44.5	45.5	transparent
#252525	28	45	38	27.5	28.5	44.5	45.5	transparent
#282828	29	45	41	28.5	29.5	44.5	45.5	transparent
#292929	30	45	42	29.5	30.5	44.5	45.5	transparent
#2A2A2A	31	45	43	30.5	31.5	44.5	45.5	transparent
#292929	32	45	42	31.5	32.5	44.5	45.5	transparent
#252525	33	45	38	32.5	33.5	44.5	45.5	transparent
#252525	34	45	38	33.5	34.5	44.5	45.5	transparent
#2A2A2A	35	45	43	34.5	35.5	44.5	45.5	transparent
#323232	36	45	51	35.5	36.5	44.5	45.5	transparent
#292929	37	45	42	36.5	37.5	44.5	45.5	transparent
#232323	38	45	36	37.5	38.5	44.5	45.5	transparent
#262626	39	45	39	38.5	39.5	44.5	45.5	transparent
#222222	40	45	35	39.5	40.5	44.5	45.5	transparent
#1F1F1F	41	45	32	40.5	41.5	44.5	45.5	transparent
#1D1D1D	42	45	30	41.5	42.5	44.5	45.5	transparent
#1E1E1E	43	45	31	42.5	43.5	44.5	45.5	transparent
#212121	44	45	34	43.5	44.5	44.5	45.5	transparent
#232323	45	45	36	44.5	45.5	44.5	45.5	transparent
#222222	46	45	35	45.5	46.5	44.5	45.5	transparent
#262626	47	45	39	46.5	47.5	44.5	45.5	transparent
#313131	48	45	50	47.5	48.5	44.5	45.5	transparent
#323232	49	45	51	48.5	49.5	44.5	45.5	transparent
#303030	50	45	49	49.5	50.5	44.5	45.5	transparent
#323232	51	45	51	50.5	51.5	44.5	45.5	transparent
#383838	52	45	57	51.5	52.5	44.5	45.5	transparent
#353535	53	45	54	52.5	53.5	44.5	45.5	transparent
#393939	54	45	58	53.5	54.5	44.5	45.5	transparent
#3B3B3B	55	45	60	54.5	55.5	44.5	45.5	transparent
#363636	56	45	55	55.5	56.5	44.5	45.5	transparent
#363636	57	45	55	56.5	57.5	44.5	45.5	transparent
#3C3C3C	58	45	61	57.5	58.5	44.5	45.5	transparent
#464646	59	45	71	58.5	59.5	44.5	45.5	transparent
#626262	60	45	99	59.5	60.5	44.5	45.5	transparent
#7A7A7A	61	45	123	60.5	61.5	44.5	45.5	transparent
#8A8A8A	62	45	139	61.5	62.5	44.5	45.5	transparent
#9B9B9B	63	45	156	62.5	63.5	44.5	45.5	transparent
#AEAEAE	64	45	175	63.5	64.5	44.5	45.5	transparent
#BEBEBE	65	45	191	64.5	65.5	44.5	45.5	transparent
#BEBEBE	66	45	191	65.5	66.5	44.5	45.5	transparent
#BCBCBC	67	45	189	66.5	67.5	44.5	45.5	transparent
#BBBBBB	68	45	188	67.5	68.5	44.5	45.5	transparent
#B9B9B9	69	45	186	68.5	69.5	44.5	45.5	transparent
#B8B8B8	70	45	185	69.5	70.5	44.5	45.5	transparent
#BBBBBB	71	45	188	70.5	71.5	44.5	45.5	transparent
#BEBEBE	72	45	191	71.5	72.5	44.5	45.5	transparent
#C7C7C7	73	45	200	72.5	73.5	44.5	45.5	transparent
#D0D0D0	74	45	209	73.5	74.5	44.5	45.5	transparent
#D1D1D1	75	45	210	74.5	75.5	44.5	45.5	transparent
#CFCFCF	76	45	208	75.5	76.5	44.5	45.5	transparent
#C9C9C9	77	45	202	76.5	77.5	44.5	45.5	transparent
#B6B6B6	78	45	183	77.5	78.5	44.5	45.5	transparent
#A5A5A5	79	45	166	78.5	79.5	44.5	45.5	transparent
#A1A1A1	80	45	162	79.5	80.5	44.5	45.5	transparent
#9E9E9E	81	45	159	80.5	81.5	44.5	45.5	transparent
#9C9C9C	82	45	157	81.5	82.5	44.5	45.5	transparent
#999999	83	45	154	82.5	83.5	44.5	45.5	transparent
#979797	84	45	152	83.5	84.5	44.5	45.5	transparent
#959595	85	45	150	84.5	85.5	44.5	45.5	transparent
#939393	86	45	148	85.5	86.5	44.5	45.5	transparent
#8E8E8E	87	45	143	86.5	87.5	44.5	45.5	transparent
#8C8C8C	88	45	141	87.5	88.5	44.5	45.5	transparent
#898989	89	45	138	88.5	89.5	44.5	45.5	transparent
#838383	90	45	132	89.5	90.5	44.5	45.5	transparent
#838383	91	45	132	90.5	91.5	44.5	45.5	transparent
#818181	92	45	130	91.5	92.5	44.5	45.5	transparent
#7A7A7A	93	45	123	92.5	93.5	44.5	45.5	transparent
#727272	94	45	115	93.5	94.5	44.5	45.5	transparent
#6F6F6F	95	45	112	94.5	95.5	44.5	45.5	transparent
#6A6A6A	96	45	107	95.5	96.5	44.5	45.5	transparent
#5A5A5A	97	45	91	96.5	97.5	44.5	45.5	transparent
#484848	98	45	73	97.5	98.5	44.5	45.5	transparent
#3F3F3F	99	45	64	98.5	99.5	44.5	45.5	transparent
#353535	100	45	54	99.5	100.5	44.5	45.5	transparent
#2E2E2E	101	45	47	100.5	101.5	44.5	45.5	transparent
#2C2C2C	102	45	45	101.5	102.5	44.5	45.5	transparent
#2F2F2F	103	45	48	102.5	103.5	44.5	45.5	transparent
#303030	104	45	49	103.5	104.5	44.5	45.5	transparent
#373737	105	45	56	104.5	105.5	44.5	45.5	transparent
#3C3C3C	106	45	61	105.5	106.5	44.5	45.5	transparent
#393939	107	45	58	106.5	107.5	44.5	45.5	transparent
#313131	108	45	50	107.5	108.5	44.5	45.5	transparent
#353535	109	45	54	108.5	109.5	44.5	45.5	transparent
#353535	110	45	54	109.5	110.5	44.5	45.5	transparent
#323232	111	45	51	110.5	111.5	44.5	45.5	transparent
#2E2E2E	112	45	47	111.5	112.5	44.5	45.5	transparent
#282828	113	45	41	112.5	113.5	44.5	45.5	transparent
#292929	114	45	42	113.5	114.5	44.5	45.5	transparent
#2B2B2B	115	45	44	114.5	115.5	44.5	45.5	transparent
#2F2F2F	116	45	48	115.5	116.5	44.5	45.5	transparent
#363636	117	45	55	116.5	117.5	44.5	45.5	transparent
#434343	118	45	68	117.5	118.5	44.5	45.5	transparent
#4C4C4C	119	45	77	118.5	119.5	44.5	45.5	transparent
#787878	120	45	121	119.5	120.5	44.5	45.5	transparent
#A4A4A4	121	45	165	120.5	121.5	44.5	45.5	transparent
#9C9C9C	122	45	157	121.5	122.5	44.5	45.5	transparent
#808080	123	45	129	122.5	123.5	44.5	45.5	transparent
#707070	124	45	113	123.5	124.5	44.5	45.5	transparent
#646464	125	45	101	124.5	125.5	44.5	45.5	transparent
#585858	126	45	89	125.5	126.5	44.5	45.5	transparent
#4B4B4B	127	45	76	126.5	127.5	44.5	45.5	transparent
#3E3E3E	128	45	63	127.5	128.5	44.5	45.5	transparent
#2C2C2C	129	45	45	128.5	129.5	44.5	45.5	transparent
#222222	130	45	35	129.5	130.5	44.5	45.5	transparent
#161616	131	45	23	130.5	131.5	44.5	45.5	transparent
#0B0B0B	132	45	12	131.5	132.5	44.5	45.5	transparent
#0C0C0C	133	45	13	132.5	133.5	44.5	45.5	transparent
#0C0C0C	134	45	13	133.5	134.5	44.5	45.5	transparent
#0C0C0C	135	45	13	134.5	135.5	44.5	45.5	transparent
#0D0D0D	136	45	14	135.5	136.5	44.5	45.5	transparent
#0D0D0D	137	45	14	136.5	137.5	44.5	45.5	transparent
#1F1F1F	138	45	32	137.5	138.5	44.5	45.5	transparent
#545454	139	45	85	138.5	139.5	44.5	45.5	transparent
#131313	0	44	20	-0.5	0.5	43.5	44.5	transparent
#131313	1	44	20	0.5	1.5	43.5	44.5	transparent
#131313	2	44	20	1.5	2.5	43.5	44.5	transparent
#131313	3	44	20	2.5	3.5	43.5	44.5	transparent
#131313	4	44	20	3.5	4.5	43.5	44.5	transparent
#131313	5	44	20	4.5	5.5	43.5	44.5	transparent
#131313	6	44	20	5.5	6.5	43.5	44.5	transparent
#131313	7	44	20	6.5	7.5	43.5	44.5	transparent
#121212	8	44	19	7.5	8.5	43.5	44.5	transparent
#111111	9	44	18	8.5	9.5	43.5	44.5	transparent
#0F0F0F	10	44	16	9.5	10.5	43.5	44.5	transparent
#0E0E0E	11	44	15	10.5	11.5	43.5	44.5	transparent
#0F0F0F	12	44	16	11.5	12.5	43.5	44.5	transparent
#161616	13	44	23	12.5	13.5	43.5	44.5	transparent
#212121	14	44	34	13.5	14.5	43.5	44.5	transparent
#2E2E2E	15	44	47	14.5	15.5	43.5	44.5	transparent
#3E3E3E	16	44	63	15.5	16.5	43.5	44.5	transparent
#4D4D4D	17	44	78	16.5	17.5	43.5	44.5	transparent
#636363	18	44	100	17.5	18.5	43.5	44.5	transparent
#787878	19	44	121	18.5	19.5	43.5	44.5	transparent
#7C7C7C	20	44	125	19.5	20.5	43.5	44.5	transparent
#5B5B5B	21	44	92	20.5	21.5	43.5	44.5	transparent
#3F3F3F	22	44	64	21.5	22.5	43.5	44.5	transparent
#313131	23	44	50	22.5	23.5	43.5	44.5	transparent
#2D2D2D	24	44	46	23.5	24.5	43.5	44.5	transparent
#242424	25	44	37	24.5	25.5	43.5	44.5	transparent
#212121	26	44	34	25.5	26.5	43.5	44.5	transparent
#222222	27	44	35	26.5	27.5	43.5	44.5	transparent
#292929	28	44	42	27.5	28.5	43.5	44.5	transparent
#2A2A2A	29	44	43	28.5	29.5	43.5	44.5	transparent
#2A2A2A	30	44	43	29.5	30.5	43.5	44.5	transparent
#2B2B2B	31	44	44	30.5	31.5	43.5	44.5	transparent
#292929	32	44	42	31.5	32.5	43.5	44.5	transparent
#292929	33	44	42	32.5	33.5	43.5	44.5	transparent
#262626	34	44	39	33.5	34.5	43.5	44.5	transparent
#2E2E2E	35	44	47	34.5	35.5	43.5	44.5	transparent
#2D2D2D	36	44	46	35.5	36.5	43.5	44.5	transparent
#212121	37	44	34	36.5	37.5	43.5	44.5	transparent
#212121	38	44	34	37.5	38.5	43.5	44.5	transparent
#222222	39	44	35	38.5	39.5	43.5	44.5	transparent
#1D1D1D	40	44	30	39.5	40.5	43.5	44.5	transparent
#1B1B1B	41	44	28	40.5	41.5	43.5	44.5	transparent
#1E1E1E	42	44	31	41.5	42.5	43.5	44.5	transparent
#1F1F1F	43	44	32	42.5	43.5	43.5	44.5	transparent
#202020	44	44	33	43.5	44.5	43.5	44.5	transparent
#202020	45	44	33	44.5	45.5	43.5	44.5	transparent
#202020	46	44	33	45.5	46.5	43.5	44.5	transparent
#282828	47	44	41	46.5	47.5	43.5	44.5	transparent
#3B3B3B	48	44	60	47.5	48.5	43.5	44.5	transparent
#2F2F2F	49	44	48	48.5	49.5	43.5	44.5	transparent
#282828	50	44	41	49.5	50.5	43.5	44.5	transparent
#2E2E2E	51	44	47	50.5	51.5	43.5	44.5	transparent
#373737	52	44	56	51.5	52.5	43.5	44.5	transparent
#333333	53	44	52	52.5	53.5	43.5	44.5	transparent
#323232	54	44	51	53.5	54.5	43.5	44.5	transparent
#373737	55	44	56	54.5	55.5	43.5	44.5	transparent
#393939	56	44	58	55.5	56.5	43.5	44.5	transparent
#3C3C3C	57	44	61	56.5	57.5	43.5	44.5	transparent
#434343	58	44	68	57.5	58.5	43.5	44.5	transparent
#535353	59	44	84	58.5	59.5	43.5	44.5	transparent
#696969	60	44	106	59.5	60.5	43.5	44.5	transparent
#7D7D7D	61	44	126	60.5	61.5	43.5	44.5	transparent
#8E8E8E	62	44	143	61.5	62.5	43.5	44.5	transparent
#9C9C9C	63	44	157	62.5	63.5	43.5	44.5	transparent
#AFAFAF	64	44	176	63.5	64.5	43.5	44.5	transparent
#C1C1C1	65	44	194	64.5	65.5	43.5	44.5	transparent
#C3C3C3	66	44	196	65.5	66.5	43.5	44.5	transparent
#C1C1C1	67	44	194	66.5	67.5	43.5	44.5	transparent
#BFBFBF	68	44	192	67.5	68.5	43.5	44.5	transparent
#BCBCBC	69	44	189	68.5	69.5	43.5	44.5	transparent
#BDBDBD	70	44	190	69.5	70.5	43.5	44.5	transparent
#C0C0C0	71	44	193	70.5	71.5	43.5	44.5	transparent
#C2C2C2	72	44	195	71.5	72.5	43.5	44.5	transparent
#C8C8C8	73	44	201	72.5	73.5	43.5	44.5	transparent
#D2D2D2	74	44	211	73.5	74.5	43.5	44.5	transparent
#D4D4D4	75	44	213	74.5	75.5	43.5	44.5	transparent
#D2D2D2	76	44	211	75.5	76.5	43.5	44.5	transparent
#C8C8C8	77	44	201	76.5	77.5	43.5	44.5	transparent
#B8B8B8	78	44	185	77.5	78.5	43.5	44.5	transparent
#A6A6A6	79	44	167	78.5	79.5	43.5	44.5	transparent
#9E9E9E	80	44	159	79.5	80.5	43.5	44.5	transparent
#9D9D9D	81	44	158	80.5	81.5	43.5	44.5	transparent
#9B9B9B	82	44	156	81.5	82.5	43.5	44.5	transparent
#9A9A9A	83	44	155	82.5	83.5	43.5	44.5	transparent
#999999	84	44	154	83.5	84.5	43.5	44.5	transparent
#999999	85	44	154	84.5	85.5	43.5	44.5	transparent
#979797	86	44	152	85.5	86.5	43.5	44.5	transparent
#909090	87	44	145	86.5	87.5	43.5	44.5	transparent
#8B8B8B	88	44	140	87.5	88.5	43.5	44.5	transparent
#8A8A8A	89	44	139	88.5	89.5	43.5	44.5	transparent
#8A8A8A	90	44	139	89.5	90.5	43.5	44.5	transparent
#848484	91	44	133	90.5	91.5	43.5	44.5	transparent
#7F7F7F	92	44	128	91.5	92.5	43.5	44.5	transparent
#767676	93	44	119	92.5	93.5	43.5	44.5	transparent
#6F6F6F	94	44	112	93.5	94.5	43.5	44.5	transparent
#707070	95	44	113	94.5	95.5	43.5	44.5	transparent
#6D6D6D	96	44	110	95.5	96.5	43.5	44.5	transparent
#5F5F5F	97	44	96	96.5	97.5	43.5	44.5	transparent
#4C4C4C	98	44	77	97.5	98.5	43.5	44.5	transparent
#3C3C3C	99	44	61	98.5	99.5	43.5	44.5	transparent
#333333	100	44	52	99.5	100.5	43.5	44.5	transparent
#292929	101	44	42	100.5	101.5	43.5	44.5	transparent
#262626	102	44	39	101.5	102.5	43.5	44.5	transparent
#282828	103	44	41	102.5	103.5	43.5	44.5	transparent
#292929	104	44	42	103.5	104.5	43.5	44.5	transparent
#323232	105	44	51	104.5	105.5	43.5	44.5	transparent
#3A3A3A	106	44	59	105.5	106.5	43.5	44.5	transparent
#3C3C3C	107	44	61	106.5	107.5	43.5	44.5	transparent
#3B3B3B	108	44	60	107.5	108.5	43.5	44.5	transparent
#353535	109	44	54	108.5	109.5	43.5	44.5	transparent
#333333	110	44	52	109.5	110.5	43.5	44.5	transparent
#313131	111	44	50	110.5	111.5	43.5	44.5	transparent
#303030	112	44	49	111.5	112.5	43.5	44.5	transparent
#2F2F2F	113	44	48	112.5	113.5	43.5	44.5	transparent
#2B2B2B	114	44	44	113.5	114.5	43.5	44.5	transparent
#2C2C2C	115	44	45	114.5	115.5	43.5	44.5	transparent
#2F2F2F	116	44	48	115.5	116.5	43.5	44.5	transparent
#363636	117	44	55	116.5	117.5	43.5	44.5	transparent
#404040	118	44	65	117.5	118.5	43.5	44.5	transparent
#494949	119	44	74	118.5	119.5	43.5	44.5	transparent
#686868	120	44	105	119.5	120.5	43.5	44.5	transparent
#9F9F9F	121	44	160	120.5	121.5	43.5	44.5	transparent
#9E9E9E	122	44	159	121.5	122.5	43.5	44.5	transparent
#838383	123	44	132	122.5	123.5	43.5	44.5	transparent
#717171	124	44	114	123.5	124.5	43.5	44.5	transparent
#656565	125	44	102	124.5	125.5	43.5	44.5	transparent
#585858	126	44	89	125.5	126.5	43.5	44.5	transparent
#4A4A4A	127	44	75	126.5	127.5	43.5	44.5	transparent
#3B3B3B	128	44	60	127.5	128.5	43.5	44.5	transparent
#2A2A2A	129	44	43	128.5	129.5	43.5	44.5	transparent
#202020	130	44	33	129.5	130.5	43.5	44.5	transparent
#141414	131	44	21	130.5	131.5	43.5	44.5	transparent
#0B0B0B	132	44	12	131.5	132.5	43.5	44.5	transparent
#0C0C0C	133	44	13	132.5	133.5	43.5	44.5	transparent
#0C0C0C	134	44	13	133.5	134.5	43.5	44.5	transparent
#0C0C0C	135	44	13	134.5	135.5	43.5	44.5	transparent
#0D0D0D	136	44	14	135.5	136.5	43.5	44.5	transparent
#0D0D0D	137	44	14	136.5	137.5	43.5	44.5	transparent
#1F1F1F	138	44	32	137.5	138.5	43.5	44.5	transparent
#565656	139	44	87	138.5	139.5	43.5	44.5	transparent
#131313	0	43	20	-0.5	0.5	42.5	43.5	transparent
#131313	1	43	20	0.5	1.5	42.5	43.5	transparent
#131313	2	43	20	1.5	2.5	42.5	43.5	transparent
#131313	3	43	20	2.5	3.5	42.5	43.5	transparent
#131313	4	43	20	3.5	4.5	42.5	43.5	transparent
#131313	5	43	20	4.5	5.5	42.5	43.5	transparent
#131313	6	43	20	5.5	6.5	42.5	43.5	transparent
#131313	7	43	20	6.5	7.5	42.5	43.5	transparent
#121212	8	43	19	7.5	8.5	42.5	43.5	transparent
#111111	9	43	18	8.5	9.5	42.5	43.5	transparent
#0F0F0F	10	43	16	9.5	10.5	42.5	43.5	transparent
#0F0F0F	11	43	16	10.5	11.5	42.5	43.5	transparent
#0F0F0F	12	43	16	11.5	12.5	42.5	43.5	transparent
#151515	13	43	22	12.5	13.5	42.5	43.5	transparent
#202020	14	43	33	13.5	14.5	42.5	43.5	transparent
#2D2D2D	15	43	46	14.5	15.5	42.5	43.5	transparent
#3C3C3C	16	43	61	15.5	16.5	42.5	43.5	transparent
#4C4C4C	17	43	77	16.5	17.5	42.5	43.5	transparent
#666666	18	43	103	17.5	18.5	42.5	43.5	transparent
#777777	19	43	120	18.5	19.5	42.5	43.5	transparent
#737373	20	43	116	19.5	20.5	42.5	43.5	transparent
#505050	21	43	81	20.5	21.5	42.5	43.5	transparent
#3B3B3B	22	43	60	21.5	22.5	42.5	43.5	transparent
#2C2C2C	23	43	45	22.5	23.5	42.5	43.5	transparent
#2A2A2A	24	43	43	23.5	24.5	42.5	43.5	transparent
#242424	25	43	37	24.5	25.5	42.5	43.5	transparent
#292929	26	43	42	25.5	26.5	42.5	43.5	transparent
#2B2B2B	27	43	44	26.5	27.5	42.5	43.5	transparent
#272727	28	43	40	27.5	28.5	42.5	43.5	transparent
#2A2A2A	29	43	43	28.5	29.5	42.5	43.5	transparent
#2A2A2A	30	43	43	29.5	30.5	42.5	43.5	transparent
#292929	31	43	42	30.5	31.5	42.5	43.5	transparent
#272727	32	43	40	31.5	32.5	42.5	43.5	transparent
#282828	33	43	41	32.5	33.5	42.5	43.5	transparent
#2A2A2A	34	43	43	33.5	34.5	42.5	43.5	transparent
#2B2B2B	35	43	44	34.5	35.5	42.5	43.5	transparent
#232323	36	43	36	35.5	36.5	42.5	43.5	transparent
#1F1F1F	37	43	32	36.5	37.5	42.5	43.5	transparent
#232323	38	43	36	37.5	38.5	42.5	43.5	transparent
#1D1D1D	39	43	30	38.5	39.5	42.5	43.5	transparent
#1C1C1C	40	43	29	39.5	40.5	42.5	43.5	transparent
#1D1D1D	41	43	30	40.5	41.5	42.5	43.5	transparent
#1F1F1F	42	43	32	41.5	42.5	42.5	43.5	transparent
#202020	43	43	33	42.5	43.5	42.5	43.5	transparent
#212121	44	43	34	43.5	44.5	42.5	43.5	transparent
#1E1E1E	45	43	31	44.5	45.5	42.5	43.5	transparent
#202020	46	43	33	45.5	46.5	42.5	43.5	transparent
#252525	47	43	38	46.5	47.5	42.5	43.5	transparent
#272727	48	43	40	47.5	48.5	42.5	43.5	transparent
#232323	49	43	36	48.5	49.5	42.5	43.5	transparent
#272727	50	43	40	49.5	50.5	42.5	43.5	transparent
#2B2B2B	51	43	44	50.5	51.5	42.5	43.5	transparent
#353535	52	43	54	51.5	52.5	42.5	43.5	transparent
#383838	53	43	57	52.5	53.5	42.5	43.5	transparent
#353535	54	43	54	53.5	54.5	42.5	43.5	transparent
#3C3C3C	55	43	61	54.5	55.5	42.5	43.5	transparent
#3F3F3F	56	43	64	55.5	56.5	42.5	43.5	transparent
#424242	57	43	67	56.5	57.5	42.5	43.5	transparent
#4C4C4C	58	43	77	57.5	58.5	42.5	43.5	transparent
#5F5F5F	59	43	96	58.5	59.5	42.5	43.5	transparent
#6F6F6F	60	43	112	59.5	60.5	42.5	43.5	transparent
#7F7F7F	61	43	128	60.5	61.5	42.5	43.5	transparent
#929292	62	43	147	61.5	62.5	42.5	43.5	transparent
#9E9E9E	63	43	159	62.5	63.5	42.5	43.5	transparent
#B1B1B1	64	43	178	63.5	64.5	42.5	43.5	transparent
#C0C0C0	65	43	193	64.5	65.5	42.5	43.5	transparent
#C2C2C2	66	43	195	65.5	66.5	42.5	43.5	transparent
#C2C2C2	67	43	195	66.5	67.5	42.5	43.5	transparent
#BFBFBF	68	43	192	67.5	68.5	42.5	43.5	transparent
#BCBCBC	69	43	189	68.5	69.5	42.5	43.5	transparent
#C0C0C0	70	43	193	69.5	70.5	42.5	43.5	transparent
#C3C3C3	71	43	196	70.5	71.5	42.5	43.5	transparent
#C2C2C2	72	43	195	71.5	72.5	42.5	43.5	transparent
#C7C7C7	73	43	200	72.5	73.5	42.5	43.5	transparent
#D0D0D0	74	43	209	73.5	74.5	42.5	43.5	transparent
#D4D4D4	75	43	213	74.5	75.5	42.5	43.5	transparent
#D2D2D2	76	43	211	75.5	76.5	42.5	43.5	transparent
#C8C8C8	77	43	201	76.5	77.5	42.5	43.5	transparent
#BBBBBB	78	43	188	77.5	78.5	42.5	43.5	transparent
#A7A7A7	79	43	168	78.5	79.5	42.5	43.5	transparent
#9E9E9E	80	43	159	79.5	80.5	42.5	43.5	transparent
#9C9C9C	81	43	157	80.5	81.5	42.5	43.5	transparent
#999999	82	43	154	81.5	82.5	42.5	43.5	transparent
#999999	83	43	154	82.5	83.5	42.5	43.5	transparent
#999999	84	43	154	83.5	84.5	42.5	43.5	transparent
#9A9A9A	85	43	155	84.5	85.5	42.5	43.5	transparent
#9A9A9A	86	43	155	85.5	86.5	42.5	43.5	transparent
#959595	87	43	150	86.5	87.5	42.5	43.5	transparent
#8F8F8F	88	43	144	87.5	88.5	42.5	43.5	transparent
#909090	89	43	145	88.5	89.5	42.5	43.5	transparent
#8C8C8C	90	43	141	89.5	90.5	42.5	43.5	transparent
#818181	91	43	130	90.5	91.5	42.5	43.5	transparent
#7C7C7C	92	43	125	91.5	92.5	42.5	43.5	transparent
#767676	93	43	119	92.5	93.5	42.5	43.5	transparent
#6D6D6D	94	43	110	93.5	94.5	42.5	43.5	transparent
#6D6D6D	95	43	110	94.5	95.5	42.5	43.5	transparent
#6C6C6C	96	43	109	95.5	96.5	42.5	43.5	transparent
#606060	97	43	97	96.5	97.5	42.5	43.5	transparent
#505050	98	43	81	97.5	98.5	42.5	43.5	transparent
#404040	99	43	65	98.5	99.5	42.5	43.5	transparent
#303030	100	43	49	99.5	100.5	42.5	43.5	transparent
#292929	101	43	42	100.5	101.5	42.5	43.5	transparent
#252525	102	43	38	101.5	102.5	42.5	43.5	transparent
#252525	103	43	38	102.5	103.5	42.5	43.5	transparent
#262626	104	43	39	103.5	104.5	42.5	43.5	transparent
#2B2B2B	105	43	44	104.5	105.5	42.5	43.5	transparent
#313131	106	43	50	105.5	106.5	42.5	43.5	transparent
#393939	107	43	58	106.5	107.5	42.5	43.5	transparent
#3C3C3C	108	43	61	107.5	108.5	42.5	43.5	transparent
#383838	109	43	57	108.5	109.5	42.5	43.5	transparent
#313131	110	43	50	109.5	110.5	42.5	43.5	transparent
#323232	111	43	51	110.5	111.5	42.5	43.5	transparent
#343434	112	43	53	111.5	112.5	42.5	43.5	transparent
#353535	113	43	54	112.5	113.5	42.5	43.5	transparent
#2E2E2E	114	43	47	113.5	114.5	42.5	43.5	transparent
#2B2B2B	115	43	44	114.5	115.5	42.5	43.5	transparent
#303030	116	43	49	115.5	116.5	42.5	43.5	transparent
#383838	117	43	57	116.5	117.5	42.5	43.5	transparent
#3E3E3E	118	43	63	117.5	118.5	42.5	43.5	transparent
#4A4A4A	119	43	75	118.5	119.5	42.5	43.5	transparent
#5E5E5E	120	43	95	119.5	120.5	42.5	43.5	transparent
#929292	121	43	147	120.5	121.5	42.5	43.5	transparent
#9E9E9E	122	43	159	121.5	122.5	42.5	43.5	transparent
#878787	123	43	136	122.5	123.5	42.5	43.5	transparent
#717171	124	43	114	123.5	124.5	42.5	43.5	transparent
#646464	125	43	101	124.5	125.5	42.5	43.5	transparent
#565656	126	43	87	125.5	126.5	42.5	43.5	transparent
#484848	127	43	73	126.5	127.5	42.5	43.5	transparent
#383838	128	43	57	127.5	128.5	42.5	43.5	transparent
#282828	129	43	41	128.5	129.5	42.5	43.5	transparent
#1E1E1E	130	43	31	129.5	130.5	42.5	43.5	transparent
#111111	131	43	18	130.5	131.5	42.5	43.5	transparent
#0B0B0B	132	43	12	131.5	132.5	42.5	43.5	transparent
#0D0D0D	133	43	14	132.5	133.5	42.5	43.5	transparent
#0C0C0C	134	43	13	133.5	134.5	42.5	43.5	transparent
#0C0C0C	135	43	13	134.5	135.5	42.5	43.5	transparent
#0D0D0D	136	43	14	135.5	136.5	42.5	43.5	transparent
#0D0D0D	137	43	14	136.5	137.5	42.5	43.5	transparent
#202020	138	43	33	137.5	138.5	42.5	43.5	transparent
#575757	139	43	88	138.5	139.5	42.5	43.5	transparent
#131313	0	42	20	-0.5	0.5	41.5	42.5	transparent
#131313	1	42	20	0.5	1.5	41.5	42.5	transparent
#131313	2	42	20	1.5	2.5	41.5	42.5	transparent
#131313	3	42	20	2.5	3.5	41.5	42.5	transparent
#131313	4	42	20	3.5	4.5	41.5	42.5	transparent
#131313	5	42	20	4.5	5.5	41.5	42.5	transparent
#131313	6	42	20	5.5	6.5	41.5	42.5	transparent
#131313	7	42	20	6.5	7.5	41.5	42.5	transparent
#121212	8	42	19	7.5	8.5	41.5	42.5	transparent
#111111	9	42	18	8.5	9.5	41.5	42.5	transparent
#101010	10	42	17	9.5	10.5	41.5	42.5	transparent
#0F0F0F	11	42	16	10.5	11.5	41.5	42.5	transparent
#0E0E0E	12	42	15	11.5	12.5	41.5	42.5	transparent
#151515	13	42	22	12.5	13.5	41.5	42.5	transparent
#1F1F1F	14	42	32	13.5	14.5	41.5	42.5	transparent
#2D2D2D	15	42	46	14.5	15.5	41.5	42.5	transparent
#3C3C3C	16	42	61	15.5	16.5	41.5	42.5	transparent
#4E4E4E	17	42	79	16.5	17.5	41.5	42.5	transparent
#676767	18	42	104	17.5	18.5	41.5	42.5	transparent
#767676	19	42	119	18.5	19.5	41.5	42.5	transparent
#676767	20	42	104	19.5	20.5	41.5	42.5	transparent
#464646	21	42	71	20.5	21.5	41.5	42.5	transparent
#373737	22	42	56	21.5	22.5	41.5	42.5	transparent
#2A2A2A	23	42	43	22.5	23.5	41.5	42.5	transparent
#272727	24	42	40	23.5	24.5	41.5	42.5	transparent
#282828	25	42	41	24.5	25.5	41.5	42.5	transparent
#2A2A2A	26	42	43	25.5	26.5	41.5	42.5	transparent
#2D2D2D	27	42	46	26.5	27.5	41.5	42.5	transparent
#272727	28	42	40	27.5	28.5	41.5	42.5	transparent
#262626	29	42	39	28.5	29.5	41.5	42.5	transparent
#2A2A2A	30	42	43	29.5	30.5	41.5	42.5	transparent
#272727	31	42	40	30.5	31.5	41.5	42.5	transparent
#252525	32	42	38	31.5	32.5	41.5	42.5	transparent
#262626	33	42	39	32.5	33.5	41.5	42.5	transparent
#272727	34	42	40	33.5	34.5	41.5	42.5	transparent
#252525	35	42	38	34.5	35.5	41.5	42.5	transparent
#1F1F1F	36	42	32	35.5	36.5	41.5	42.5	transparent
#202020	37	42	33	36.5	37.5	41.5	42.5	transparent
#1E1E1E	38	42	31	37.5	38.5	41.5	42.5	transparent
#181818	39	42	25	38.5	39.5	41.5	42.5	transparent
#191919	40	42	26	39.5	40.5	41.5	42.5	transparent
#1B1B1B	41	42	28	40.5	41.5	41.5	42.5	transparent
#1C1C1C	42	42	29	41.5	42.5	41.5	42.5	transparent
#202020	43	42	33	42.5	43.5	41.5	42.5	transparent
#1E1E1E	44	42	31	43.5	44.5	41.5	42.5	transparent
#1B1B1B	45	42	28	44.5	45.5	41.5	42.5	transparent
#1C1C1C	46	42	29	45.5	46.5	41.5	42.5	transparent
#1E1E1E	47	42	31	46.5	47.5	41.5	42.5	transparent
#1D1D1D	48	42	30	47.5	48.5	41.5	42.5	transparent
#202020	49	42	33	48.5	49.5	41.5	42.5	transparent
#272727	50	42	40	49.5	50.5	41.5	42.5	transparent
#2E2E2E	51	42	47	50.5	51.5	41.5	42.5	transparent
#3B3B3B	52	42	60	51.5	52.5	41.5	42.5	transparent
#404040	53	42	65	52.5	53.5	41.5	42.5	transparent
#3A3A3A	54	42	59	53.5	54.5	41.5	42.5	transparent
#3C3C3C	55	42	61	54.5	55.5	41.5	42.5	transparent
#434343	56	42	68	55.5	56.5	41.5	42.5	transparent
#4C4C4C	57	42	77	56.5	57.5	41.5	42.5	transparent
#595959	58	42	90	57.5	58.5	41.5	42.5	transparent
#686868	59	42	105	58.5	59.5	41.5	42.5	transparent
#767676	60	42	119	59.5	60.5	41.5	42.5	transparent
#888888	61	42	137	60.5	61.5	41.5	42.5	transparent
#9A9A9A	62	42	155	61.5	62.5	41.5	42.5	transparent
#A8A8A8	63	42	169	62.5	63.5	41.5	42.5	transparent
#B7B7B7	64	42	184	63.5	64.5	41.5	42.5	transparent
#BDBDBD	65	42	190	64.5	65.5	41.5	42.5	transparent
#BDBDBD	66	42	190	65.5	66.5	41.5	42.5	transparent
#BDBDBD	67	42	190	66.5	67.5	41.5	42.5	transparent
#BCBCBC	68	42	189	67.5	68.5	41.5	42.5	transparent
#B9B9B9	69	42	186	68.5	69.5	41.5	42.5	transparent
#BCBCBC	70	42	189	69.5	70.5	41.5	42.5	transparent
#C0C0C0	71	42	193	70.5	71.5	41.5	42.5	transparent
#BDBDBD	72	42	190	71.5	72.5	41.5	42.5	transparent
#C5C5C5	73	42	198	72.5	73.5	41.5	42.5	transparent
#CECECE	74	42	207	73.5	74.5	41.5	42.5	transparent
#D1D1D1	75	42	210	74.5	75.5	41.5	42.5	transparent
#D0D0D0	76	42	209	75.5	76.5	41.5	42.5	transparent
#CBCBCB	77	42	204	76.5	77.5	41.5	42.5	transparent
#C1C1C1	78	42	194	77.5	78.5	41.5	42.5	transparent
#ACACAC	79	42	173	78.5	79.5	41.5	42.5	transparent
#A2A2A2	80	42	163	79.5	80.5	41.5	42.5	transparent
#9D9D9D	81	42	158	80.5	81.5	41.5	42.5	transparent
#9A9A9A	82	42	155	81.5	82.5	41.5	42.5	transparent
#9A9A9A	83	42	155	82.5	83.5	41.5	42.5	transparent
#9B9B9B	84	42	156	83.5	84.5	41.5	42.5	transparent
#9A9A9A	85	42	155	84.5	85.5	41.5	42.5	transparent
#999999	86	42	154	85.5	86.5	41.5	42.5	transparent
#959595	87	42	150	86.5	87.5	41.5	42.5	transparent
#929292	88	42	147	87.5	88.5	41.5	42.5	transparent
#939393	89	42	148	88.5	89.5	41.5	42.5	transparent
#8C8C8C	90	42	141	89.5	90.5	41.5	42.5	transparent
#828282	91	42	131	90.5	91.5	41.5	42.5	transparent
#7C7C7C	92	42	125	91.5	92.5	41.5	42.5	transparent
#777777	93	42	120	92.5	93.5	41.5	42.5	transparent
#6D6D6D	94	42	110	93.5	94.5	41.5	42.5	transparent
#6B6B6B	95	42	108	94.5	95.5	41.5	42.5	transparent
#666666	96	42	103	95.5	96.5	41.5	42.5	transparent
#5B5B5B	97	42	92	96.5	97.5	41.5	42.5	transparent
#515151	98	42	82	97.5	98.5	41.5	42.5	transparent
#464646	99	42	71	98.5	99.5	41.5	42.5	transparent
#303030	100	42	49	99.5	100.5	41.5	42.5	transparent
#282828	101	42	41	100.5	101.5	41.5	42.5	transparent
#242424	102	42	37	101.5	102.5	41.5	42.5	transparent
#242424	103	42	37	102.5	103.5	41.5	42.5	transparent
#232323	104	42	36	103.5	104.5	41.5	42.5	transparent
#262626	105	42	39	104.5	105.5	41.5	42.5	transparent
#272727	106	42	40	105.5	106.5	41.5	42.5	transparent
#343434	107	42	53	106.5	107.5	41.5	42.5	transparent
#343434	108	42	53	107.5	108.5	41.5	42.5	transparent
#343434	109	42	53	108.5	109.5	41.5	42.5	transparent
#363636	110	42	55	109.5	110.5	41.5	42.5	transparent
#313131	111	42	50	110.5	111.5	41.5	42.5	transparent
#353535	112	42	54	111.5	112.5	41.5	42.5	transparent
#343434	113	42	53	112.5	113.5	41.5	42.5	transparent
#333333	114	42	52	113.5	114.5	41.5	42.5	transparent
#323232	115	42	51	114.5	115.5	41.5	42.5	transparent
#323232	116	42	51	115.5	116.5	41.5	42.5	transparent
#353535	117	42	54	116.5	117.5	41.5	42.5	transparent
#3C3C3C	118	42	61	117.5	118.5	41.5	42.5	transparent
#4A4A4A	119	42	75	118.5	119.5	41.5	42.5	transparent
#575757	120	42	88	119.5	120.5	41.5	42.5	transparent
#858585	121	42	134	120.5	121.5	41.5	42.5	transparent
#9D9D9D	122	42	158	121.5	122.5	41.5	42.5	transparent
#8B8B8B	123	42	140	122.5	123.5	41.5	42.5	transparent
#727272	124	42	115	123.5	124.5	41.5	42.5	transparent
#636363	125	42	100	124.5	125.5	41.5	42.5	transparent
#555555	126	42	86	125.5	126.5	41.5	42.5	transparent
#464646	127	42	71	126.5	127.5	41.5	42.5	transparent
#353535	128	42	54	127.5	128.5	41.5	42.5	transparent
#252525	129	42	38	128.5	129.5	41.5	42.5	transparent
#1A1A1A	130	42	27	129.5	130.5	41.5	42.5	transparent
#0F0F0F	131	42	16	130.5	131.5	41.5	42.5	transparent
#0B0B0B	132	42	12	131.5	132.5	41.5	42.5	transparent
#0E0E0E	133	42	15	132.5	133.5	41.5	42.5	transparent
#0C0C0C	134	42	13	133.5	134.5	41.5	42.5	transparent
#0C0C0C	135	42	13	134.5	135.5	41.5	42.5	transparent
#0D0D0D	136	42	14	135.5	136.5	41.5	42.5	transparent
#0D0D0D	137	42	14	136.5	137.5	41.5	42.5	transparent
#212121	138	42	34	137.5	138.5	41.5	42.5	transparent
#595959	139	42	90	138.5	139.5	41.5	42.5	transparent
#131313	0	41	20	-0.5	0.5	40.5	41.5	transparent
#131313	1	41	20	0.5	1.5	40.5	41.5	transparent
#131313	2	41	20	1.5	2.5	40.5	41.5	transparent
#131313	3	41	20	2.5	3.5	40.5	41.5	transparent
#131313	4	41	20	3.5	4.5	40.5	41.5	transparent
#131313	5	41	20	4.5	5.5	40.5	41.5	transparent
#131313	6	41	20	5.5	6.5	40.5	41.5	transparent
#131313	7	41	20	6.5	7.5	40.5	41.5	transparent
#121212	8	41	19	7.5	8.5	40.5	41.5	transparent
#121212	9	41	19	8.5	9.5	40.5	41.5	transparent
#101010	10	41	17	9.5	10.5	40.5	41.5	transparent
#0E0E0E	11	41	15	10.5	11.5	40.5	41.5	transparent
#0E0E0E	12	41	15	11.5	12.5	40.5	41.5	transparent
#131313	13	41	20	12.5	13.5	40.5	41.5	transparent
#1D1D1D	14	41	30	13.5	14.5	40.5	41.5	transparent
#2B2B2B	15	41	44	14.5	15.5	40.5	41.5	transparent
#3A3A3A	16	41	59	15.5	16.5	40.5	41.5	transparent
#4E4E4E	17	41	79	16.5	17.5	40.5	41.5	transparent
#666666	18	41	103	17.5	18.5	40.5	41.5	transparent
#737373	19	41	116	18.5	19.5	40.5	41.5	transparent
#5D5D5D	20	41	94	19.5	20.5	40.5	41.5	transparent
#404040	21	41	65	20.5	21.5	40.5	41.5	transparent
#353535	22	41	54	21.5	22.5	40.5	41.5	transparent
#282828	23	41	41	22.5	23.5	40.5	41.5	transparent
#2A2A2A	24	41	43	23.5	24.5	40.5	41.5	transparent
#2C2C2C	25	41	45	24.5	25.5	40.5	41.5	transparent
#2A2A2A	26	41	43	25.5	26.5	40.5	41.5	transparent
#2B2B2B	27	41	44	26.5	27.5	40.5	41.5	transparent
#292929	28	41	42	27.5	28.5	40.5	41.5	transparent
#262626	29	41	39	28.5	29.5	40.5	41.5	transparent
#252525	30	41	38	29.5	30.5	40.5	41.5	transparent
#252525	31	41	38	30.5	31.5	40.5	41.5	transparent
#242424	32	41	37	31.5	32.5	40.5	41.5	transparent
#232323	33	41	36	32.5	33.5	40.5	41.5	transparent
#202020	34	41	33	33.5	34.5	40.5	41.5	transparent
#242424	35	41	37	34.5	35.5	40.5	41.5	transparent
#222222	36	41	35	35.5	36.5	40.5	41.5	transparent
#1E1E1E	37	41	31	36.5	37.5	40.5	41.5	transparent
#1B1B1B	38	41	28	37.5	38.5	40.5	41.5	transparent
#181818	39	41	25	38.5	39.5	40.5	41.5	transparent
#191919	40	41	26	39.5	40.5	40.5	41.5	transparent
#1A1A1A	41	41	27	40.5	41.5	40.5	41.5	transparent
#1C1C1C	42	41	29	41.5	42.5	40.5	41.5	transparent
#1B1B1B	43	41	28	42.5	43.5	40.5	41.5	transparent
#171717	44	41	24	43.5	44.5	40.5	41.5	transparent
#171717	45	41	24	44.5	45.5	40.5	41.5	transparent
#171717	46	41	24	45.5	46.5	40.5	41.5	transparent
#1A1A1A	47	41	27	46.5	47.5	40.5	41.5	transparent
#1C1C1C	48	41	29	47.5	48.5	40.5	41.5	transparent
#232323	49	41	36	48.5	49.5	40.5	41.5	transparent
#2C2C2C	50	41	45	49.5	50.5	40.5	41.5	transparent
#303030	51	41	49	50.5	51.5	40.5	41.5	transparent
#3B3B3B	52	41	60	51.5	52.5	40.5	41.5	transparent
#383838	53	41	57	52.5	53.5	40.5	41.5	transparent
#3B3B3B	54	41	60	53.5	54.5	40.5	41.5	transparent
#474747	55	41	72	54.5	55.5	40.5	41.5	transparent
#575757	56	41	88	55.5	56.5	40.5	41.5	transparent
#626262	57	41	99	56.5	57.5	40.5	41.5	transparent
#6A6A6A	58	41	107	57.5	58.5	40.5	41.5	transparent
#777777	59	41	120	58.5	59.5	40.5	41.5	transparent
#838383	60	41	132	59.5	60.5	40.5	41.5	transparent
#969696	61	41	151	60.5	61.5	40.5	41.5	transparent
#A5A5A5	62	41	166	61.5	62.5	40.5	41.5	transparent
#B0B0B0	63	41	177	62.5	63.5	40.5	41.5	transparent
#B9B9B9	64	41	186	63.5	64.5	40.5	41.5	transparent
#BCBCBC	65	41	189	64.5	65.5	40.5	41.5	transparent
#BDBDBD	66	41	190	65.5	66.5	40.5	41.5	transparent
#BEBEBE	67	41	191	66.5	67.5	40.5	41.5	transparent
#BDBDBD	68	41	190	67.5	68.5	40.5	41.5	transparent
#BBBBBB	69	41	188	68.5	69.5	40.5	41.5	transparent
#BBBBBB	70	41	188	69.5	70.5	40.5	41.5	transparent
#BCBCBC	71	41	189	70.5	71.5	40.5	41.5	transparent
#BEBEBE	72	41	191	71.5	72.5	40.5	41.5	transparent
#C5C5C5	73	41	198	72.5	73.5	40.5	41.5	transparent
#CDCDCD	74	41	206	73.5	74.5	40.5	41.5	transparent
#D0D0D0	75	41	209	74.5	75.5	40.5	41.5	transparent
#CECECE	76	41	207	75.5	76.5	40.5	41.5	transparent
#C9C9C9	77	41	202	76.5	77.5	40.5	41.5	transparent
#C1C1C1	78	41	194	77.5	78.5	40.5	41.5	transparent
#AFAFAF	79	41	176	78.5	79.5	40.5	41.5	transparent
#A6A6A6	80	41	167	79.5	80.5	40.5	41.5	transparent
#9E9E9E	81	41	159	80.5	81.5	40.5	41.5	transparent
#979797	82	41	152	81.5	82.5	40.5	41.5	transparent
#969696	83	41	151	82.5	83.5	40.5	41.5	transparent
#979797	84	41	152	83.5	84.5	40.5	41.5	transparent
#969696	85	41	151	84.5	85.5	40.5	41.5	transparent
#949494	86	41	149	85.5	86.5	40.5	41.5	transparent
#929292	87	41	147	86.5	87.5	40.5	41.5	transparent
#8F8F8F	88	41	144	87.5	88.5	40.5	41.5	transparent
#919191	89	41	146	88.5	89.5	40.5	41.5	transparent
#8E8E8E	90	41	143	89.5	90.5	40.5	41.5	transparent
#8A8A8A	91	41	139	90.5	91.5	40.5	41.5	transparent
#828282	92	41	131	91.5	92.5	40.5	41.5	transparent
#797979	93	41	122	92.5	93.5	40.5	41.5	transparent
#6E6E6E	94	41	111	93.5	94.5	40.5	41.5	transparent
#696969	95	41	106	94.5	95.5	40.5	41.5	transparent
#636363	96	41	100	95.5	96.5	40.5	41.5	transparent
#575757	97	41	88	96.5	97.5	40.5	41.5	transparent
#4D4D4D	98	41	78	97.5	98.5	40.5	41.5	transparent
#484848	99	41	73	98.5	99.5	40.5	41.5	transparent
#363636	100	41	55	99.5	100.5	40.5	41.5	transparent
#292929	101	41	42	100.5	101.5	40.5	41.5	transparent
#272727	102	41	40	101.5	102.5	40.5	41.5	transparent
#232323	103	41	36	102.5	103.5	40.5	41.5	transparent
#252525	104	41	38	103.5	104.5	40.5	41.5	transparent
#292929	105	41	42	104.5	105.5	40.5	41.5	transparent
#282828	106	41	41	105.5	106.5	40.5	41.5	transparent
#2B2B2B	107	41	44	106.5	107.5	40.5	41.5	transparent
#2F2F2F	108	41	48	107.5	108.5	40.5	41.5	transparent
#2D2D2D	109	41	46	108.5	109.5	40.5	41.5	transparent
#343434	110	41	53	109.5	110.5	40.5	41.5	transparent
#363636	111	41	55	110.5	111.5	40.5	41.5	transparent
#363636	112	41	55	111.5	112.5	40.5	41.5	transparent
#333333	113	41	52	112.5	113.5	40.5	41.5	transparent
#343434	114	41	53	113.5	114.5	40.5	41.5	transparent
#383838	115	41	57	114.5	115.5	40.5	41.5	transparent
#383838	116	41	57	115.5	116.5	40.5	41.5	transparent
#323232	117	41	51	116.5	117.5	40.5	41.5	transparent
#3A3A3A	118	41	59	117.5	118.5	40.5	41.5	transparent
#494949	119	41	74	118.5	119.5	40.5	41.5	transparent
#555555	120	41	86	119.5	120.5	40.5	41.5	transparent
#7A7A7A	121	41	123	120.5	121.5	40.5	41.5	transparent
#9A9A9A	122	41	155	121.5	122.5	40.5	41.5	transparent
#8C8C8C	123	41	141	122.5	123.5	40.5	41.5	transparent
#747474	124	41	117	123.5	124.5	40.5	41.5	transparent
#626262	125	41	99	124.5	125.5	40.5	41.5	transparent
#545454	126	41	85	125.5	126.5	40.5	41.5	transparent
#444444	127	41	69	126.5	127.5	40.5	41.5	transparent
#323232	128	41	51	127.5	128.5	40.5	41.5	transparent
#212121	129	41	34	128.5	129.5	40.5	41.5	transparent
#181818	130	41	25	129.5	130.5	40.5	41.5	transparent
#0E0E0E	131	41	15	130.5	131.5	40.5	41.5	transparent
#0C0C0C	132	41	13	131.5	132.5	40.5	41.5	transparent
#0E0E0E	133	41	15	132.5	133.5	40.5	41.5	transparent
#0C0C0C	134	41	13	133.5	134.5	40.5	41.5	transparent
#0C0C0C	135	41	13	134.5	135.5	40.5	41.5	transparent
#0D0D0D	136	41	14	135.5	136.5	40.5	41.5	transparent
#0D0D0D	137	41	14	136.5	137.5	40.5	41.5	transparent
#212121	138	41	34	137.5	138.5	40.5	41.5	transparent
#5A5A5A	139	41	91	138.5	139.5	40.5	41.5	transparent
#131313	0	40	20	-0.5	0.5	39.5	40.5	transparent
#131313	1	40	20	0.5	1.5	39.5	40.5	transparent
#131313	2	40	20	1.5	2.5	39.5	40.5	transparent
#131313	3	40	20	2.5	3.5	39.5	40.5	transparent
#131313	4	40	20	3.5	4.5	39.5	40.5	transparent
#131313	5	40	20	4.5	5.5	39.5	40.5	transparent
#131313	6	40	20	5.5	6.5	39.5	40.5	transparent
#131313	7	40	20	6.5	7.5	39.5	40.5	transparent
#121212	8	40	19	7.5	8.5	39.5	40.5	transparent
#121212	9	40	19	8.5	9.5	39.5	40.5	transparent
#101010	10	40	17	9.5	10.5	39.5	40.5	transparent
#0E0E0E	11	40	15	10.5	11.5	39.5	40.5	transparent
#0E0E0E	12	40	15	11.5	12.5	39.5	40.5	transparent
#121212	13	40	19	12.5	13.5	39.5	40.5	transparent
#1C1C1C	14	40	29	13.5	14.5	39.5	40.5	transparent
#2A2A2A	15	40	43	14.5	15.5	39.5	40.5	transparent
#383838	16	40	57	15.5	16.5	39.5	40.5	transparent
#4E4E4E	17	40	79	16.5	17.5	39.5	40.5	transparent
#656565	18	40	102	17.5	18.5	39.5	40.5	transparent
#6F6F6F	19	40	112	18.5	19.5	39.5	40.5	transparent
#545454	20	40	85	19.5	20.5	39.5	40.5	transparent
#3B3B3B	21	40	60	20.5	21.5	39.5	40.5	transparent
#313131	22	40	50	21.5	22.5	39.5	40.5	transparent
#2D2D2D	23	40	46	22.5	23.5	39.5	40.5	transparent
#2D2D2D	24	40	46	23.5	24.5	39.5	40.5	transparent
#2E2E2E	25	40	47	24.5	25.5	39.5	40.5	transparent
#282828	26	40	41	25.5	26.5	39.5	40.5	transparent
#262626	27	40	39	26.5	27.5	39.5	40.5	transparent
#272727	28	40	40	27.5	28.5	39.5	40.5	transparent
#242424	29	40	37	28.5	29.5	39.5	40.5	transparent
#222222	30	40	35	29.5	30.5	39.5	40.5	transparent
#1F1F1F	31	40	32	30.5	31.5	39.5	40.5	transparent
#1D1D1D	32	40	30	31.5	32.5	39.5	40.5	transparent
#1C1C1C	33	40	29	32.5	33.5	39.5	40.5	transparent
#202020	34	40	33	33.5	34.5	39.5	40.5	transparent
#242424	35	40	37	34.5	35.5	39.5	40.5	transparent
#202020	36	40	33	35.5	36.5	39.5	40.5	transparent
#1E1E1E	37	40	31	36.5	37.5	39.5	40.5	transparent
#181818	38	40	25	37.5	38.5	39.5	40.5	transparent
#171717	39	40	24	38.5	39.5	39.5	40.5	transparent
#171717	40	40	24	39.5	40.5	39.5	40.5	transparent
#171717	41	40	24	40.5	41.5	39.5	40.5	transparent
#181818	42	40	25	41.5	42.5	39.5	40.5	transparent
#121212	43	40	19	42.5	43.5	39.5	40.5	transparent
#111111	44	40	18	43.5	44.5	39.5	40.5	transparent
#111111	45	40	18	44.5	45.5	39.5	40.5	transparent
#131313	46	40	20	45.5	46.5	39.5	40.5	transparent
#1F1F1F	47	40	32	46.5	47.5	39.5	40.5	transparent
#272727	48	40	40	47.5	48.5	39.5	40.5	transparent
#303030	49	40	49	48.5	49.5	39.5	40.5	transparent
#3A3A3A	50	40	59	49.5	50.5	39.5	40.5	transparent
#414141	51	40	66	50.5	51.5	39.5	40.5	transparent
#505050	52	40	81	51.5	52.5	39.5	40.5	transparent
#535353	53	40	84	52.5	53.5	39.5	40.5	transparent
#5F5F5F	54	40	96	53.5	54.5	39.5	40.5	transparent
#6E6E6E	55	40	111	54.5	55.5	39.5	40.5	transparent
#737373	56	40	116	55.5	56.5	39.5	40.5	transparent
#777777	57	40	120	56.5	57.5	39.5	40.5	transparent
#7D7D7D	58	40	126	57.5	58.5	39.5	40.5	transparent
#898989	59	40	138	58.5	59.5	39.5	40.5	transparent
#999999	60	40	154	59.5	60.5	39.5	40.5	transparent
#ABABAB	61	40	172	60.5	61.5	39.5	40.5	transparent
#B2B2B2	62	40	179	61.5	62.5	39.5	40.5	transparent
#B4B4B4	63	40	181	62.5	63.5	39.5	40.5	transparent
#B9B9B9	64	40	186	63.5	64.5	39.5	40.5	transparent
#BDBDBD	65	40	190	64.5	65.5	39.5	40.5	transparent
#BDBDBD	66	40	190	65.5	66.5	39.5	40.5	transparent
#BDBDBD	67	40	190	66.5	67.5	39.5	40.5	transparent
#BCBCBC	68	40	189	67.5	68.5	39.5	40.5	transparent
#BEBEBE	69	40	191	68.5	69.5	39.5	40.5	transparent
#BEBEBE	70	40	191	69.5	70.5	39.5	40.5	transparent
#BDBDBD	71	40	190	70.5	71.5	39.5	40.5	transparent
#C0C0C0	72	40	193	71.5	72.5	39.5	40.5	transparent
#C5C5C5	73	40	198	72.5	73.5	39.5	40.5	transparent
#CCCCCC	74	40	205	73.5	74.5	39.5	40.5	transparent
#D1D1D1	75	40	210	74.5	75.5	39.5	40.5	transparent
#D0D0D0	76	40	209	75.5	76.5	39.5	40.5	transparent
#C9C9C9	77	40	202	76.5	77.5	39.5	40.5	transparent
#BEBEBE	78	40	191	77.5	78.5	39.5	40.5	transparent
#ADADAD	79	40	174	78.5	79.5	39.5	40.5	transparent
#9E9E9E	80	40	159	79.5	80.5	39.5	40.5	transparent
#929292	81	40	147	80.5	81.5	39.5	40.5	transparent
#8D8D8D	82	40	142	81.5	82.5	39.5	40.5	transparent
#8D8D8D	83	40	142	82.5	83.5	39.5	40.5	transparent
#8E8E8E	84	40	143	83.5	84.5	39.5	40.5	transparent
#8D8D8D	85	40	142	84.5	85.5	39.5	40.5	transparent
#8E8E8E	86	40	143	85.5	86.5	39.5	40.5	transparent
#8E8E8E	87	40	143	86.5	87.5	39.5	40.5	transparent
#8B8B8B	88	40	140	87.5	88.5	39.5	40.5	transparent
#8C8C8C	89	40	141	88.5	89.5	39.5	40.5	transparent
#898989	90	40	138	89.5	90.5	39.5	40.5	transparent
#868686	91	40	135	90.5	91.5	39.5	40.5	transparent
#868686	92	40	135	91.5	92.5	39.5	40.5	transparent
#808080	93	40	129	92.5	93.5	39.5	40.5	transparent
#737373	94	40	116	93.5	94.5	39.5	40.5	transparent
#6B6B6B	95	40	108	94.5	95.5	39.5	40.5	transparent
#646464	96	40	101	95.5	96.5	39.5	40.5	transparent
#555555	97	40	86	96.5	97.5	39.5	40.5	transparent
#4B4B4B	98	40	76	97.5	98.5	39.5	40.5	transparent
#434343	99	40	68	98.5	99.5	39.5	40.5	transparent
#373737	100	40	56	99.5	100.5	39.5	40.5	transparent
#2C2C2C	101	40	45	100.5	101.5	39.5	40.5	transparent
#272727	102	40	40	101.5	102.5	39.5	40.5	transparent
#262626	103	40	39	102.5	103.5	39.5	40.5	transparent
#2C2C2C	104	40	45	103.5	104.5	39.5	40.5	transparent
#2B2B2B	105	40	44	104.5	105.5	39.5	40.5	transparent
#282828	106	40	41	105.5	106.5	39.5	40.5	transparent
#252525	107	40	38	106.5	107.5	39.5	40.5	transparent
#2A2A2A	108	40	43	107.5	108.5	39.5	40.5	transparent
#272727	109	40	40	108.5	109.5	39.5	40.5	transparent
#2D2D2D	110	40	46	109.5	110.5	39.5	40.5	transparent
#373737	111	40	56	110.5	111.5	39.5	40.5	transparent
#373737	112	40	56	111.5	112.5	39.5	40.5	transparent
#333333	113	40	52	112.5	113.5	39.5	40.5	transparent
#343434	114	40	53	113.5	114.5	39.5	40.5	transparent
#363636	115	40	55	114.5	115.5	39.5	40.5	transparent
#3A3A3A	116	40	59	115.5	116.5	39.5	40.5	transparent
#383838	117	40	57	116.5	117.5	39.5	40.5	transparent
#393939	118	40	58	117.5	118.5	39.5	40.5	transparent
#474747	119	40	72	118.5	119.5	39.5	40.5	transparent
#535353	120	40	84	119.5	120.5	39.5	40.5	transparent
#727272	121	40	115	120.5	121.5	39.5	40.5	transparent
#949494	122	40	149	121.5	122.5	39.5	40.5	transparent
#8B8B8B	123	40	140	122.5	123.5	39.5	40.5	transparent
#757575	124	40	118	123.5	124.5	39.5	40.5	transparent
#616161	125	40	98	124.5	125.5	39.5	40.5	transparent
#545454	126	40	85	125.5	126.5	39.5	40.5	transparent
#424242	127	40	67	126.5	127.5	39.5	40.5	transparent
#2F2F2F	128	40	48	127.5	128.5	39.5	40.5	transparent
#1F1F1F	129	40	32	128.5	129.5	39.5	40.5	transparent
#161616	130	40	23	129.5	130.5	39.5	40.5	transparent
#0C0C0C	131	40	13	130.5	131.5	39.5	40.5	transparent
#0D0D0D	132	40	14	131.5	132.5	39.5	40.5	transparent
#0E0E0E	133	40	15	132.5	133.5	39.5	40.5	transparent
#0C0C0C	134	40	13	133.5	134.5	39.5	40.5	transparent
#0C0C0C	135	40	13	134.5	135.5	39.5	40.5	transparent
#0D0D0D	136	40	14	135.5	136.5	39.5	40.5	transparent
#0D0D0D	137	40	14	136.5	137.5	39.5	40.5	transparent
#212121	138	40	34	137.5	138.5	39.5	40.5	transparent
#5B5B5B	139	40	92	138.5	139.5	39.5	40.5	transparent
#131313	0	39	20	-0.5	0.5	38.5	39.5	transparent
#131313	1	39	20	0.5	1.5	38.5	39.5	transparent
#131313	2	39	20	1.5	2.5	38.5	39.5	transparent
#131313	3	39	20	2.5	3.5	38.5	39.5	transparent
#131313	4	39	20	3.5	4.5	38.5	39.5	transparent
#131313	5	39	20	4.5	5.5	38.5	39.5	transparent
#131313	6	39	20	5.5	6.5	38.5	39.5	transparent
#131313	7	39	20	6.5	7.5	38.5	39.5	transparent
#131313	8	39	20	7.5	8.5	38.5	39.5	transparent
#121212	9	39	19	8.5	9.5	38.5	39.5	transparent
#101010	10	39	17	9.5	10.5	38.5	39.5	transparent
#0E0E0E	11	39	15	10.5	11.5	38.5	39.5	transparent
#0E0E0E	12	39	15	11.5	12.5	38.5	39.5	transparent
#111111	13	39	18	12.5	13.5	38.5	39.5	transparent
#1B1B1B	14	39	28	13.5	14.5	38.5	39.5	transparent
#292929	15	39	42	14.5	15.5	38.5	39.5	transparent
#393939	16	39	58	15.5	16.5	38.5	39.5	transparent
#505050	17	39	81	16.5	17.5	38.5	39.5	transparent
#656565	18	39	102	17.5	18.5	38.5	39.5	transparent
#6C6C6C	19	39	109	18.5	19.5	38.5	39.5	transparent
#505050	20	39	81	19.5	20.5	38.5	39.5	transparent
#373737	21	39	56	20.5	21.5	38.5	39.5	transparent
#313131	22	39	50	21.5	22.5	38.5	39.5	transparent
#323232	23	39	51	22.5	23.5	38.5	39.5	transparent
#2E2E2E	24	39	47	23.5	24.5	38.5	39.5	transparent
#2C2C2C	25	39	45	24.5	25.5	38.5	39.5	transparent
#262626	26	39	39	25.5	26.5	38.5	39.5	transparent
#232323	27	39	36	26.5	27.5	38.5	39.5	transparent
#212121	28	39	34	27.5	28.5	38.5	39.5	transparent
#222222	29	39	35	28.5	29.5	38.5	39.5	transparent
#1F1F1F	30	39	32	29.5	30.5	38.5	39.5	transparent
#1B1B1B	31	39	28	30.5	31.5	38.5	39.5	transparent
#1B1B1B	32	39	28	31.5	32.5	38.5	39.5	transparent
#1E1E1E	33	39	31	32.5	33.5	38.5	39.5	transparent
#212121	34	39	34	33.5	34.5	38.5	39.5	transparent
#202020	35	39	33	34.5	35.5	38.5	39.5	transparent
#222222	36	39	35	35.5	36.5	38.5	39.5	transparent
#202020	37	39	33	36.5	37.5	38.5	39.5	transparent
#161616	38	39	23	37.5	38.5	38.5	39.5	transparent
#121212	39	39	19	38.5	39.5	38.5	39.5	transparent
#121212	40	39	19	39.5	40.5	38.5	39.5	transparent
#131313	41	39	20	40.5	41.5	38.5	39.5	transparent
#131313	42	39	20	41.5	42.5	38.5	39.5	transparent
#121212	43	39	19	42.5	43.5	38.5	39.5	transparent
#1A1A1A	44	39	27	43.5	44.5	38.5	39.5	transparent
#272727	45	39	40	44.5	45.5	38.5	39.5	transparent
#363636	46	39	55	45.5	46.5	38.5	39.5	transparent
#494949	47	39	74	46.5	47.5	38.5	39.5	transparent
#525252	48	39	83	47.5	48.5	38.5	39.5	transparent
#5E5E5E	49	39	95	48.5	49.5	38.5	39.5	transparent
#696969	50	39	106	49.5	50.5	38.5	39.5	transparent
#737373	51	39	116	50.5	51.5	38.5	39.5	transparent
#7F7F7F	52	39	128	51.5	52.5	38.5	39.5	transparent
#7E7E7E	53	39	127	52.5	53.5	38.5	39.5	transparent
#818181	54	39	130	53.5	54.5	38.5	39.5	transparent
#858585	55	39	134	54.5	55.5	38.5	39.5	transparent
#868686	56	39	135	55.5	56.5	38.5	39.5	transparent
#888888	57	39	137	56.5	57.5	38.5	39.5	transparent
#8D8D8D	58	39	142	57.5	58.5	38.5	39.5	transparent
#959595	59	39	150	58.5	59.5	38.5	39.5	transparent
#9D9D9D	60	39	158	59.5	60.5	38.5	39.5	transparent
#ABABAB	61	39	172	60.5	61.5	38.5	39.5	transparent
#B2B2B2	62	39	179	61.5	62.5	38.5	39.5	transparent
#B5B5B5	63	39	182	62.5	63.5	38.5	39.5	transparent
#BABABA	64	39	187	63.5	64.5	38.5	39.5	transparent
#C1C1C1	65	39	194	64.5	65.5	38.5	39.5	transparent
#C1C1C1	66	39	194	65.5	66.5	38.5	39.5	transparent
#C1C1C1	67	39	194	66.5	67.5	38.5	39.5	transparent
#BDBDBD	68	39	190	67.5	68.5	38.5	39.5	transparent
#BCBCBC	69	39	189	68.5	69.5	38.5	39.5	transparent
#BDBDBD	70	39	190	69.5	70.5	38.5	39.5	transparent
#BFBFBF	71	39	192	70.5	71.5	38.5	39.5	transparent
#C0C0C0	72	39	193	71.5	72.5	38.5	39.5	transparent
#C4C4C4	73	39	197	72.5	73.5	38.5	39.5	transparent
#CBCBCB	74	39	204	73.5	74.5	38.5	39.5	transparent
#D3D3D3	75	39	212	74.5	75.5	38.5	39.5	transparent
#D3D3D3	76	39	212	75.5	76.5	38.5	39.5	transparent
#CDCDCD	77	39	206	76.5	77.5	38.5	39.5	transparent
#BFBFBF	78	39	192	77.5	78.5	38.5	39.5	transparent
#ABABAB	79	39	172	78.5	79.5	38.5	39.5	transparent
#989898	80	39	153	79.5	80.5	38.5	39.5	transparent
#8E8E8E	81	39	143	80.5	81.5	38.5	39.5	transparent
#8B8B8B	82	39	140	81.5	82.5	38.5	39.5	transparent
#8B8B8B	83	39	140	82.5	83.5	38.5	39.5	transparent
#8A8A8A	84	39	139	83.5	84.5	38.5	39.5	transparent
#878787	85	39	136	84.5	85.5	38.5	39.5	transparent
#858585	86	39	134	85.5	86.5	38.5	39.5	transparent
#848484	87	39	133	86.5	87.5	38.5	39.5	transparent
#838383	88	39	132	87.5	88.5	38.5	39.5	transparent
#878787	89	39	136	88.5	89.5	38.5	39.5	transparent
#868686	90	39	135	89.5	90.5	38.5	39.5	transparent
#818181	91	39	130	90.5	91.5	38.5	39.5	transparent
#818181	92	39	130	91.5	92.5	38.5	39.5	transparent
#808080	93	39	129	92.5	93.5	38.5	39.5	transparent
#767676	94	39	119	93.5	94.5	38.5	39.5	transparent
#6F6F6F	95	39	112	94.5	95.5	38.5	39.5	transparent
#636363	96	39	100	95.5	96.5	38.5	39.5	transparent
#535353	97	39	84	96.5	97.5	38.5	39.5	transparent
#464646	98	39	71	97.5	98.5	38.5	39.5	transparent
#3E3E3E	99	39	63	98.5	99.5	38.5	39.5	transparent
#373737	100	39	56	99.5	100.5	38.5	39.5	transparent
#303030	101	39	49	100.5	101.5	38.5	39.5	transparent
#282828	102	39	41	101.5	102.5	38.5	39.5	transparent
#2A2A2A	103	39	43	102.5	103.5	38.5	39.5	transparent
#2B2B2B	104	39	44	103.5	104.5	38.5	39.5	transparent
#282828	105	39	41	104.5	105.5	38.5	39.5	transparent
#242424	106	39	37	105.5	106.5	38.5	39.5	transparent
#222222	107	39	35	106.5	107.5	38.5	39.5	transparent
#242424	108	39	37	107.5	108.5	38.5	39.5	transparent
#242424	109	39	37	108.5	109.5	38.5	39.5	transparent
#282828	110	39	41	109.5	110.5	38.5	39.5	transparent
#2F2F2F	111	39	48	110.5	111.5	38.5	39.5	transparent
#313131	112	39	50	111.5	112.5	38.5	39.5	transparent
#343434	113	39	53	112.5	113.5	38.5	39.5	transparent
#333333	114	39	52	113.5	114.5	38.5	39.5	transparent
#353535	115	39	54	114.5	115.5	38.5	39.5	transparent
#383838	116	39	57	115.5	116.5	38.5	39.5	transparent
#3D3D3D	117	39	62	116.5	117.5	38.5	39.5	transparent
#3E3E3E	118	39	63	117.5	118.5	38.5	39.5	transparent
#444444	119	39	69	118.5	119.5	38.5	39.5	transparent
#505050	120	39	81	119.5	120.5	38.5	39.5	transparent
#6E6E6E	121	39	111	120.5	121.5	38.5	39.5	transparent
#909090	122	39	145	121.5	122.5	38.5	39.5	transparent
#8B8B8B	123	39	140	122.5	123.5	38.5	39.5	transparent
#777777	124	39	120	123.5	124.5	38.5	39.5	transparent
#616161	125	39	98	124.5	125.5	38.5	39.5	transparent
#525252	126	39	83	125.5	126.5	38.5	39.5	transparent
#404040	127	39	65	126.5	127.5	38.5	39.5	transparent
#2B2B2B	128	39	44	127.5	128.5	38.5	39.5	transparent
#1D1D1D	129	39	30	128.5	129.5	38.5	39.5	transparent
#141414	130	39	21	129.5	130.5	38.5	39.5	transparent
#0C0C0C	131	39	13	130.5	131.5	38.5	39.5	transparent
#0C0C0C	132	39	13	131.5	132.5	38.5	39.5	transparent
#0E0E0E	133	39	15	132.5	133.5	38.5	39.5	transparent
#0C0C0C	134	39	13	133.5	134.5	38.5	39.5	transparent
#0C0C0C	135	39	13	134.5	135.5	38.5	39.5	transparent
#0D0D0D	136	39	14	135.5	136.5	38.5	39.5	transparent
#0D0D0D	137	39	14	136.5	137.5	38.5	39.5	transparent
#212121	138	39	34	137.5	138.5	38.5	39.5	transparent
#5B5B5B	139	39	92	138.5	139.5	38.5	39.5	transparent
#131313	0	38	20	-0.5	0.5	37.5	38.5	transparent
#131313	1	38	20	0.5	1.5	37.5	38.5	transparent
#131313	2	38	20	1.5	2.5	37.5	38.5	transparent
#131313	3	38	20	2.5	3.5	37.5	38.5	transparent
#131313	4	38	20	3.5	4.5	37.5	38.5	transparent
#131313	5	38	20	4.5	5.5	37.5	38.5	transparent
#131313	6	38	20	5.5	6.5	37.5	38.5	transparent
#131313	7	38	20	6.5	7.5	37.5	38.5	transparent
#131313	8	38	20	7.5	8.5	37.5	38.5	transparent
#121212	9	38	19	8.5	9.5	37.5	38.5	transparent
#101010	10	38	17	9.5	10.5	37.5	38.5	transparent
#0E0E0E	11	38	15	10.5	11.5	37.5	38.5	transparent
#0E0E0E	12	38	15	11.5	12.5	37.5	38.5	transparent
#101010	13	38	17	12.5	13.5	37.5	38.5	transparent
#1A1A1A	14	38	27	13.5	14.5	37.5	38.5	transparent
#292929	15	38	42	14.5	15.5	37.5	38.5	transparent
#373737	16	38	56	15.5	16.5	37.5	38.5	transparent
#515151	17	38	82	16.5	17.5	37.5	38.5	transparent
#636363	18	38	100	17.5	18.5	37.5	38.5	transparent
#696969	19	38	106	18.5	19.5	37.5	38.5	transparent
#4E4E4E	20	38	79	19.5	20.5	37.5	38.5	transparent
#363636	21	38	55	20.5	21.5	37.5	38.5	transparent
#333333	22	38	52	21.5	22.5	37.5	38.5	transparent
#343434	23	38	53	22.5	23.5	37.5	38.5	transparent
#2E2E2E	24	38	47	23.5	24.5	37.5	38.5	transparent
#2A2A2A	25	38	43	24.5	25.5	37.5	38.5	transparent
#282828	26	38	41	25.5	26.5	37.5	38.5	transparent
#202020	27	38	33	26.5	27.5	37.5	38.5	transparent
#1F1F1F	28	38	32	27.5	28.5	37.5	38.5	transparent
#1C1C1C	29	38	29	28.5	29.5	37.5	38.5	transparent
#1A1A1A	30	38	27	29.5	30.5	37.5	38.5	transparent
#1C1C1C	31	38	29	30.5	31.5	37.5	38.5	transparent
#1E1E1E	32	38	31	31.5	32.5	37.5	38.5	transparent
#1E1E1E	33	38	31	32.5	33.5	37.5	38.5	transparent
#1D1D1D	34	38	30	33.5	34.5	37.5	38.5	transparent
#1E1E1E	35	38	31	34.5	35.5	37.5	38.5	transparent
#1E1E1E	36	38	31	35.5	36.5	37.5	38.5	transparent
#191919	37	38	26	36.5	37.5	37.5	38.5	transparent
#121212	38	38	19	37.5	38.5	37.5	38.5	transparent
#131313	39	38	20	38.5	39.5	37.5	38.5	transparent
#1A1A1A	40	38	27	39.5	40.5	37.5	38.5	transparent
#212121	41	38	34	40.5	41.5	37.5	38.5	transparent
#2B2B2B	42	38	44	41.5	42.5	37.5	38.5	transparent
#383838	43	38	57	42.5	43.5	37.5	38.5	transparent
#474747	44	38	72	43.5	44.5	37.5	38.5	transparent
#545454	45	38	85	44.5	45.5	37.5	38.5	transparent
#616161	46	38	98	45.5	46.5	37.5	38.5	transparent
#6C6C6C	47	38	109	46.5	47.5	37.5	38.5	transparent
#717171	48	38	114	47.5	48.5	37.5	38.5	transparent
#7B7B7B	49	38	124	48.5	49.5	37.5	38.5	transparent
#828282	50	38	131	49.5	50.5	37.5	38.5	transparent
#8A8A8A	51	38	139	50.5	51.5	37.5	38.5	transparent
#8C8C8C	52	38	141	51.5	52.5	37.5	38.5	transparent
#8A8A8A	53	38	139	52.5	53.5	37.5	38.5	transparent
#8B8B8B	54	38	140	53.5	54.5	37.5	38.5	transparent
#8D8D8D	55	38	142	54.5	55.5	37.5	38.5	transparent
#909090	56	38	145	55.5	56.5	37.5	38.5	transparent
#939393	57	38	148	56.5	57.5	37.5	38.5	transparent
#999999	58	38	154	57.5	58.5	37.5	38.5	transparent
#9D9D9D	59	38	158	58.5	59.5	37.5	38.5	transparent
#A2A2A2	60	38	163	59.5	60.5	37.5	38.5	transparent
#A8A8A8	61	38	169	60.5	61.5	37.5	38.5	transparent
#ADADAD	62	38	174	61.5	62.5	37.5	38.5	transparent
#B5B5B5	63	38	182	62.5	63.5	37.5	38.5	transparent
#BFBFBF	64	38	192	63.5	64.5	37.5	38.5	transparent
#C8C8C8	65	38	201	64.5	65.5	37.5	38.5	transparent
#C7C7C7	66	38	200	65.5	66.5	37.5	38.5	transparent
#C4C4C4	67	38	197	66.5	67.5	37.5	38.5	transparent
#C2C2C2	68	38	195	67.5	68.5	37.5	38.5	transparent
#BFBFBF	69	38	192	68.5	69.5	37.5	38.5	transparent
#C0C0C0	70	38	193	69.5	70.5	37.5	38.5	transparent
#C1C1C1	71	38	194	70.5	71.5	37.5	38.5	transparent
#C1C1C1	72	38	194	71.5	72.5	37.5	38.5	transparent
#C5C5C5	73	38	198	72.5	73.5	37.5	38.5	transparent
#CCCCCC	74	38	205	73.5	74.5	37.5	38.5	transparent
#D3D3D3	75	38	212	74.5	75.5	37.5	38.5	transparent
#D4D4D4	76	38	213	75.5	76.5	37.5	38.5	transparent
#D1D1D1	77	38	210	76.5	77.5	37.5	38.5	transparent
#C3C3C3	78	38	196	77.5	78.5	37.5	38.5	transparent
#A9A9A9	79	38	170	78.5	79.5	37.5	38.5	transparent
#959595	80	38	150	79.5	80.5	37.5	38.5	transparent
#8E8E8E	81	38	143	80.5	81.5	37.5	38.5	transparent
#8A8A8A	82	38	139	81.5	82.5	37.5	38.5	transparent
#898989	83	38	138	82.5	83.5	37.5	38.5	transparent
#868686	84	38	135	83.5	84.5	37.5	38.5	transparent
#848484	85	38	133	84.5	85.5	37.5	38.5	transparent
#818181	86	38	130	85.5	86.5	37.5	38.5	transparent
#7F7F7F	87	38	128	86.5	87.5	37.5	38.5	transparent
#7C7C7C	88	38	125	87.5	88.5	37.5	38.5	transparent
#7F7F7F	89	38	128	88.5	89.5	37.5	38.5	transparent
#7E7E7E	90	38	127	89.5	90.5	37.5	38.5	transparent
#7A7A7A	91	38	123	90.5	91.5	37.5	38.5	transparent
#7A7A7A	92	38	123	91.5	92.5	37.5	38.5	transparent
#787878	93	38	121	92.5	93.5	37.5	38.5	transparent
#747474	94	38	117	93.5	94.5	37.5	38.5	transparent
#707070	95	38	113	94.5	95.5	37.5	38.5	transparent
#676767	96	38	104	95.5	96.5	37.5	38.5	transparent
#555555	97	38	86	96.5	97.5	37.5	38.5	transparent
#474747	98	38	72	97.5	98.5	37.5	38.5	transparent
#3B3B3B	99	38	60	98.5	99.5	37.5	38.5	transparent
#333333	100	38	52	99.5	100.5	37.5	38.5	transparent
#2F2F2F	101	38	48	100.5	101.5	37.5	38.5	transparent
#2C2C2C	102	38	45	101.5	102.5	37.5	38.5	transparent
#2D2D2D	103	38	46	102.5	103.5	37.5	38.5	transparent
#292929	104	38	42	103.5	104.5	37.5	38.5	transparent
#242424	105	38	37	104.5	105.5	37.5	38.5	transparent
#212121	106	38	34	105.5	106.5	37.5	38.5	transparent
#1F1F1F	107	38	32	106.5	107.5	37.5	38.5	transparent
#212121	108	38	34	107.5	108.5	37.5	38.5	transparent
#252525	109	38	38	108.5	109.5	37.5	38.5	transparent
#292929	110	38	42	109.5	110.5	37.5	38.5	transparent
#2A2A2A	111	38	43	110.5	111.5	37.5	38.5	transparent
#2B2B2B	112	38	44	111.5	112.5	37.5	38.5	transparent
#313131	113	38	50	112.5	113.5	37.5	38.5	transparent
#353535	114	38	54	113.5	114.5	37.5	38.5	transparent
#353535	115	38	54	114.5	115.5	37.5	38.5	transparent
#363636	116	38	55	115.5	116.5	37.5	38.5	transparent
#3A3A3A	117	38	59	116.5	117.5	37.5	38.5	transparent
#404040	118	38	65	117.5	118.5	37.5	38.5	transparent
#444444	119	38	69	118.5	119.5	37.5	38.5	transparent
#505050	120	38	81	119.5	120.5	37.5	38.5	transparent
#6B6B6B	121	38	108	120.5	121.5	37.5	38.5	transparent
#8A8A8A	122	38	139	121.5	122.5	37.5	38.5	transparent
#8A8A8A	123	38	139	122.5	123.5	37.5	38.5	transparent
#777777	124	38	120	123.5	124.5	37.5	38.5	transparent
#5F5F5F	125	38	96	124.5	125.5	37.5	38.5	transparent
#505050	126	38	81	125.5	126.5	37.5	38.5	transparent
#3D3D3D	127	38	62	126.5	127.5	37.5	38.5	transparent
#282828	128	38	41	127.5	128.5	37.5	38.5	transparent
#1D1D1D	129	38	30	128.5	129.5	37.5	38.5	transparent
#131313	130	38	20	129.5	130.5	37.5	38.5	transparent
#0B0B0B	131	38	12	130.5	131.5	37.5	38.5	transparent
#0D0D0D	132	38	14	131.5	132.5	37.5	38.5	transparent
#0E0E0E	133	38	15	132.5	133.5	37.5	38.5	transparent
#0C0C0C	134	38	13	133.5	134.5	37.5	38.5	transparent
#0C0C0C	135	38	13	134.5	135.5	37.5	38.5	transparent
#0D0D0D	136	38	14	135.5	136.5	37.5	38.5	transparent
#0D0D0D	137	38	14	136.5	137.5	37.5	38.5	transparent
#222222	138	38	35	137.5	138.5	37.5	38.5	transparent
#5C5C5C	139	38	93	138.5	139.5	37.5	38.5	transparent
#131313	0	37	20	-0.5	0.5	36.5	37.5	transparent
#131313	1	37	20	0.5	1.5	36.5	37.5	transparent
#131313	2	37	20	1.5	2.5	36.5	37.5	transparent
#131313	3	37	20	2.5	3.5	36.5	37.5	transparent
#131313	4	37	20	3.5	4.5	36.5	37.5	transparent
#131313	5	37	20	4.5	5.5	36.5	37.5	transparent
#131313	6	37	20	5.5	6.5	36.5	37.5	transparent
#131313	7	37	20	6.5	7.5	36.5	37.5	transparent
#131313	8	37	20	7.5	8.5	36.5	37.5	transparent
#121212	9	37	19	8.5	9.5	36.5	37.5	transparent
#111111	10	37	18	9.5	10.5	36.5	37.5	transparent
#0F0F0F	11	37	16	10.5	11.5	36.5	37.5	transparent
#0E0E0E	12	37	15	11.5	12.5	36.5	37.5	transparent
#0F0F0F	13	37	16	12.5	13.5	36.5	37.5	transparent
#181818	14	37	25	13.5	14.5	36.5	37.5	transparent
#272727	15	37	40	14.5	15.5	36.5	37.5	transparent
#373737	16	37	56	15.5	16.5	36.5	37.5	transparent
#4F4F4F	17	37	80	16.5	17.5	36.5	37.5	transparent
#616161	18	37	98	17.5	18.5	36.5	37.5	transparent
#686868	19	37	105	18.5	19.5	36.5	37.5	transparent
#4B4B4B	20	37	76	19.5	20.5	36.5	37.5	transparent
#373737	21	37	56	20.5	21.5	36.5	37.5	transparent
#333333	22	37	52	21.5	22.5	36.5	37.5	transparent
#2F2F2F	23	37	48	22.5	23.5	36.5	37.5	transparent
#2D2D2D	24	37	46	23.5	24.5	36.5	37.5	transparent
#2A2A2A	25	37	43	24.5	25.5	36.5	37.5	transparent
#252525	26	37	38	25.5	26.5	36.5	37.5	transparent
#1F1F1F	27	37	32	26.5	27.5	36.5	37.5	transparent
#1C1C1C	28	37	29	27.5	28.5	36.5	37.5	transparent
#191919	29	37	26	28.5	29.5	36.5	37.5	transparent
#191919	30	37	26	29.5	30.5	36.5	37.5	transparent
#1C1C1C	31	37	29	30.5	31.5	36.5	37.5	transparent
#1A1A1A	32	37	27	31.5	32.5	36.5	37.5	transparent
#191919	33	37	26	32.5	33.5	36.5	37.5	transparent
#1A1A1A	34	37	27	33.5	34.5	36.5	37.5	transparent
#1B1B1B	35	37	28	34.5	35.5	36.5	37.5	transparent
#141414	36	37	21	35.5	36.5	36.5	37.5	transparent
#121212	37	37	19	36.5	37.5	36.5	37.5	transparent
#1E1E1E	38	37	31	37.5	38.5	36.5	37.5	transparent
#2C2C2C	39	37	45	38.5	39.5	36.5	37.5	transparent
#363636	40	37	55	39.5	40.5	36.5	37.5	transparent
#424242	41	37	67	40.5	41.5	36.5	37.5	transparent
#505050	42	37	81	41.5	42.5	36.5	37.5	transparent
#5B5B5B	43	37	92	42.5	43.5	36.5	37.5	transparent
#646464	44	37	101	43.5	44.5	36.5	37.5	transparent
#6D6D6D	45	37	110	44.5	45.5	36.5	37.5	transparent
#767676	46	37	119	45.5	46.5	36.5	37.5	transparent
#7D7D7D	47	37	126	46.5	47.5	36.5	37.5	transparent
#828282	48	37	131	47.5	48.5	36.5	37.5	transparent
#8A8A8A	49	37	139	48.5	49.5	36.5	37.5	transparent
#919191	50	37	146	49.5	50.5	36.5	37.5	transparent
#929292	51	37	147	50.5	51.5	36.5	37.5	transparent
#909090	52	37	145	51.5	52.5	36.5	37.5	transparent
#939393	53	37	148	52.5	53.5	36.5	37.5	transparent
#949494	54	37	149	53.5	54.5	36.5	37.5	transparent
#949494	55	37	149	54.5	55.5	36.5	37.5	transparent
#979797	56	37	152	55.5	56.5	36.5	37.5	transparent
#9A9A9A	57	37	155	56.5	57.5	36.5	37.5	transparent
#9F9F9F	58	37	160	57.5	58.5	36.5	37.5	transparent
#A3A3A3	59	37	164	58.5	59.5	36.5	37.5	transparent
#A6A6A6	60	37	167	59.5	60.5	36.5	37.5	transparent
#A9A9A9	61	37	170	60.5	61.5	36.5	37.5	transparent
#AEAEAE	62	37	175	61.5	62.5	36.5	37.5	transparent
#B3B3B3	63	37	180	62.5	63.5	36.5	37.5	transparent
#C2C2C2	64	37	195	63.5	64.5	36.5	37.5	transparent
#CBCBCB	65	37	204	64.5	65.5	36.5	37.5	transparent
#CBCBCB	66	37	204	65.5	66.5	36.5	37.5	transparent
#C6C6C6	67	37	199	66.5	67.5	36.5	37.5	transparent
#C4C4C4	68	37	197	67.5	68.5	36.5	37.5	transparent
#C1C1C1	69	37	194	68.5	69.5	36.5	37.5	transparent
#C3C3C3	70	37	196	69.5	70.5	36.5	37.5	transparent
#C7C7C7	71	37	200	70.5	71.5	36.5	37.5	transparent
#C5C5C5	72	37	198	71.5	72.5	36.5	37.5	transparent
#C6C6C6	73	37	199	72.5	73.5	36.5	37.5	transparent
#CBCBCB	74	37	204	73.5	74.5	36.5	37.5	transparent
#D2D2D2	75	37	211	74.5	75.5	36.5	37.5	transparent
#D4D4D4	76	37	213	75.5	76.5	36.5	37.5	transparent
#D2D2D2	77	37	211	76.5	77.5	36.5	37.5	transparent
#C7C7C7	78	37	200	77.5	78.5	36.5	37.5	transparent
#B0B0B0	79	37	177	78.5	79.5	36.5	37.5	transparent
#9B9B9B	80	37	156	79.5	80.5	36.5	37.5	transparent
#8F8F8F	81	37	144	80.5	81.5	36.5	37.5	transparent
#8A8A8A	82	37	139	81.5	82.5	36.5	37.5	transparent
#858585	83	37	134	82.5	83.5	36.5	37.5	transparent
#828282	84	37	131	83.5	84.5	36.5	37.5	transparent
#7F7F7F	85	37	128	84.5	85.5	36.5	37.5	transparent
#7D7D7D	86	37	126	85.5	86.5	36.5	37.5	transparent
#7A7A7A	87	37	123	86.5	87.5	36.5	37.5	transparent
#787878	88	37	121	87.5	88.5	36.5	37.5	transparent
#797979	89	37	122	88.5	89.5	36.5	37.5	transparent
#737373	90	37	116	89.5	90.5	36.5	37.5	transparent
#717171	91	37	114	90.5	91.5	36.5	37.5	transparent
#717171	92	37	114	91.5	92.5	36.5	37.5	transparent
#6F6F6F	93	37	112	92.5	93.5	36.5	37.5	transparent
#6F6F6F	94	37	112	93.5	94.5	36.5	37.5	transparent
#6E6E6E	95	37	111	94.5	95.5	36.5	37.5	transparent
#636363	96	37	100	95.5	96.5	36.5	37.5	transparent
#575757	97	37	88	96.5	97.5	36.5	37.5	transparent
#4D4D4D	98	37	78	97.5	98.5	36.5	37.5	transparent
#3F3F3F	99	37	64	98.5	99.5	36.5	37.5	transparent
#303030	100	37	49	99.5	100.5	36.5	37.5	transparent
#2C2C2C	101	37	45	100.5	101.5	36.5	37.5	transparent
#313131	102	37	50	101.5	102.5	36.5	37.5	transparent
#313131	103	37	50	102.5	103.5	36.5	37.5	transparent
#272727	104	37	40	103.5	104.5	36.5	37.5	transparent
#202020	105	37	33	104.5	105.5	36.5	37.5	transparent
#1C1C1C	106	37	29	105.5	106.5	36.5	37.5	transparent
#1F1F1F	107	37	32	106.5	107.5	36.5	37.5	transparent
#212121	108	37	34	107.5	108.5	36.5	37.5	transparent
#282828	109	37	41	108.5	109.5	36.5	37.5	transparent
#2E2E2E	110	37	47	109.5	110.5	36.5	37.5	transparent
#2C2C2C	111	37	45	110.5	111.5	36.5	37.5	transparent
#292929	112	37	42	111.5	112.5	36.5	37.5	transparent
#2A2A2A	113	37	43	112.5	113.5	36.5	37.5	transparent
#313131	114	37	50	113.5	114.5	36.5	37.5	transparent
#363636	115	37	55	114.5	115.5	36.5	37.5	transparent
#383838	116	37	57	115.5	116.5	36.5	37.5	transparent
#383838	117	37	57	116.5	117.5	36.5	37.5	transparent
#404040	118	37	65	117.5	118.5	36.5	37.5	transparent
#464646	119	37	71	118.5	119.5	36.5	37.5	transparent
#505050	120	37	81	119.5	120.5	36.5	37.5	transparent
#676767	121	37	104	120.5	121.5	36.5	37.5	transparent
#868686	122	37	135	121.5	122.5	36.5	37.5	transparent
#898989	123	37	138	122.5	123.5	36.5	37.5	transparent
#787878	124	37	121	123.5	124.5	36.5	37.5	transparent
#606060	125	37	97	124.5	125.5	36.5	37.5	transparent
#4D4D4D	126	37	78	125.5	126.5	36.5	37.5	transparent
#3B3B3B	127	37	60	126.5	127.5	36.5	37.5	transparent
#252525	128	37	38	127.5	128.5	36.5	37.5	transparent
#1C1C1C	129	37	29	128.5	129.5	36.5	37.5	transparent
#121212	130	37	19	129.5	130.5	36.5	37.5	transparent
#0B0B0B	131	37	12	130.5	131.5	36.5	37.5	transparent
#0E0E0E	132	37	15	131.5	132.5	36.5	37.5	transparent
#0F0F0F	133	37	16	132.5	133.5	36.5	37.5	transparent
#0D0D0D	134	37	14	133.5	134.5	36.5	37.5	transparent
#0C0C0C	135	37	13	134.5	135.5	36.5	37.5	transparent
#0D0D0D	136	37	14	135.5	136.5	36.5	37.5	transparent
#0D0D0D	137	37	14	136.5	137.5	36.5	37.5	transparent
#222222	138	37	35	137.5	138.5	36.5	37.5	transparent
#5D5D5D	139	37	94	138.5	139.5	36.5	37.5	transparent
#131313	0	36	20	-0.5	0.5	35.5	36.5	transparent
#131313	1	36	20	0.5	1.5	35.5	36.5	transparent
#131313	2	36	20	1.5	2.5	35.5	36.5	transparent
#131313	3	36	20	2.5	3.5	35.5	36.5	transparent
#131313	4	36	20	3.5	4.5	35.5	36.5	transparent
#131313	5	36	20	4.5	5.5	35.5	36.5	transparent
#131313	6	36	20	5.5	6.5	35.5	36.5	transparent
#131313	7	36	20	6.5	7.5	35.5	36.5	transparent
#131313	8	36	20	7.5	8.5	35.5	36.5	transparent
#121212	9	36	19	8.5	9.5	35.5	36.5	transparent
#111111	10	36	18	9.5	10.5	35.5	36.5	transparent
#0F0F0F	11	36	16	10.5	11.5	35.5	36.5	transparent
#0E0E0E	12	36	15	11.5	12.5	35.5	36.5	transparent
#0F0F0F	13	36	16	12.5	13.5	35.5	36.5	transparent
#171717	14	36	24	13.5	14.5	35.5	36.5	transparent
#262626	15	36	39	14.5	15.5	35.5	36.5	transparent
#373737	16	36	56	15.5	16.5	35.5	36.5	transparent
#4E4E4E	17	36	79	16.5	17.5	35.5	36.5	transparent
#616161	18	36	98	17.5	18.5	35.5	36.5	transparent
#676767	19	36	104	18.5	19.5	35.5	36.5	transparent
#4C4C4C	20	36	77	19.5	20.5	35.5	36.5	transparent
#3A3A3A	21	36	59	20.5	21.5	35.5	36.5	transparent
#333333	22	36	52	21.5	22.5	35.5	36.5	transparent
#2C2C2C	23	36	45	22.5	23.5	35.5	36.5	transparent
#2B2B2B	24	36	44	23.5	24.5	35.5	36.5	transparent
#252525	25	36	38	24.5	25.5	35.5	36.5	transparent
#1F1F1F	26	36	32	25.5	26.5	35.5	36.5	transparent
#1F1F1F	27	36	32	26.5	27.5	35.5	36.5	transparent
#1A1A1A	28	36	27	27.5	28.5	35.5	36.5	transparent
#191919	29	36	26	28.5	29.5	35.5	36.5	transparent
#1A1A1A	30	36	27	29.5	30.5	35.5	36.5	transparent
#171717	31	36	24	30.5	31.5	35.5	36.5	transparent
#151515	32	36	22	31.5	32.5	35.5	36.5	transparent
#161616	33	36	23	32.5	33.5	35.5	36.5	transparent
#141414	34	36	21	33.5	34.5	35.5	36.5	transparent
#121212	35	36	19	34.5	35.5	35.5	36.5	transparent
#161616	36	36	23	35.5	36.5	35.5	36.5	transparent
#292929	37	36	42	36.5	37.5	35.5	36.5	transparent
#3E3E3E	38	36	63	37.5	38.5	35.5	36.5	transparent
#464646	39	36	71	38.5	39.5	35.5	36.5	transparent
#515151	40	36	82	39.5	40.5	35.5	36.5	transparent
#5F5F5F	41	36	96	40.5	41.5	35.5	36.5	transparent
#686868	42	36	105	41.5	42.5	35.5	36.5	transparent
#6E6E6E	43	36	111	42.5	43.5	35.5	36.5	transparent
#747474	44	36	117	43.5	44.5	35.5	36.5	transparent
#7D7D7D	45	36	126	44.5	45.5	35.5	36.5	transparent
#878787	46	36	136	45.5	46.5	35.5	36.5	transparent
#8C8C8C	47	36	141	46.5	47.5	35.5	36.5	transparent
#8E8E8E	48	36	143	47.5	48.5	35.5	36.5	transparent
#939393	49	36	148	48.5	49.5	35.5	36.5	transparent
#979797	50	36	152	49.5	50.5	35.5	36.5	transparent
#969696	51	36	151	50.5	51.5	35.5	36.5	transparent
#989898	52	36	153	51.5	52.5	35.5	36.5	transparent
#999999	53	36	154	52.5	53.5	35.5	36.5	transparent
#999999	54	36	154	53.5	54.5	35.5	36.5	transparent
#9C9C9C	55	36	157	54.5	55.5	35.5	36.5	transparent
#9E9E9E	56	36	159	55.5	56.5	35.5	36.5	transparent
#9F9F9F	57	36	160	56.5	57.5	35.5	36.5	transparent
#A1A1A1	58	36	162	57.5	58.5	35.5	36.5	transparent
#A4A4A4	59	36	165	58.5	59.5	35.5	36.5	transparent
#A7A7A7	60	36	168	59.5	60.5	35.5	36.5	transparent
#AAAAAA	61	36	171	60.5	61.5	35.5	36.5	transparent
#B0B0B0	62	36	177	61.5	62.5	35.5	36.5	transparent
#B5B5B5	63	36	182	62.5	63.5	35.5	36.5	transparent
#C2C2C2	64	36	195	63.5	64.5	35.5	36.5	transparent
#C9C9C9	65	36	202	64.5	65.5	35.5	36.5	transparent
#CACACA	66	36	203	65.5	66.5	35.5	36.5	transparent
#C8C8C8	67	36	201	66.5	67.5	35.5	36.5	transparent
#C7C7C7	68	36	200	67.5	68.5	35.5	36.5	transparent
#C6C6C6	69	36	199	68.5	69.5	35.5	36.5	transparent
#C9C9C9	70	36	202	69.5	70.5	35.5	36.5	transparent
#CBCBCB	71	36	204	70.5	71.5	35.5	36.5	transparent
#CBCBCB	72	36	204	71.5	72.5	35.5	36.5	transparent
#CDCDCD	73	36	206	72.5	73.5	35.5	36.5	transparent
#D0D0D0	74	36	209	73.5	74.5	35.5	36.5	transparent
#D5D5D5	75	36	214	74.5	75.5	35.5	36.5	transparent
#D6D6D6	76	36	215	75.5	76.5	35.5	36.5	transparent
#D4D4D4	77	36	213	76.5	77.5	35.5	36.5	transparent
#CDCDCD	78	36	206	77.5	78.5	35.5	36.5	transparent
#BBBBBB	79	36	188	78.5	79.5	35.5	36.5	transparent
#A9A9A9	80	36	170	79.5	80.5	35.5	36.5	transparent
#9E9E9E	81	36	159	80.5	81.5	35.5	36.5	transparent
#969696	82	36	151	81.5	82.5	35.5	36.5	transparent
#929292	83	36	147	82.5	83.5	35.5	36.5	transparent
#8C8C8C	84	36	141	83.5	84.5	35.5	36.5	transparent
#898989	85	36	138	84.5	85.5	35.5	36.5	transparent
#878787	86	36	136	85.5	86.5	35.5	36.5	transparent
#868686	87	36	135	86.5	87.5	35.5	36.5	transparent
#868686	88	36	135	87.5	88.5	35.5	36.5	transparent
#888888	89	36	137	88.5	89.5	35.5	36.5	transparent
#878787	90	36	136	89.5	90.5	35.5	36.5	transparent
#838383	91	36	132	90.5	91.5	35.5	36.5	transparent
#808080	92	36	129	91.5	92.5	35.5	36.5	transparent
#7A7A7A	93	36	123	92.5	93.5	35.5	36.5	transparent
#7C7C7C	94	36	125	93.5	94.5	35.5	36.5	transparent
#797979	95	36	122	94.5	95.5	35.5	36.5	transparent
#717171	96	36	114	95.5	96.5	35.5	36.5	transparent
#646464	97	36	101	96.5	97.5	35.5	36.5	transparent
#575757	98	36	88	97.5	98.5	35.5	36.5	transparent
#4E4E4E	99	36	79	98.5	99.5	35.5	36.5	transparent
#3F3F3F	100	36	64	99.5	100.5	35.5	36.5	transparent
#3A3A3A	101	36	59	100.5	101.5	35.5	36.5	transparent
#343434	102	36	53	101.5	102.5	35.5	36.5	transparent
#2A2A2A	103	36	43	102.5	103.5	35.5	36.5	transparent
#222222	104	36	35	103.5	104.5	35.5	36.5	transparent
#1D1D1D	105	36	30	104.5	105.5	35.5	36.5	transparent
#1B1B1B	106	36	28	105.5	106.5	35.5	36.5	transparent
#1F1F1F	107	36	32	106.5	107.5	35.5	36.5	transparent
#212121	108	36	34	107.5	108.5	35.5	36.5	transparent
#262626	109	36	39	108.5	109.5	35.5	36.5	transparent
#2E2E2E	110	36	47	109.5	110.5	35.5	36.5	transparent
#313131	111	36	50	110.5	111.5	35.5	36.5	transparent
#282828	112	36	41	111.5	112.5	35.5	36.5	transparent
#282828	113	36	41	112.5	113.5	35.5	36.5	transparent
#2A2A2A	114	36	43	113.5	114.5	35.5	36.5	transparent
#2F2F2F	115	36	48	114.5	115.5	35.5	36.5	transparent
#353535	116	36	54	115.5	116.5	35.5	36.5	transparent
#383838	117	36	57	116.5	117.5	35.5	36.5	transparent
#404040	118	36	65	117.5	118.5	35.5	36.5	transparent
#464646	119	36	71	118.5	119.5	35.5	36.5	transparent
#535353	120	36	84	119.5	120.5	35.5	36.5	transparent
#636363	121	36	100	120.5	121.5	35.5	36.5	transparent
#838383	122	36	132	121.5	122.5	35.5	36.5	transparent
#888888	123	36	137	122.5	123.5	35.5	36.5	transparent
#787878	124	36	121	123.5	124.5	35.5	36.5	transparent
#5E5E5E	125	36	95	124.5	125.5	35.5	36.5	transparent
#4C4C4C	126	36	77	125.5	126.5	35.5	36.5	transparent
#383838	127	36	57	126.5	127.5	35.5	36.5	transparent
#232323	128	36	36	127.5	128.5	35.5	36.5	transparent
#1A1A1A	129	36	27	128.5	129.5	35.5	36.5	transparent
#0F0F0F	130	36	16	129.5	130.5	35.5	36.5	transparent
#0B0B0B	131	36	12	130.5	131.5	35.5	36.5	transparent
#0F0F0F	132	36	16	131.5	132.5	35.5	36.5	transparent
#0F0F0F	133	36	16	132.5	133.5	35.5	36.5	transparent
#0D0D0D	134	36	14	133.5	134.5	35.5	36.5	transparent
#0C0C0C	135	36	13	134.5	135.5	35.5	36.5	transparent
#0C0C0C	136	36	13	135.5	136.5	35.5	36.5	transparent
#0D0D0D	137	36	14	136.5	137.5	35.5	36.5	transparent
#232323	138	36	36	137.5	138.5	35.5	36.5	transparent
#5E5E5E	139	36	95	138.5	139.5	35.5	36.5	transparent
#131313	0	35	20	-0.5	0.5	34.5	35.5	transparent
#131313	1	35	20	0.5	1.5	34.5	35.5	transparent
#131313	2	35	20	1.5	2.5	34.5	35.5	transparent
#131313	3	35	20	2.5	3.5	34.5	35.5	transparent
#131313	4	35	20	3.5	4.5	34.5	35.5	transparent
#131313	5	35	20	4.5	5.5	34.5	35.5	transparent
#131313	6	35	20	5.5	6.5	34.5	35.5	transparent
#131313	7	35	20	6.5	7.5	34.5	35.5	transparent
#131313	8	35	20	7.5	8.5	34.5	35.5	transparent
#121212	9	35	19	8.5	9.5	34.5	35.5	transparent
#111111	10	35	18	9.5	10.5	34.5	35.5	transparent
#101010	11	35	17	10.5	11.5	34.5	35.5	transparent
#0D0D0D	12	35	14	11.5	12.5	34.5	35.5	transparent
#0E0E0E	13	35	15	12.5	13.5	34.5	35.5	transparent
#151515	14	35	22	13.5	14.5	34.5	35.5	transparent
#252525	15	35	38	14.5	15.5	34.5	35.5	transparent
#363636	16	35	55	15.5	16.5	34.5	35.5	transparent
#4B4B4B	17	35	76	16.5	17.5	34.5	35.5	transparent
#616161	18	35	98	17.5	18.5	34.5	35.5	transparent
#676767	19	35	104	18.5	19.5	34.5	35.5	transparent
#525252	20	35	83	19.5	20.5	34.5	35.5	transparent
#393939	21	35	58	20.5	21.5	34.5	35.5	transparent
#313131	22	35	50	21.5	22.5	34.5	35.5	transparent
#2A2A2A	23	35	43	22.5	23.5	34.5	35.5	transparent
#232323	24	35	36	23.5	24.5	34.5	35.5	transparent
#1E1E1E	25	35	31	24.5	25.5	34.5	35.5	transparent
#1D1D1D	26	35	30	25.5	26.5	34.5	35.5	transparent
#1D1D1D	27	35	30	26.5	27.5	34.5	35.5	transparent
#1A1A1A	28	35	27	27.5	28.5	34.5	35.5	transparent
#171717	29	35	24	28.5	29.5	34.5	35.5	transparent
#151515	30	35	22	29.5	30.5	34.5	35.5	transparent
#131313	31	35	20	30.5	31.5	34.5	35.5	transparent
#111111	32	35	18	31.5	32.5	34.5	35.5	transparent
#0F0F0F	33	35	16	32.5	33.5	34.5	35.5	transparent
#121212	34	35	19	33.5	34.5	34.5	35.5	transparent
#202020	35	35	33	34.5	35.5	34.5	35.5	transparent
#333333	36	35	52	35.5	36.5	34.5	35.5	transparent
#474747	37	35	72	36.5	37.5	34.5	35.5	transparent
#4F4F4F	38	35	80	37.5	38.5	34.5	35.5	transparent
#5C5C5C	39	35	93	38.5	39.5	34.5	35.5	transparent
#6A6A6A	40	35	107	39.5	40.5	34.5	35.5	transparent
#737373	41	35	116	40.5	41.5	34.5	35.5	transparent
#797979	42	35	122	41.5	42.5	34.5	35.5	transparent
#7B7B7B	43	35	124	42.5	43.5	34.5	35.5	transparent
#838383	44	35	132	43.5	44.5	34.5	35.5	transparent
#8D8D8D	45	35	142	44.5	45.5	34.5	35.5	transparent
#939393	46	35	148	45.5	46.5	34.5	35.5	transparent
#959595	47	35	150	46.5	47.5	34.5	35.5	transparent
#969696	48	35	151	47.5	48.5	34.5	35.5	transparent
#999999	49	35	154	48.5	49.5	34.5	35.5	transparent
#9B9B9B	50	35	156	49.5	50.5	34.5	35.5	transparent
#9A9A9A	51	35	155	50.5	51.5	34.5	35.5	transparent
#9D9D9D	52	35	158	51.5	52.5	34.5	35.5	transparent
#9F9F9F	53	35	160	52.5	53.5	34.5	35.5	transparent
#9D9D9D	54	35	158	53.5	54.5	34.5	35.5	transparent
#A2A2A2	55	35	163	54.5	55.5	34.5	35.5	transparent
#A3A3A3	56	35	164	55.5	56.5	34.5	35.5	transparent
#A3A3A3	57	35	164	56.5	57.5	34.5	35.5	transparent
#A3A3A3	58	35	164	57.5	58.5	34.5	35.5	transparent
#A6A6A6	59	35	167	58.5	59.5	34.5	35.5	transparent
#AAAAAA	60	35	171	59.5	60.5	34.5	35.5	transparent
#AEAEAE	61	35	175	60.5	61.5	34.5	35.5	transparent
#B1B1B1	62	35	178	61.5	62.5	34.5	35.5	transparent
#B8B8B8	63	35	185	62.5	63.5	34.5	35.5	transparent
#C5C5C5	64	35	198	63.5	64.5	34.5	35.5	transparent
#CBCBCB	65	35	204	64.5	65.5	34.5	35.5	transparent
#CDCDCD	66	35	206	65.5	66.5	34.5	35.5	transparent
#CCCCCC	67	35	205	66.5	67.5	34.5	35.5	transparent
#CBCBCB	68	35	204	67.5	68.5	34.5	35.5	transparent
#CBCBCB	69	35	204	68.5	69.5	34.5	35.5	transparent
#CECECE	70	35	207	69.5	70.5	34.5	35.5	transparent
#CDCDCD	71	35	206	70.5	71.5	34.5	35.5	transparent
#CDCDCD	72	35	206	71.5	72.5	34.5	35.5	transparent
#D0D0D0	73	35	209	72.5	73.5	34.5	35.5	transparent
#D3D3D3	74	35	212	73.5	74.5	34.5	35.5	transparent
#D7D7D7	75	35	216	74.5	75.5	34.5	35.5	transparent
#D7D7D7	76	35	216	75.5	76.5	34.5	35.5	transparent
#D6D6D6	77	35	215	76.5	77.5	34.5	35.5	transparent
#CECECE	78	35	207	77.5	78.5	34.5	35.5	transparent
#C2C2C2	79	35	195	78.5	79.5	34.5	35.5	transparent
#B4B4B4	80	35	181	79.5	80.5	34.5	35.5	transparent
#ABABAB	81	35	172	80.5	81.5	34.5	35.5	transparent
#A2A2A2	82	35	163	81.5	82.5	34.5	35.5	transparent
#A0A0A0	83	35	161	82.5	83.5	34.5	35.5	transparent
#9B9B9B	84	35	156	83.5	84.5	34.5	35.5	transparent
#989898	85	35	153	84.5	85.5	34.5	35.5	transparent
#999999	86	35	154	85.5	86.5	34.5	35.5	transparent
#999999	87	35	154	86.5	87.5	34.5	35.5	transparent
#999999	88	35	154	87.5	88.5	34.5	35.5	transparent
#9A9A9A	89	35	155	88.5	89.5	34.5	35.5	transparent
#9B9B9B	90	35	156	89.5	90.5	34.5	35.5	transparent
#989898	91	35	153	90.5	91.5	34.5	35.5	transparent
#979797	92	35	152	91.5	92.5	34.5	35.5	transparent
#959595	93	35	150	92.5	93.5	34.5	35.5	transparent
#959595	94	35	150	93.5	94.5	34.5	35.5	transparent
#949494	95	35	149	94.5	95.5	34.5	35.5	transparent
#929292	96	35	147	95.5	96.5	34.5	35.5	transparent
#898989	97	35	138	96.5	97.5	34.5	35.5	transparent
#797979	98	35	122	97.5	98.5	34.5	35.5	transparent
#6F6F6F	99	35	112	98.5	99.5	34.5	35.5	transparent
#696969	100	35	106	99.5	100.5	34.5	35.5	transparent
#5F5F5F	101	35	96	100.5	101.5	34.5	35.5	transparent
#4A4A4A	102	35	75	101.5	102.5	34.5	35.5	transparent
#353535	103	35	54	102.5	103.5	34.5	35.5	transparent
#252525	104	35	38	103.5	104.5	34.5	35.5	transparent
#1C1C1C	105	35	29	104.5	105.5	34.5	35.5	transparent
#181818	106	35	25	105.5	106.5	34.5	35.5	transparent
#1B1B1B	107	35	28	106.5	107.5	34.5	35.5	transparent
#232323	108	35	36	107.5	108.5	34.5	35.5	transparent
#232323	109	35	36	108.5	109.5	34.5	35.5	transparent
#262626	110	35	39	109.5	110.5	34.5	35.5	transparent
#2C2C2C	111	35	45	110.5	111.5	34.5	35.5	transparent
#272727	112	35	40	111.5	112.5	34.5	35.5	transparent
#252525	113	35	38	112.5	113.5	34.5	35.5	transparent
#272727	114	35	40	113.5	114.5	34.5	35.5	transparent
#282828	115	35	41	114.5	115.5	34.5	35.5	transparent
#2D2D2D	116	35	46	115.5	116.5	34.5	35.5	transparent
#363636	117	35	55	116.5	117.5	34.5	35.5	transparent
#3C3C3C	118	35	61	117.5	118.5	34.5	35.5	transparent
#434343	119	35	68	118.5	119.5	34.5	35.5	transparent
#555555	120	35	86	119.5	120.5	34.5	35.5	transparent
#626262	121	35	99	120.5	121.5	34.5	35.5	transparent
#808080	122	35	129	121.5	122.5	34.5	35.5	transparent
#878787	123	35	136	122.5	123.5	34.5	35.5	transparent
#757575	124	35	118	123.5	124.5	34.5	35.5	transparent
#5D5D5D	125	35	94	124.5	125.5	34.5	35.5	transparent
#4B4B4B	126	35	76	125.5	126.5	34.5	35.5	transparent
#353535	127	35	54	126.5	127.5	34.5	35.5	transparent
#222222	128	35	35	127.5	128.5	34.5	35.5	transparent
#191919	129	35	26	128.5	129.5	34.5	35.5	transparent
#0D0D0D	130	35	14	129.5	130.5	34.5	35.5	transparent
#0C0C0C	131	35	13	130.5	131.5	34.5	35.5	transparent
#0F0F0F	132	35	16	131.5	132.5	34.5	35.5	transparent
#0F0F0F	133	35	16	132.5	133.5	34.5	35.5	transparent
#0D0D0D	134	35	14	133.5	134.5	34.5	35.5	transparent
#0C0C0C	135	35	13	134.5	135.5	34.5	35.5	transparent
#0C0C0C	136	35	13	135.5	136.5	34.5	35.5	transparent
#0C0C0C	137	35	13	136.5	137.5	34.5	35.5	transparent
#232323	138	35	36	137.5	138.5	34.5	35.5	transparent
#606060	139	35	97	138.5	139.5	34.5	35.5	transparent
#131313	0	34	20	-0.5	0.5	33.5	34.5	transparent
#131313	1	34	20	0.5	1.5	33.5	34.5	transparent
#131313	2	34	20	1.5	2.5	33.5	34.5	transparent
#131313	3	34	20	2.5	3.5	33.5	34.5	transparent
#131313	4	34	20	3.5	4.5	33.5	34.5	transparent
#131313	5	34	20	4.5	5.5	33.5	34.5	transparent
#131313	6	34	20	5.5	6.5	33.5	34.5	transparent
#131313	7	34	20	6.5	7.5	33.5	34.5	transparent
#131313	8	34	20	7.5	8.5	33.5	34.5	transparent
#121212	9	34	19	8.5	9.5	33.5	34.5	transparent
#111111	10	34	18	9.5	10.5	33.5	34.5	transparent
#101010	11	34	17	10.5	11.5	33.5	34.5	transparent
#0D0D0D	12	34	14	11.5	12.5	33.5	34.5	transparent
#0E0E0E	13	34	15	12.5	13.5	33.5	34.5	transparent
#141414	14	34	21	13.5	14.5	33.5	34.5	transparent
#232323	15	34	36	14.5	15.5	33.5	34.5	transparent
#353535	16	34	54	15.5	16.5	33.5	34.5	transparent
#474747	17	34	72	16.5	17.5	33.5	34.5	transparent
#5F5F5F	18	34	96	17.5	18.5	33.5	34.5	transparent
#696969	19	34	106	18.5	19.5	33.5	34.5	transparent
#575757	20	34	88	19.5	20.5	33.5	34.5	transparent
#373737	21	34	56	20.5	21.5	33.5	34.5	transparent
#2D2D2D	22	34	46	21.5	22.5	33.5	34.5	transparent
#252525	23	34	38	22.5	23.5	33.5	34.5	transparent
#1B1B1B	24	34	28	23.5	24.5	33.5	34.5	transparent
#1A1A1A	25	34	27	24.5	25.5	33.5	34.5	transparent
#1C1C1C	26	34	29	25.5	26.5	33.5	34.5	transparent
#1C1C1C	27	34	29	26.5	27.5	33.5	34.5	transparent
#1C1C1C	28	34	29	27.5	28.5	33.5	34.5	transparent
#151515	29	34	22	28.5	29.5	33.5	34.5	transparent
#111111	30	34	18	29.5	30.5	33.5	34.5	transparent
#0E0E0E	31	34	15	30.5	31.5	33.5	34.5	transparent
#0E0E0E	32	34	15	31.5	32.5	33.5	34.5	transparent
#151515	33	34	22	32.5	33.5	33.5	34.5	transparent
#2A2A2A	34	34	43	33.5	34.5	33.5	34.5	transparent
#3E3E3E	35	34	63	34.5	35.5	33.5	34.5	transparent
#494949	36	34	74	35.5	36.5	33.5	34.5	transparent
#585858	37	34	89	36.5	37.5	33.5	34.5	transparent
#636363	38	34	100	37.5	38.5	33.5	34.5	transparent
#6E6E6E	39	34	111	38.5	39.5	33.5	34.5	transparent
#777777	40	34	120	39.5	40.5	33.5	34.5	transparent
#7C7C7C	41	34	125	40.5	41.5	33.5	34.5	transparent
#828282	42	34	131	41.5	42.5	33.5	34.5	transparent
#898989	43	34	138	42.5	43.5	33.5	34.5	transparent
#8F8F8F	44	34	144	43.5	44.5	33.5	34.5	transparent
#939393	45	34	148	44.5	45.5	33.5	34.5	transparent
#969696	46	34	151	45.5	46.5	33.5	34.5	transparent
#999999	47	34	154	46.5	47.5	33.5	34.5	transparent
#9E9E9E	48	34	159	47.5	48.5	33.5	34.5	transparent
#9F9F9F	49	34	160	48.5	49.5	33.5	34.5	transparent
#9F9F9F	50	34	160	49.5	50.5	33.5	34.5	transparent
#9E9E9E	51	34	159	50.5	51.5	33.5	34.5	transparent
#A1A1A1	52	34	162	51.5	52.5	33.5	34.5	transparent
#A3A3A3	53	34	164	52.5	53.5	33.5	34.5	transparent
#A1A1A1	54	34	162	53.5	54.5	33.5	34.5	transparent
#A3A3A3	55	34	164	54.5	55.5	33.5	34.5	transparent
#A5A5A5	56	34	166	55.5	56.5	33.5	34.5	transparent
#A4A4A4	57	34	165	56.5	57.5	33.5	34.5	transparent
#A4A4A4	58	34	165	57.5	58.5	33.5	34.5	transparent
#A8A8A8	59	34	169	58.5	59.5	33.5	34.5	transparent
#ACACAC	60	34	173	59.5	60.5	33.5	34.5	transparent
#AFAFAF	61	34	176	60.5	61.5	33.5	34.5	transparent
#B3B3B3	62	34	180	61.5	62.5	33.5	34.5	transparent
#BBBBBB	63	34	188	62.5	63.5	33.5	34.5	transparent
#C2C2C2	64	34	195	63.5	64.5	33.5	34.5	transparent
#CACACA	65	34	203	64.5	65.5	33.5	34.5	transparent
#CCCCCC	66	34	205	65.5	66.5	33.5	34.5	transparent
#CBCBCB	67	34	204	66.5	67.5	33.5	34.5	transparent
#CBCBCB	68	34	204	67.5	68.5	33.5	34.5	transparent
#CACACA	69	34	203	68.5	69.5	33.5	34.5	transparent
#CDCDCD	70	34	206	69.5	70.5	33.5	34.5	transparent
#CCCCCC	71	34	205	70.5	71.5	33.5	34.5	transparent
#CDCDCD	72	34	206	71.5	72.5	33.5	34.5	transparent
#CDCDCD	73	34	206	72.5	73.5	33.5	34.5	transparent
#D2D2D2	74	34	211	73.5	74.5	33.5	34.5	transparent
#D8D8D8	75	34	217	74.5	75.5	33.5	34.5	transparent
#D8D8D8	76	34	217	75.5	76.5	33.5	34.5	transparent
#D4D4D4	77	34	213	76.5	77.5	33.5	34.5	transparent
#CECECE	78	34	207	77.5	78.5	33.5	34.5	transparent
#C6C6C6	79	34	199	78.5	79.5	33.5	34.5	transparent
#BBBBBB	80	34	188	79.5	80.5	33.5	34.5	transparent
#B1B1B1	81	34	178	80.5	81.5	33.5	34.5	transparent
#A8A8A8	82	34	169	81.5	82.5	33.5	34.5	transparent
#A6A6A6	83	34	167	82.5	83.5	33.5	34.5	transparent
#A4A4A4	84	34	165	83.5	84.5	33.5	34.5	transparent
#A4A4A4	85	34	165	84.5	85.5	33.5	34.5	transparent
#A4A4A4	86	34	165	85.5	86.5	33.5	34.5	transparent
#A4A4A4	87	34	165	86.5	87.5	33.5	34.5	transparent
#A6A6A6	88	34	167	87.5	88.5	33.5	34.5	transparent
#A5A5A5	89	34	166	88.5	89.5	33.5	34.5	transparent
#A4A4A4	90	34	165	89.5	90.5	33.5	34.5	transparent
#A0A0A0	91	34	161	90.5	91.5	33.5	34.5	transparent
#989898	92	34	153	91.5	92.5	33.5	34.5	transparent
#959595	93	34	150	92.5	93.5	33.5	34.5	transparent
#999999	94	34	154	93.5	94.5	33.5	34.5	transparent
#9E9E9E	95	34	159	94.5	95.5	33.5	34.5	transparent
#9C9C9C	96	34	157	95.5	96.5	33.5	34.5	transparent
#9F9F9F	97	34	160	96.5	97.5	33.5	34.5	transparent
#989898	98	34	153	97.5	98.5	33.5	34.5	transparent
#8E8E8E	99	34	143	98.5	99.5	33.5	34.5	transparent
#8A8A8A	100	34	139	99.5	100.5	33.5	34.5	transparent
#828282	101	34	131	100.5	101.5	33.5	34.5	transparent
#767676	102	34	119	101.5	102.5	33.5	34.5	transparent
#646464	103	34	101	102.5	103.5	33.5	34.5	transparent
#484848	104	34	73	103.5	104.5	33.5	34.5	transparent
#313131	105	34	50	104.5	105.5	33.5	34.5	transparent
#252525	106	34	38	105.5	106.5	33.5	34.5	transparent
#1B1B1B	107	34	28	106.5	107.5	33.5	34.5	transparent
#1C1C1C	108	34	29	107.5	108.5	33.5	34.5	transparent
#1F1F1F	109	34	32	108.5	109.5	33.5	34.5	transparent
#222222	110	34	35	109.5	110.5	33.5	34.5	transparent
#262626	111	34	39	110.5	111.5	33.5	34.5	transparent
#272727	112	34	40	111.5	112.5	33.5	34.5	transparent
#232323	113	34	36	112.5	113.5	33.5	34.5	transparent
#232323	114	34	36	113.5	114.5	33.5	34.5	transparent
#272727	115	34	40	114.5	115.5	33.5	34.5	transparent
#282828	116	34	41	115.5	116.5	33.5	34.5	transparent
#2F2F2F	117	34	48	116.5	117.5	33.5	34.5	transparent
#393939	118	34	58	117.5	118.5	33.5	34.5	transparent
#424242	119	34	67	118.5	119.5	33.5	34.5	transparent
#545454	120	34	85	119.5	120.5	33.5	34.5	transparent
#646464	121	34	101	120.5	121.5	33.5	34.5	transparent
#818181	122	34	130	121.5	122.5	33.5	34.5	transparent
#868686	123	34	135	122.5	123.5	33.5	34.5	transparent
#757575	124	34	118	123.5	124.5	33.5	34.5	transparent
#5C5C5C	125	34	93	124.5	125.5	33.5	34.5	transparent
#494949	126	34	74	125.5	126.5	33.5	34.5	transparent
#323232	127	34	51	126.5	127.5	33.5	34.5	transparent
#212121	128	34	34	127.5	128.5	33.5	34.5	transparent
#161616	129	34	23	128.5	129.5	33.5	34.5	transparent
#0C0C0C	130	34	13	129.5	130.5	33.5	34.5	transparent
#0C0C0C	131	34	13	130.5	131.5	33.5	34.5	transparent
#0F0F0F	132	34	16	131.5	132.5	33.5	34.5	transparent
#101010	133	34	17	132.5	133.5	33.5	34.5	transparent
#0E0E0E	134	34	15	133.5	134.5	33.5	34.5	transparent
#0C0C0C	135	34	13	134.5	135.5	33.5	34.5	transparent
#0C0C0C	136	34	13	135.5	136.5	33.5	34.5	transparent
#0D0D0D	137	34	14	136.5	137.5	33.5	34.5	transparent
#242424	138	34	37	137.5	138.5	33.5	34.5	transparent
#616161	139	34	98	138.5	139.5	33.5	34.5	transparent
#131313	0	33	20	-0.5	0.5	32.5	33.5	transparent
#131313	1	33	20	0.5	1.5	32.5	33.5	transparent
#131313	2	33	20	1.5	2.5	32.5	33.5	transparent
#131313	3	33	20	2.5	3.5	32.5	33.5	transparent
#131313	4	33	20	3.5	4.5	32.5	33.5	transparent
#131313	5	33	20	4.5	5.5	32.5	33.5	transparent
#131313	6	33	20	5.5	6.5	32.5	33.5	transparent
#131313	7	33	20	6.5	7.5	32.5	33.5	transparent
#131313	8	33	20	7.5	8.5	32.5	33.5	transparent
#121212	9	33	19	8.5	9.5	32.5	33.5	transparent
#111111	10	33	18	9.5	10.5	32.5	33.5	transparent
#101010	11	33	17	10.5	11.5	32.5	33.5	transparent
#0D0D0D	12	33	14	11.5	12.5	32.5	33.5	transparent
#0E0E0E	13	33	15	12.5	13.5	32.5	33.5	transparent
#131313	14	33	20	13.5	14.5	32.5	33.5	transparent
#222222	15	33	35	14.5	15.5	32.5	33.5	transparent
#343434	16	33	53	15.5	16.5	32.5	33.5	transparent
#464646	17	33	71	16.5	17.5	32.5	33.5	transparent
#5C5C5C	18	33	93	17.5	18.5	32.5	33.5	transparent
#6D6D6D	19	33	110	18.5	19.5	32.5	33.5	transparent
#565656	20	33	87	19.5	20.5	32.5	33.5	transparent
#353535	21	33	54	20.5	21.5	32.5	33.5	transparent
#282828	22	33	41	21.5	22.5	32.5	33.5	transparent
#1F1F1F	23	33	32	22.5	23.5	32.5	33.5	transparent
#181818	24	33	25	23.5	24.5	32.5	33.5	transparent
#181818	25	33	25	24.5	25.5	32.5	33.5	transparent
#1C1C1C	26	33	29	25.5	26.5	32.5	33.5	transparent
#1D1D1D	27	33	30	26.5	27.5	32.5	33.5	transparent
#1B1B1B	28	33	28	27.5	28.5	32.5	33.5	transparent
#141414	29	33	21	28.5	29.5	32.5	33.5	transparent
#0E0E0E	30	33	15	29.5	30.5	32.5	33.5	transparent
#111111	31	33	18	30.5	31.5	32.5	33.5	transparent
#212121	32	33	34	31.5	32.5	32.5	33.5	transparent
#333333	33	33	52	32.5	33.5	32.5	33.5	transparent
#434343	34	33	68	33.5	34.5	32.5	33.5	transparent
#4D4D4D	35	33	78	34.5	35.5	32.5	33.5	transparent
#575757	36	33	88	35.5	36.5	32.5	33.5	transparent
#686868	37	33	105	36.5	37.5	32.5	33.5	transparent
#747474	38	33	117	37.5	38.5	32.5	33.5	transparent
#7C7C7C	39	33	125	38.5	39.5	32.5	33.5	transparent
#818181	40	33	130	39.5	40.5	32.5	33.5	transparent
#858585	41	33	134	40.5	41.5	32.5	33.5	transparent
#8A8A8A	42	33	139	41.5	42.5	32.5	33.5	transparent
#909090	43	33	145	42.5	43.5	32.5	33.5	transparent
#959595	44	33	150	43.5	44.5	32.5	33.5	transparent
#989898	45	33	153	44.5	45.5	32.5	33.5	transparent
#9A9A9A	46	33	155	45.5	46.5	32.5	33.5	transparent
#9D9D9D	47	33	158	46.5	47.5	32.5	33.5	transparent
#A1A1A1	48	33	162	47.5	48.5	32.5	33.5	transparent
#A2A2A2	49	33	163	48.5	49.5	32.5	33.5	transparent
#A1A1A1	50	33	162	49.5	50.5	32.5	33.5	transparent
#A2A2A2	51	33	163	50.5	51.5	32.5	33.5	transparent
#A4A4A4	52	33	165	51.5	52.5	32.5	33.5	transparent
#A5A5A5	53	33	166	52.5	53.5	32.5	33.5	transparent
#A5A5A5	54	33	166	53.5	54.5	32.5	33.5	transparent
#A6A6A6	55	33	167	54.5	55.5	32.5	33.5	transparent
#A7A7A7	56	33	168	55.5	56.5	32.5	33.5	transparent
#A9A9A9	57	33	170	56.5	57.5	32.5	33.5	transparent
#A9A9A9	58	33	170	57.5	58.5	32.5	33.5	transparent
#ABABAB	59	33	172	58.5	59.5	32.5	33.5	transparent
#AFAFAF	60	33	176	59.5	60.5	32.5	33.5	transparent
#B2B2B2	61	33	179	60.5	61.5	32.5	33.5	transparent
#B6B6B6	62	33	183	61.5	62.5	32.5	33.5	transparent
#BCBCBC	63	33	189	62.5	63.5	32.5	33.5	transparent
#C4C4C4	64	33	197	63.5	64.5	32.5	33.5	transparent
#CDCDCD	65	33	206	64.5	65.5	32.5	33.5	transparent
#D0D0D0	66	33	209	65.5	66.5	32.5	33.5	transparent
#D0D0D0	67	33	209	66.5	67.5	32.5	33.5	transparent
#CFCFCF	68	33	208	67.5	68.5	32.5	33.5	transparent
#CCCCCC	69	33	205	68.5	69.5	32.5	33.5	transparent
#CECECE	70	33	207	69.5	70.5	32.5	33.5	transparent
#D1D1D1	71	33	210	70.5	71.5	32.5	33.5	transparent
#D2D2D2	72	33	211	71.5	72.5	32.5	33.5	transparent
#D2D2D2	73	33	211	72.5	73.5	32.5	33.5	transparent
#D5D5D5	74	33	214	73.5	74.5	32.5	33.5	transparent
#DBDBDB	75	33	220	74.5	75.5	32.5	33.5	transparent
#DBDBDB	76	33	220	75.5	76.5	32.5	33.5	transparent
#D7D7D7	77	33	216	76.5	77.5	32.5	33.5	transparent
#D3D3D3	78	33	212	77.5	78.5	32.5	33.5	transparent
#CBCBCB	79	33	204	78.5	79.5	32.5	33.5	transparent
#BFBFBF	80	33	192	79.5	80.5	32.5	33.5	transparent
#B7B7B7	81	33	184	80.5	81.5	32.5	33.5	transparent
#AEAEAE	82	33	175	81.5	82.5	32.5	33.5	transparent
#ACACAC	83	33	173	82.5	83.5	32.5	33.5	transparent
#ACACAC	84	33	173	83.5	84.5	32.5	33.5	transparent
#ADADAD	85	33	174	84.5	85.5	32.5	33.5	transparent
#ADADAD	86	33	174	85.5	86.5	32.5	33.5	transparent
#ADADAD	87	33	174	86.5	87.5	32.5	33.5	transparent
#AFAFAF	88	33	176	87.5	88.5	32.5	33.5	transparent
#AEAEAE	89	33	175	88.5	89.5	32.5	33.5	transparent
#A9A9A9	90	33	170	89.5	90.5	32.5	33.5	transparent
#A0A0A0	91	33	161	90.5	91.5	32.5	33.5	transparent
#979797	92	33	152	91.5	92.5	32.5	33.5	transparent
#969696	93	33	151	92.5	93.5	32.5	33.5	transparent
#979797	94	33	152	93.5	94.5	32.5	33.5	transparent
#A1A1A1	95	33	162	94.5	95.5	32.5	33.5	transparent
#A0A0A0	96	33	161	95.5	96.5	32.5	33.5	transparent
#A2A2A2	97	33	163	96.5	97.5	32.5	33.5	transparent
#A8A8A8	98	33	169	97.5	98.5	32.5	33.5	transparent
#A6A6A6	99	33	167	98.5	99.5	32.5	33.5	transparent
#A0A0A0	100	33	161	99.5	100.5	32.5	33.5	transparent
#989898	101	33	153	100.5	101.5	32.5	33.5	transparent
#8E8E8E	102	33	143	101.5	102.5	32.5	33.5	transparent
#828282	103	33	131	102.5	103.5	32.5	33.5	transparent
#6D6D6D	104	33	110	103.5	104.5	32.5	33.5	transparent
#595959	105	33	90	104.5	105.5	32.5	33.5	transparent
#4F4F4F	106	33	80	105.5	106.5	32.5	33.5	transparent
#3D3D3D	107	33	62	106.5	107.5	32.5	33.5	transparent
#2B2B2B	108	33	44	107.5	108.5	32.5	33.5	transparent
#1D1D1D	109	33	30	108.5	109.5	32.5	33.5	transparent
#1E1E1E	110	33	31	109.5	110.5	32.5	33.5	transparent
#202020	111	33	33	110.5	111.5	32.5	33.5	transparent
#222222	112	33	35	111.5	112.5	32.5	33.5	transparent
#222222	113	33	35	112.5	113.5	32.5	33.5	transparent
#212121	114	33	34	113.5	114.5	32.5	33.5	transparent
#252525	115	33	38	114.5	115.5	32.5	33.5	transparent
#282828	116	33	41	115.5	116.5	32.5	33.5	transparent
#2A2A2A	117	33	43	116.5	117.5	32.5	33.5	transparent
#343434	118	33	53	117.5	118.5	32.5	33.5	transparent
#434343	119	33	68	118.5	119.5	32.5	33.5	transparent
#515151	120	33	82	119.5	120.5	32.5	33.5	transparent
#646464	121	33	101	120.5	121.5	32.5	33.5	transparent
#848484	122	33	133	121.5	122.5	32.5	33.5	transparent
#848484	123	33	133	122.5	123.5	32.5	33.5	transparent
#727272	124	33	115	123.5	124.5	32.5	33.5	transparent
#5A5A5A	125	33	91	124.5	125.5	32.5	33.5	transparent
#474747	126	33	72	125.5	126.5	32.5	33.5	transparent
#303030	127	33	49	126.5	127.5	32.5	33.5	transparent
#202020	128	33	33	127.5	128.5	32.5	33.5	transparent
#141414	129	33	21	128.5	129.5	32.5	33.5	transparent
#0A0A0A	130	33	11	129.5	130.5	32.5	33.5	transparent
#0D0D0D	131	33	14	130.5	131.5	32.5	33.5	transparent
#0F0F0F	132	33	16	131.5	132.5	32.5	33.5	transparent
#101010	133	33	17	132.5	133.5	32.5	33.5	transparent
#0E0E0E	134	33	15	133.5	134.5	32.5	33.5	transparent
#0C0C0C	135	33	13	134.5	135.5	32.5	33.5	transparent
#0C0C0C	136	33	13	135.5	136.5	32.5	33.5	transparent
#0D0D0D	137	33	14	136.5	137.5	32.5	33.5	transparent
#252525	138	33	38	137.5	138.5	32.5	33.5	transparent
#626262	139	33	99	138.5	139.5	32.5	33.5	transparent
#131313	0	32	20	-0.5	0.5	31.5	32.5	transparent
#131313	1	32	20	0.5	1.5	31.5	32.5	transparent
#131313	2	32	20	1.5	2.5	31.5	32.5	transparent
#131313	3	32	20	2.5	3.5	31.5	32.5	transparent
#131313	4	32	20	3.5	4.5	31.5	32.5	transparent
#131313	5	32	20	4.5	5.5	31.5	32.5	transparent
#131313	6	32	20	5.5	6.5	31.5	32.5	transparent
#131313	7	32	20	6.5	7.5	31.5	32.5	transparent
#131313	8	32	20	7.5	8.5	31.5	32.5	transparent
#131313	9	32	20	8.5	9.5	31.5	32.5	transparent
#111111	10	32	18	9.5	10.5	31.5	32.5	transparent
#101010	11	32	17	10.5	11.5	31.5	32.5	transparent
#0D0D0D	12	32	14	11.5	12.5	31.5	32.5	transparent
#0D0D0D	13	32	14	12.5	13.5	31.5	32.5	transparent
#121212	14	32	19	13.5	14.5	31.5	32.5	transparent
#212121	15	32	34	14.5	15.5	31.5	32.5	transparent
#343434	16	32	53	15.5	16.5	31.5	32.5	transparent
#464646	17	32	71	16.5	17.5	31.5	32.5	transparent
#5A5A5A	18	32	91	17.5	18.5	31.5	32.5	transparent
#727272	19	32	115	18.5	19.5	31.5	32.5	transparent
#545454	20	32	85	19.5	20.5	31.5	32.5	transparent
#333333	21	32	52	20.5	21.5	31.5	32.5	transparent
#222222	22	32	35	21.5	22.5	31.5	32.5	transparent
#1A1A1A	23	32	27	22.5	23.5	31.5	32.5	transparent
#181818	24	32	25	23.5	24.5	31.5	32.5	transparent
#181818	25	32	25	24.5	25.5	31.5	32.5	transparent
#1B1B1B	26	32	28	25.5	26.5	31.5	32.5	transparent
#191919	27	32	26	26.5	27.5	31.5	32.5	transparent
#171717	28	32	24	27.5	28.5	31.5	32.5	transparent
#131313	29	32	20	28.5	29.5	31.5	32.5	transparent
#191919	30	32	26	29.5	30.5	31.5	32.5	transparent
#2A2A2A	31	32	43	30.5	31.5	31.5	32.5	transparent
#3B3B3B	32	32	60	31.5	32.5	31.5	32.5	transparent
#474747	33	32	72	32.5	33.5	31.5	32.5	transparent
#505050	34	32	81	33.5	34.5	31.5	32.5	transparent
#5B5B5B	35	32	92	34.5	35.5	31.5	32.5	transparent
#6A6A6A	36	32	107	35.5	36.5	31.5	32.5	transparent
#747474	37	32	117	36.5	37.5	31.5	32.5	transparent
#7D7D7D	38	32	126	37.5	38.5	31.5	32.5	transparent
#848484	39	32	133	38.5	39.5	31.5	32.5	transparent
#898989	40	32	138	39.5	40.5	31.5	32.5	transparent
#8E8E8E	41	32	143	40.5	41.5	31.5	32.5	transparent
#919191	42	32	146	41.5	42.5	31.5	32.5	transparent
#969696	43	32	151	42.5	43.5	31.5	32.5	transparent
#9A9A9A	44	32	155	43.5	44.5	31.5	32.5	transparent
#9C9C9C	45	32	157	44.5	45.5	31.5	32.5	transparent
#A0A0A0	46	32	161	45.5	46.5	31.5	32.5	transparent
#A2A2A2	47	32	163	46.5	47.5	31.5	32.5	transparent
#A4A4A4	48	32	165	47.5	48.5	31.5	32.5	transparent
#A6A6A6	49	32	167	48.5	49.5	31.5	32.5	transparent
#A5A5A5	50	32	166	49.5	50.5	31.5	32.5	transparent
#A6A6A6	51	32	167	50.5	51.5	31.5	32.5	transparent
#A8A8A8	52	32	169	51.5	52.5	31.5	32.5	transparent
#A8A8A8	53	32	169	52.5	53.5	31.5	32.5	transparent
#AAAAAA	54	32	171	53.5	54.5	31.5	32.5	transparent
#A9A9A9	55	32	170	54.5	55.5	31.5	32.5	transparent
#A7A7A7	56	32	168	55.5	56.5	31.5	32.5	transparent
#A9A9A9	57	32	170	56.5	57.5	31.5	32.5	transparent
#ACACAC	58	32	173	57.5	58.5	31.5	32.5	transparent
#AEAEAE	59	32	175	58.5	59.5	31.5	32.5	transparent
#B0B0B0	60	32	177	59.5	60.5	31.5	32.5	transparent
#B7B7B7	61	32	184	60.5	61.5	31.5	32.5	transparent
#BCBCBC	62	32	189	61.5	62.5	31.5	32.5	transparent
#BEBEBE	63	32	191	62.5	63.5	31.5	32.5	transparent
#C8C8C8	64	32	201	63.5	64.5	31.5	32.5	transparent
#D0D0D0	65	32	209	64.5	65.5	31.5	32.5	transparent
#D4D4D4	66	32	213	65.5	66.5	31.5	32.5	transparent
#D4D4D4	67	32	213	66.5	67.5	31.5	32.5	transparent
#D0D0D0	68	32	209	67.5	68.5	31.5	32.5	transparent
#CDCDCD	69	32	206	68.5	69.5	31.5	32.5	transparent
#CDCDCD	70	32	206	69.5	70.5	31.5	32.5	transparent
#CFCFCF	71	32	208	70.5	71.5	31.5	32.5	transparent
#D2D2D2	72	32	211	71.5	72.5	31.5	32.5	transparent
#D3D3D3	73	32	212	72.5	73.5	31.5	32.5	transparent
#D6D6D6	74	32	215	73.5	74.5	31.5	32.5	transparent
#DADADA	75	32	219	74.5	75.5	31.5	32.5	transparent
#D9D9D9	76	32	218	75.5	76.5	31.5	32.5	transparent
#D8D8D8	77	32	217	76.5	77.5	31.5	32.5	transparent
#D5D5D5	78	32	214	77.5	78.5	31.5	32.5	transparent
#CFCFCF	79	32	208	78.5	79.5	31.5	32.5	transparent
#C2C2C2	80	32	195	79.5	80.5	31.5	32.5	transparent
#BDBDBD	81	32	190	80.5	81.5	31.5	32.5	transparent
#B5B5B5	82	32	182	81.5	82.5	31.5	32.5	transparent
#B2B2B2	83	32	179	82.5	83.5	31.5	32.5	transparent
#B1B1B1	84	32	178	83.5	84.5	31.5	32.5	transparent
#B1B1B1	85	32	178	84.5	85.5	31.5	32.5	transparent
#B2B2B2	86	32	179	85.5	86.5	31.5	32.5	transparent
#B4B4B4	87	32	181	86.5	87.5	31.5	32.5	transparent
#B4B4B4	88	32	181	87.5	88.5	31.5	32.5	transparent
#B0B0B0	89	32	177	88.5	89.5	31.5	32.5	transparent
#A8A8A8	90	32	169	89.5	90.5	31.5	32.5	transparent
#A1A1A1	91	32	162	90.5	91.5	31.5	32.5	transparent
#9B9B9B	92	32	156	91.5	92.5	31.5	32.5	transparent
#979797	93	32	152	92.5	93.5	31.5	32.5	transparent
#969696	94	32	151	93.5	94.5	31.5	32.5	transparent
#9B9B9B	95	32	156	94.5	95.5	31.5	32.5	transparent
#A0A0A0	96	32	161	95.5	96.5	31.5	32.5	transparent
#9C9C9C	97	32	157	96.5	97.5	31.5	32.5	transparent
#A2A2A2	98	32	163	97.5	98.5	31.5	32.5	transparent
#ACACAC	99	32	173	98.5	99.5	31.5	32.5	transparent
#ABABAB	100	32	172	99.5	100.5	31.5	32.5	transparent
#A6A6A6	101	32	167	100.5	101.5	31.5	32.5	transparent
#9E9E9E	102	32	159	101.5	102.5	31.5	32.5	transparent
#939393	103	32	148	102.5	103.5	31.5	32.5	transparent
#848484	104	32	133	103.5	104.5	31.5	32.5	transparent
#767676	105	32	119	104.5	105.5	31.5	32.5	transparent
#6D6D6D	106	32	110	105.5	106.5	31.5	32.5	transparent
#616161	107	32	98	106.5	107.5	31.5	32.5	transparent
#515151	108	32	82	107.5	108.5	31.5	32.5	transparent
#3D3D3D	109	32	62	108.5	109.5	31.5	32.5	transparent
#292929	110	32	42	109.5	110.5	31.5	32.5	transparent
#191919	111	32	26	110.5	111.5	31.5	32.5	transparent
#191919	112	32	26	111.5	112.5	31.5	32.5	transparent
#212121	113	32	34	112.5	113.5	31.5	32.5	transparent
#232323	114	32	36	113.5	114.5	31.5	32.5	transparent
#222222	115	32	35	114.5	115.5	31.5	32.5	transparent
#262626	116	32	39	115.5	116.5	31.5	32.5	transparent
#2A2A2A	117	32	43	116.5	117.5	31.5	32.5	transparent
#2F2F2F	118	32	48	117.5	118.5	31.5	32.5	transparent
#404040	119	32	65	118.5	119.5	31.5	32.5	transparent
#4D4D4D	120	32	78	119.5	120.5	31.5	32.5	transparent
#646464	121	32	101	120.5	121.5	31.5	32.5	transparent
#888888	122	32	137	121.5	122.5	31.5	32.5	transparent
#858585	123	32	134	122.5	123.5	31.5	32.5	transparent
#6F6F6F	124	32	112	123.5	124.5	31.5	32.5	transparent
#585858	125	32	89	124.5	125.5	31.5	32.5	transparent
#454545	126	32	70	125.5	126.5	31.5	32.5	transparent
#2D2D2D	127	32	46	126.5	127.5	31.5	32.5	transparent
#1F1F1F	128	32	32	127.5	128.5	31.5	32.5	transparent
#131313	129	32	20	128.5	129.5	31.5	32.5	transparent
#0A0A0A	130	32	11	129.5	130.5	31.5	32.5	transparent
#0D0D0D	131	32	14	130.5	131.5	31.5	32.5	transparent
#101010	132	32	17	131.5	132.5	31.5	32.5	transparent
#101010	133	32	17	132.5	133.5	31.5	32.5	transparent
#0E0E0E	134	32	15	133.5	134.5	31.5	32.5	transparent
#0C0C0C	135	32	13	134.5	135.5	31.5	32.5	transparent
#0C0C0C	136	32	13	135.5	136.5	31.5	32.5	transparent
#0C0C0C	137	32	13	136.5	137.5	31.5	32.5	transparent
#262626	138	32	39	137.5	138.5	31.5	32.5	transparent
#646464	139	32	101	138.5	139.5	31.5	32.5	transparent
#131313	0	31	20	-0.5	0.5	30.5	31.5	transparent
#131313	1	31	20	0.5	1.5	30.5	31.5	transparent
#131313	2	31	20	1.5	2.5	30.5	31.5	transparent
#131313	3	31	20	2.5	3.5	30.5	31.5	transparent
#131313	4	31	20	3.5	4.5	30.5	31.5	transparent
#131313	5	31	20	4.5	5.5	30.5	31.5	transparent
#131313	6	31	20	5.5	6.5	30.5	31.5	transparent
#131313	7	31	20	6.5	7.5	30.5	31.5	transparent
#131313	8	31	20	7.5	8.5	30.5	31.5	transparent
#131313	9	31	20	8.5	9.5	30.5	31.5	transparent
#121212	10	31	19	9.5	10.5	30.5	31.5	transparent
#101010	11	31	17	10.5	11.5	30.5	31.5	transparent
#0E0E0E	12	31	15	11.5	12.5	30.5	31.5	transparent
#0D0D0D	13	31	14	12.5	13.5	30.5	31.5	transparent
#121212	14	31	19	13.5	14.5	30.5	31.5	transparent
#1F1F1F	15	31	32	14.5	15.5	30.5	31.5	transparent
#323232	16	31	51	15.5	16.5	30.5	31.5	transparent
#454545	17	31	70	16.5	17.5	30.5	31.5	transparent
#5B5B5B	18	31	92	17.5	18.5	30.5	31.5	transparent
#747474	19	31	117	18.5	19.5	30.5	31.5	transparent
#535353	20	31	84	19.5	20.5	30.5	31.5	transparent
#313131	21	31	50	20.5	21.5	30.5	31.5	transparent
#1B1B1B	22	31	28	21.5	22.5	30.5	31.5	transparent
#171717	23	31	24	22.5	23.5	30.5	31.5	transparent
#181818	24	31	25	23.5	24.5	30.5	31.5	transparent
#181818	25	31	25	24.5	25.5	30.5	31.5	transparent
#181818	26	31	25	25.5	26.5	30.5	31.5	transparent
#141414	27	31	21	26.5	27.5	30.5	31.5	transparent
#151515	28	31	22	27.5	28.5	30.5	31.5	transparent
#242424	29	31	37	28.5	29.5	30.5	31.5	transparent
#363636	30	31	55	29.5	30.5	30.5	31.5	transparent
#404040	31	31	65	30.5	31.5	30.5	31.5	transparent
#4A4A4A	32	31	75	31.5	32.5	30.5	31.5	transparent
#535353	33	31	84	32.5	33.5	30.5	31.5	transparent
#5E5E5E	34	31	95	33.5	34.5	30.5	31.5	transparent
#6D6D6D	35	31	110	34.5	35.5	30.5	31.5	transparent
#777777	36	31	120	35.5	36.5	30.5	31.5	transparent
#7F7F7F	37	31	128	36.5	37.5	30.5	31.5	transparent
#848484	38	31	133	37.5	38.5	30.5	31.5	transparent
#8A8A8A	39	31	139	38.5	39.5	30.5	31.5	transparent
#8E8E8E	40	31	143	39.5	40.5	30.5	31.5	transparent
#929292	41	31	147	40.5	41.5	30.5	31.5	transparent
#959595	42	31	150	41.5	42.5	30.5	31.5	transparent
#9B9B9B	43	31	156	42.5	43.5	30.5	31.5	transparent
#9E9E9E	44	31	159	43.5	44.5	30.5	31.5	transparent
#A2A2A2	45	31	163	44.5	45.5	30.5	31.5	transparent
#A3A3A3	46	31	164	45.5	46.5	30.5	31.5	transparent
#A5A5A5	47	31	166	46.5	47.5	30.5	31.5	transparent
#A9A9A9	48	31	170	47.5	48.5	30.5	31.5	transparent
#A9A9A9	49	31	170	48.5	49.5	30.5	31.5	transparent
#AAAAAA	50	31	171	49.5	50.5	30.5	31.5	transparent
#ABABAB	51	31	172	50.5	51.5	30.5	31.5	transparent
#ABABAB	52	31	172	51.5	52.5	30.5	31.5	transparent
#ABABAB	53	31	172	52.5	53.5	30.5	31.5	transparent
#ABABAB	54	31	172	53.5	54.5	30.5	31.5	transparent
#ABABAB	55	31	172	54.5	55.5	30.5	31.5	transparent
#AAAAAA	56	31	171	55.5	56.5	30.5	31.5	transparent
#ACACAC	57	31	173	56.5	57.5	30.5	31.5	transparent
#AEAEAE	58	31	175	57.5	58.5	30.5	31.5	transparent
#B0B0B0	59	31	177	58.5	59.5	30.5	31.5	transparent
#B3B3B3	60	31	180	59.5	60.5	30.5	31.5	transparent
#BBBBBB	61	31	188	60.5	61.5	30.5	31.5	transparent
#BEBEBE	62	31	191	61.5	62.5	30.5	31.5	transparent
#C2C2C2	63	31	195	62.5	63.5	30.5	31.5	transparent
#CACACA	64	31	203	63.5	64.5	30.5	31.5	transparent
#CFCFCF	65	31	208	64.5	65.5	30.5	31.5	transparent
#CFCFCF	66	31	208	65.5	66.5	30.5	31.5	transparent
#D0D0D0	67	31	209	66.5	67.5	30.5	31.5	transparent
#CFCFCF	68	31	208	67.5	68.5	30.5	31.5	transparent
#CCCCCC	69	31	205	68.5	69.5	30.5	31.5	transparent
#CBCBCB	70	31	204	69.5	70.5	30.5	31.5	transparent
#CDCDCD	71	31	206	70.5	71.5	30.5	31.5	transparent
#D0D0D0	72	31	209	71.5	72.5	30.5	31.5	transparent
#D3D3D3	73	31	212	72.5	73.5	30.5	31.5	transparent
#D6D6D6	74	31	215	73.5	74.5	30.5	31.5	transparent
#D8D8D8	75	31	217	74.5	75.5	30.5	31.5	transparent
#D8D8D8	76	31	217	75.5	76.5	30.5	31.5	transparent
#D9D9D9	77	31	218	76.5	77.5	30.5	31.5	transparent
#D7D7D7	78	31	216	77.5	78.5	30.5	31.5	transparent
#D0D0D0	79	31	209	78.5	79.5	30.5	31.5	transparent
#C3C3C3	80	31	196	79.5	80.5	30.5	31.5	transparent
#BFBFBF	81	31	192	80.5	81.5	30.5	31.5	transparent
#BABABA	82	31	187	81.5	82.5	30.5	31.5	transparent
#B5B5B5	83	31	182	82.5	83.5	30.5	31.5	transparent
#B5B5B5	84	31	182	83.5	84.5	30.5	31.5	transparent
#B4B4B4	85	31	181	84.5	85.5	30.5	31.5	transparent
#B5B5B5	86	31	182	85.5	86.5	30.5	31.5	transparent
#B7B7B7	87	31	184	86.5	87.5	30.5	31.5	transparent
#B5B5B5	88	31	182	87.5	88.5	30.5	31.5	transparent
#B0B0B0	89	31	177	88.5	89.5	30.5	31.5	transparent
#A6A6A6	90	31	167	89.5	90.5	30.5	31.5	transparent
#9F9F9F	91	31	160	90.5	91.5	30.5	31.5	transparent
#9C9C9C	92	31	157	91.5	92.5	30.5	31.5	transparent
#979797	93	31	152	92.5	93.5	30.5	31.5	transparent
#949494	94	31	149	93.5	94.5	30.5	31.5	transparent
#949494	95	31	149	94.5	95.5	30.5	31.5	transparent
#999999	96	31	154	95.5	96.5	30.5	31.5	transparent
#9D9D9D	97	31	158	96.5	97.5	30.5	31.5	transparent
#9B9B9B	98	31	156	97.5	98.5	30.5	31.5	transparent
#A6A6A6	99	31	167	98.5	99.5	30.5	31.5	transparent
#AEAEAE	100	31	175	99.5	100.5	30.5	31.5	transparent
#AEAEAE	101	31	175	100.5	101.5	30.5	31.5	transparent
#A9A9A9	102	31	170	101.5	102.5	30.5	31.5	transparent
#9F9F9F	103	31	160	102.5	103.5	30.5	31.5	transparent
#939393	104	31	148	103.5	104.5	30.5	31.5	transparent
#898989	105	31	138	104.5	105.5	30.5	31.5	transparent
#818181	106	31	130	105.5	106.5	30.5	31.5	transparent
#797979	107	31	122	106.5	107.5	30.5	31.5	transparent
#6D6D6D	108	31	110	107.5	108.5	30.5	31.5	transparent
#626262	109	31	99	108.5	109.5	30.5	31.5	transparent
#515151	110	31	82	109.5	110.5	30.5	31.5	transparent
#323232	111	31	51	110.5	111.5	30.5	31.5	transparent
#1B1B1B	112	31	28	111.5	112.5	30.5	31.5	transparent
#1A1A1A	113	31	27	112.5	113.5	30.5	31.5	transparent
#1F1F1F	114	31	32	113.5	114.5	30.5	31.5	transparent
#212121	115	31	34	114.5	115.5	30.5	31.5	transparent
#272727	116	31	40	115.5	116.5	30.5	31.5	transparent
#292929	117	31	42	116.5	117.5	30.5	31.5	transparent
#2D2D2D	118	31	46	117.5	118.5	30.5	31.5	transparent
#3A3A3A	119	31	59	118.5	119.5	30.5	31.5	transparent
#484848	120	31	73	119.5	120.5	30.5	31.5	transparent
#646464	121	31	101	120.5	121.5	30.5	31.5	transparent
#8A8A8A	122	31	139	121.5	122.5	30.5	31.5	transparent
#868686	123	31	135	122.5	123.5	30.5	31.5	transparent
#6C6C6C	124	31	109	123.5	124.5	30.5	31.5	transparent
#565656	125	31	87	124.5	125.5	30.5	31.5	transparent
#434343	126	31	68	125.5	126.5	30.5	31.5	transparent
#2C2C2C	127	31	45	126.5	127.5	30.5	31.5	transparent
#1D1D1D	128	31	30	127.5	128.5	30.5	31.5	transparent
#101010	129	31	17	128.5	129.5	30.5	31.5	transparent
#0A0A0A	130	31	11	129.5	130.5	30.5	31.5	transparent
#0E0E0E	131	31	15	130.5	131.5	30.5	31.5	transparent
#101010	132	31	17	131.5	132.5	30.5	31.5	transparent
#101010	133	31	17	132.5	133.5	30.5	31.5	transparent
#0E0E0E	134	31	15	133.5	134.5	30.5	31.5	transparent
#0C0C0C	135	31	13	134.5	135.5	30.5	31.5	transparent
#0C0C0C	136	31	13	135.5	136.5	30.5	31.5	transparent
#0C0C0C	137	31	13	136.5	137.5	30.5	31.5	transparent
#262626	138	31	39	137.5	138.5	30.5	31.5	transparent
#666666	139	31	103	138.5	139.5	30.5	31.5	transparent
#131313	0	30	20	-0.5	0.5	29.5	30.5	transparent
#131313	1	30	20	0.5	1.5	29.5	30.5	transparent
#131313	2	30	20	1.5	2.5	29.5	30.5	transparent
#131313	3	30	20	2.5	3.5	29.5	30.5	transparent
#131313	4	30	20	3.5	4.5	29.5	30.5	transparent
#131313	5	30	20	4.5	5.5	29.5	30.5	transparent
#131313	6	30	20	5.5	6.5	29.5	30.5	transparent
#131313	7	30	20	6.5	7.5	29.5	30.5	transparent
#131313	8	30	20	7.5	8.5	29.5	30.5	transparent
#131313	9	30	20	8.5	9.5	29.5	30.5	transparent
#121212	10	30	19	9.5	10.5	29.5	30.5	transparent
#111111	11	30	18	10.5	11.5	29.5	30.5	transparent
#0E0E0E	12	30	15	11.5	12.5	29.5	30.5	transparent
#0C0C0C	13	30	13	12.5	13.5	29.5	30.5	transparent
#101010	14	30	17	13.5	14.5	29.5	30.5	transparent
#1D1D1D	15	30	30	14.5	15.5	29.5	30.5	transparent
#303030	16	30	49	15.5	16.5	29.5	30.5	transparent
#434343	17	30	68	16.5	17.5	29.5	30.5	transparent
#5C5C5C	18	30	93	17.5	18.5	29.5	30.5	transparent
#747474	19	30	117	18.5	19.5	29.5	30.5	transparent
#545454	20	30	85	19.5	20.5	29.5	30.5	transparent
#2A2A2A	21	30	43	20.5	21.5	29.5	30.5	transparent
#1A1A1A	22	30	27	21.5	22.5	29.5	30.5	transparent
#171717	23	30	24	22.5	23.5	29.5	30.5	transparent
#181818	24	30	25	23.5	24.5	29.5	30.5	transparent
#181818	25	30	25	24.5	25.5	29.5	30.5	transparent
#151515	26	30	22	25.5	26.5	29.5	30.5	transparent
#141414	27	30	21	26.5	27.5	29.5	30.5	transparent
#262626	28	30	39	27.5	28.5	29.5	30.5	transparent
#3B3B3B	29	30	60	28.5	29.5	29.5	30.5	transparent
#4B4B4B	30	30	76	29.5	30.5	29.5	30.5	transparent
#515151	31	30	82	30.5	31.5	29.5	30.5	transparent
#555555	32	30	86	31.5	32.5	29.5	30.5	transparent
#616161	33	30	98	32.5	33.5	29.5	30.5	transparent
#6E6E6E	34	30	111	33.5	34.5	29.5	30.5	transparent
#787878	35	30	121	34.5	35.5	29.5	30.5	transparent
#828282	36	30	131	35.5	36.5	29.5	30.5	transparent
#888888	37	30	137	36.5	37.5	29.5	30.5	transparent
#8C8C8C	38	30	141	37.5	38.5	29.5	30.5	transparent
#919191	39	30	146	38.5	39.5	29.5	30.5	transparent
#919191	40	30	146	39.5	40.5	29.5	30.5	transparent
#969696	41	30	151	40.5	41.5	29.5	30.5	transparent
#9C9C9C	42	30	157	41.5	42.5	29.5	30.5	transparent
#A1A1A1	43	30	162	42.5	43.5	29.5	30.5	transparent
#A2A2A2	44	30	163	43.5	44.5	29.5	30.5	transparent
#A6A6A6	45	30	167	44.5	45.5	29.5	30.5	transparent
#A7A7A7	46	30	168	45.5	46.5	29.5	30.5	transparent
#A8A8A8	47	30	169	46.5	47.5	29.5	30.5	transparent
#ACACAC	48	30	173	47.5	48.5	29.5	30.5	transparent
#AEAEAE	49	30	175	48.5	49.5	29.5	30.5	transparent
#AFAFAF	50	30	176	49.5	50.5	29.5	30.5	transparent
#AFAFAF	51	30	176	50.5	51.5	29.5	30.5	transparent
#AFAFAF	52	30	176	51.5	52.5	29.5	30.5	transparent
#AEAEAE	53	30	175	52.5	53.5	29.5	30.5	transparent
#ADADAD	54	30	174	53.5	54.5	29.5	30.5	transparent
#AEAEAE	55	30	175	54.5	55.5	29.5	30.5	transparent
#AFAFAF	56	30	176	55.5	56.5	29.5	30.5	transparent
#B0B0B0	57	30	177	56.5	57.5	29.5	30.5	transparent
#B1B1B1	58	30	178	57.5	58.5	29.5	30.5	transparent
#B4B4B4	59	30	181	58.5	59.5	29.5	30.5	transparent
#BABABA	60	30	187	59.5	60.5	29.5	30.5	transparent
#BFBFBF	61	30	192	60.5	61.5	29.5	30.5	transparent
#C0C0C0	62	30	193	61.5	62.5	29.5	30.5	transparent
#C7C7C7	63	30	200	62.5	63.5	29.5	30.5	transparent
#CCCCCC	64	30	205	63.5	64.5	29.5	30.5	transparent
#CFCFCF	65	30	208	64.5	65.5	29.5	30.5	transparent
#D0D0D0	66	30	209	65.5	66.5	29.5	30.5	transparent
#D1D1D1	67	30	210	66.5	67.5	29.5	30.5	transparent
#D0D0D0	68	30	209	67.5	68.5	29.5	30.5	transparent
#CECECE	69	30	207	68.5	69.5	29.5	30.5	transparent
#CDCDCD	70	30	206	69.5	70.5	29.5	30.5	transparent
#CFCFCF	71	30	208	70.5	71.5	29.5	30.5	transparent
#D2D2D2	72	30	211	71.5	72.5	29.5	30.5	transparent
#D4D4D4	73	30	213	72.5	73.5	29.5	30.5	transparent
#D7D7D7	74	30	216	73.5	74.5	29.5	30.5	transparent
#D8D8D8	75	30	217	74.5	75.5	29.5	30.5	transparent
#D8D8D8	76	30	217	75.5	76.5	29.5	30.5	transparent
#D9D9D9	77	30	218	76.5	77.5	29.5	30.5	transparent
#DADADA	78	30	219	77.5	78.5	29.5	30.5	transparent
#D3D3D3	79	30	212	78.5	79.5	29.5	30.5	transparent
#C6C6C6	80	30	199	79.5	80.5	29.5	30.5	transparent
#C2C2C2	81	30	195	80.5	81.5	29.5	30.5	transparent
#BEBEBE	82	30	191	81.5	82.5	29.5	30.5	transparent
#BBBBBB	83	30	188	82.5	83.5	29.5	30.5	transparent
#B8B8B8	84	30	185	83.5	84.5	29.5	30.5	transparent
#B8B8B8	85	30	185	84.5	85.5	29.5	30.5	transparent
#BBBBBB	86	30	188	85.5	86.5	29.5	30.5	transparent
#B7B7B7	87	30	184	86.5	87.5	29.5	30.5	transparent
#B1B1B1	88	30	178	87.5	88.5	29.5	30.5	transparent
#A9A9A9	89	30	170	88.5	89.5	29.5	30.5	transparent
#9F9F9F	90	30	160	89.5	90.5	29.5	30.5	transparent
#9D9D9D	91	30	158	90.5	91.5	29.5	30.5	transparent
#9E9E9E	92	30	159	91.5	92.5	29.5	30.5	transparent
#989898	93	30	153	92.5	93.5	29.5	30.5	transparent
#939393	94	30	148	93.5	94.5	29.5	30.5	transparent
#919191	95	30	146	94.5	95.5	29.5	30.5	transparent
#939393	96	30	148	95.5	96.5	29.5	30.5	transparent
#9B9B9B	97	30	156	96.5	97.5	29.5	30.5	transparent
#989898	98	30	153	97.5	98.5	29.5	30.5	transparent
#9F9F9F	99	30	160	98.5	99.5	29.5	30.5	transparent
#ADADAD	100	30	174	99.5	100.5	29.5	30.5	transparent
#AFAFAF	101	30	176	100.5	101.5	29.5	30.5	transparent
#ADADAD	102	30	174	101.5	102.5	29.5	30.5	transparent
#A7A7A7	103	30	168	102.5	103.5	29.5	30.5	transparent
#9F9F9F	104	30	160	103.5	104.5	29.5	30.5	transparent
#989898	105	30	153	104.5	105.5	29.5	30.5	transparent
#919191	106	30	146	105.5	106.5	29.5	30.5	transparent
#898989	107	30	138	106.5	107.5	29.5	30.5	transparent
#7F7F7F	108	30	128	107.5	108.5	29.5	30.5	transparent
#757575	109	30	118	108.5	109.5	29.5	30.5	transparent
#696969	110	30	106	109.5	110.5	29.5	30.5	transparent
#595959	111	30	90	110.5	111.5	29.5	30.5	transparent
#424242	112	30	67	111.5	112.5	29.5	30.5	transparent
#262626	113	30	39	112.5	113.5	29.5	30.5	transparent
#191919	114	30	26	113.5	114.5	29.5	30.5	transparent
#1E1E1E	115	30	31	114.5	115.5	29.5	30.5	transparent
#262626	116	30	39	115.5	116.5	29.5	30.5	transparent
#272727	117	30	40	116.5	117.5	29.5	30.5	transparent
#2D2D2D	118	30	46	117.5	118.5	29.5	30.5	transparent
#333333	119	30	52	118.5	119.5	29.5	30.5	transparent
#424242	120	30	67	119.5	120.5	29.5	30.5	transparent
#636363	121	30	100	120.5	121.5	29.5	30.5	transparent
#898989	122	30	138	121.5	122.5	29.5	30.5	transparent
#878787	123	30	136	122.5	123.5	29.5	30.5	transparent
#696969	124	30	106	123.5	124.5	29.5	30.5	transparent
#555555	125	30	86	124.5	125.5	29.5	30.5	transparent
#404040	126	30	65	125.5	126.5	29.5	30.5	transparent
#2B2B2B	127	30	44	126.5	127.5	29.5	30.5	transparent
#1B1B1B	128	30	28	127.5	128.5	29.5	30.5	transparent
#0E0E0E	129	30	15	128.5	129.5	29.5	30.5	transparent
#0B0B0B	130	30	12	129.5	130.5	29.5	30.5	transparent
#0E0E0E	131	30	15	130.5	131.5	29.5	30.5	transparent
#101010	132	30	17	131.5	132.5	29.5	30.5	transparent
#101010	133	30	17	132.5	133.5	29.5	30.5	transparent
#0E0E0E	134	30	15	133.5	134.5	29.5	30.5	transparent
#0C0C0C	135	30	13	134.5	135.5	29.5	30.5	transparent
#0C0C0C	136	30	13	135.5	136.5	29.5	30.5	transparent
#0C0C0C	137	30	13	136.5	137.5	29.5	30.5	transparent
#272727	138	30	40	137.5	138.5	29.5	30.5	transparent
#676767	139	30	104	138.5	139.5	29.5	30.5	transparent
#131313	0	29	20	-0.5	0.5	28.5	29.5	transparent
#131313	1	29	20	0.5	1.5	28.5	29.5	transparent
#131313	2	29	20	1.5	2.5	28.5	29.5	transparent
#131313	3	29	20	2.5	3.5	28.5	29.5	transparent
#131313	4	29	20	3.5	4.5	28.5	29.5	transparent
#131313	5	29	20	4.5	5.5	28.5	29.5	transparent
#131313	6	29	20	5.5	6.5	28.5	29.5	transparent
#131313	7	29	20	6.5	7.5	28.5	29.5	transparent
#131313	8	29	20	7.5	8.5	28.5	29.5	transparent
#131313	9	29	20	8.5	9.5	28.5	29.5	transparent
#121212	10	29	19	9.5	10.5	28.5	29.5	transparent
#111111	11	29	18	10.5	11.5	28.5	29.5	transparent
#0E0E0E	12	29	15	11.5	12.5	28.5	29.5	transparent
#0C0C0C	13	29	13	12.5	13.5	28.5	29.5	transparent
#0F0F0F	14	29	16	13.5	14.5	28.5	29.5	transparent
#1A1A1A	15	29	27	14.5	15.5	28.5	29.5	transparent
#2E2E2E	16	29	47	15.5	16.5	28.5	29.5	transparent
#424242	17	29	67	16.5	17.5	28.5	29.5	transparent
#5D5D5D	18	29	94	17.5	18.5	28.5	29.5	transparent
#737373	19	29	116	18.5	19.5	28.5	29.5	transparent
#545454	20	29	85	19.5	20.5	28.5	29.5	transparent
#262626	21	29	39	20.5	21.5	28.5	29.5	transparent
#1D1D1D	22	29	30	21.5	22.5	28.5	29.5	transparent
#161616	23	29	23	22.5	23.5	28.5	29.5	transparent
#181818	24	29	25	23.5	24.5	28.5	29.5	transparent
#141414	25	29	21	24.5	25.5	28.5	29.5	transparent
#141414	26	29	21	25.5	26.5	28.5	29.5	transparent
#252525	27	29	38	26.5	27.5	28.5	29.5	transparent
#3C3C3C	28	29	61	27.5	28.5	28.5	29.5	transparent
#494949	29	29	74	28.5	29.5	28.5	29.5	transparent
#595959	30	29	90	29.5	30.5	28.5	29.5	transparent
#626262	31	29	99	30.5	31.5	28.5	29.5	transparent
#676767	32	29	104	31.5	32.5	28.5	29.5	transparent
#6F6F6F	33	29	112	32.5	33.5	28.5	29.5	transparent
#777777	34	29	120	33.5	34.5	28.5	29.5	transparent
#818181	35	29	130	34.5	35.5	28.5	29.5	transparent
#898989	36	29	138	35.5	36.5	28.5	29.5	transparent
#8E8E8E	37	29	143	36.5	37.5	28.5	29.5	transparent
#919191	38	29	146	37.5	38.5	28.5	29.5	transparent
#939393	39	29	148	38.5	39.5	28.5	29.5	transparent
#999999	40	29	154	39.5	40.5	28.5	29.5	transparent
#9E9E9E	41	29	159	40.5	41.5	28.5	29.5	transparent
#A3A3A3	42	29	164	41.5	42.5	28.5	29.5	transparent
#A6A6A6	43	29	167	42.5	43.5	28.5	29.5	transparent
#A7A7A7	44	29	168	43.5	44.5	28.5	29.5	transparent
#ABABAB	45	29	172	44.5	45.5	28.5	29.5	transparent
#ACACAC	46	29	173	45.5	46.5	28.5	29.5	transparent
#AEAEAE	47	29	175	46.5	47.5	28.5	29.5	transparent
#B0B0B0	48	29	177	47.5	48.5	28.5	29.5	transparent
#B1B1B1	49	29	178	48.5	49.5	28.5	29.5	transparent
#B3B3B3	50	29	180	49.5	50.5	28.5	29.5	transparent
#B1B1B1	51	29	178	50.5	51.5	28.5	29.5	transparent
#B2B2B2	52	29	179	51.5	52.5	28.5	29.5	transparent
#B2B2B2	53	29	179	52.5	53.5	28.5	29.5	transparent
#B2B2B2	54	29	179	53.5	54.5	28.5	29.5	transparent
#B4B4B4	55	29	181	54.5	55.5	28.5	29.5	transparent
#B4B4B4	56	29	181	55.5	56.5	28.5	29.5	transparent
#B4B4B4	57	29	181	56.5	57.5	28.5	29.5	transparent
#B5B5B5	58	29	182	57.5	58.5	28.5	29.5	transparent
#B9B9B9	59	29	186	58.5	59.5	28.5	29.5	transparent
#BEBEBE	60	29	191	59.5	60.5	28.5	29.5	transparent
#C2C2C2	61	29	195	60.5	61.5	28.5	29.5	transparent
#C3C3C3	62	29	196	61.5	62.5	28.5	29.5	transparent
#C9C9C9	63	29	202	62.5	63.5	28.5	29.5	transparent
#CECECE	64	29	207	63.5	64.5	28.5	29.5	transparent
#D0D0D0	65	29	209	64.5	65.5	28.5	29.5	transparent
#D1D1D1	66	29	210	65.5	66.5	28.5	29.5	transparent
#D4D4D4	67	29	213	66.5	67.5	28.5	29.5	transparent
#D2D2D2	68	29	211	67.5	68.5	28.5	29.5	transparent
#D2D2D2	69	29	211	68.5	69.5	28.5	29.5	transparent
#D1D1D1	70	29	210	69.5	70.5	28.5	29.5	transparent
#D3D3D3	71	29	212	70.5	71.5	28.5	29.5	transparent
#D4D4D4	72	29	213	71.5	72.5	28.5	29.5	transparent
#D7D7D7	73	29	216	72.5	73.5	28.5	29.5	transparent
#D8D8D8	74	29	217	73.5	74.5	28.5	29.5	transparent
#D9D9D9	75	29	218	74.5	75.5	28.5	29.5	transparent
#D9D9D9	76	29	218	75.5	76.5	28.5	29.5	transparent
#DADADA	77	29	219	76.5	77.5	28.5	29.5	transparent
#DBDBDB	78	29	220	77.5	78.5	28.5	29.5	transparent
#D4D4D4	79	29	213	78.5	79.5	28.5	29.5	transparent
#C7C7C7	80	29	200	79.5	80.5	28.5	29.5	transparent
#C3C3C3	81	29	196	80.5	81.5	28.5	29.5	transparent
#C2C2C2	82	29	195	81.5	82.5	28.5	29.5	transparent
#C0C0C0	83	29	193	82.5	83.5	28.5	29.5	transparent
#BFBFBF	84	29	192	83.5	84.5	28.5	29.5	transparent
#C0C0C0	85	29	193	84.5	85.5	28.5	29.5	transparent
#C2C2C2	86	29	195	85.5	86.5	28.5	29.5	transparent
#BCBCBC	87	29	189	86.5	87.5	28.5	29.5	transparent
#B5B5B5	88	29	182	87.5	88.5	28.5	29.5	transparent
#A7A7A7	89	29	168	88.5	89.5	28.5	29.5	transparent
#A0A0A0	90	29	161	89.5	90.5	28.5	29.5	transparent
#9E9E9E	91	29	159	90.5	91.5	28.5	29.5	transparent
#9D9D9D	92	29	158	91.5	92.5	28.5	29.5	transparent
#9A9A9A	93	29	155	92.5	93.5	28.5	29.5	transparent
#969696	94	29	151	93.5	94.5	28.5	29.5	transparent
#909090	95	29	145	94.5	95.5	28.5	29.5	transparent
#919191	96	29	146	95.5	96.5	28.5	29.5	transparent
#9A9A9A	97	29	155	96.5	97.5	28.5	29.5	transparent
#9A9A9A	98	29	155	97.5	98.5	28.5	29.5	transparent
#9D9D9D	99	29	158	98.5	99.5	28.5	29.5	transparent
#ACACAC	100	29	173	99.5	100.5	28.5	29.5	transparent
#B1B1B1	101	29	178	100.5	101.5	28.5	29.5	transparent
#ACACAC	102	29	173	101.5	102.5	28.5	29.5	transparent
#ABABAB	103	29	172	102.5	103.5	28.5	29.5	transparent
#A9A9A9	104	29	170	103.5	104.5	28.5	29.5	transparent
#A2A2A2	105	29	163	104.5	105.5	28.5	29.5	transparent
#9C9C9C	106	29	157	105.5	106.5	28.5	29.5	transparent
#959595	107	29	150	106.5	107.5	28.5	29.5	transparent
#8B8B8B	108	29	140	107.5	108.5	28.5	29.5	transparent
#818181	109	29	130	108.5	109.5	28.5	29.5	transparent
#767676	110	29	119	109.5	110.5	28.5	29.5	transparent
#6E6E6E	111	29	111	110.5	111.5	28.5	29.5	transparent
#636363	112	29	100	111.5	112.5	28.5	29.5	transparent
#515151	113	29	82	112.5	113.5	28.5	29.5	transparent
#2E2E2E	114	29	47	113.5	114.5	28.5	29.5	transparent
#1D1D1D	115	29	30	114.5	115.5	28.5	29.5	transparent
#232323	116	29	36	115.5	116.5	28.5	29.5	transparent
#272727	117	29	40	116.5	117.5	28.5	29.5	transparent
#2B2B2B	118	29	44	117.5	118.5	28.5	29.5	transparent
#313131	119	29	50	118.5	119.5	28.5	29.5	transparent
#3D3D3D	120	29	62	119.5	120.5	28.5	29.5	transparent
#626262	121	29	99	120.5	121.5	28.5	29.5	transparent
#898989	122	29	138	121.5	122.5	28.5	29.5	transparent
#868686	123	29	135	122.5	123.5	28.5	29.5	transparent
#686868	124	29	105	123.5	124.5	28.5	29.5	transparent
#535353	125	29	84	124.5	125.5	28.5	29.5	transparent
#3F3F3F	126	29	64	125.5	126.5	28.5	29.5	transparent
#292929	127	29	42	126.5	127.5	28.5	29.5	transparent
#1A1A1A	128	29	27	127.5	128.5	28.5	29.5	transparent
#0D0D0D	129	29	14	128.5	129.5	28.5	29.5	transparent
#0B0B0B	130	29	12	129.5	130.5	28.5	29.5	transparent
#0E0E0E	131	29	15	130.5	131.5	28.5	29.5	transparent
#101010	132	29	17	131.5	132.5	28.5	29.5	transparent
#101010	133	29	17	132.5	133.5	28.5	29.5	transparent
#0E0E0E	134	29	15	133.5	134.5	28.5	29.5	transparent
#0C0C0C	135	29	13	134.5	135.5	28.5	29.5	transparent
#0C0C0C	136	29	13	135.5	136.5	28.5	29.5	transparent
#0C0C0C	137	29	13	136.5	137.5	28.5	29.5	transparent
#272727	138	29	40	137.5	138.5	28.5	29.5	transparent
#6A6A6A	139	29	107	138.5	139.5	28.5	29.5	transparent
#131313	0	28	20	-0.5	0.5	27.5	28.5	transparent
#131313	1	28	20	0.5	1.5	27.5	28.5	transparent
#131313	2	28	20	1.5	2.5	27.5	28.5	transparent
#131313	3	28	20	2.5	3.5	27.5	28.5	transparent
#131313	4	28	20	3.5	4.5	27.5	28.5	transparent
#131313	5	28	20	4.5	5.5	27.5	28.5	transparent
#131313	6	28	20	5.5	6.5	27.5	28.5	transparent
#131313	7	28	20	6.5	7.5	27.5	28.5	transparent
#131313	8	28	20	7.5	8.5	27.5	28.5	transparent
#131313	9	28	20	8.5	9.5	27.5	28.5	transparent
#121212	10	28	19	9.5	10.5	27.5	28.5	transparent
#121212	11	28	19	10.5	11.5	27.5	28.5	transparent
#0F0F0F	12	28	16	11.5	12.5	27.5	28.5	transparent
#0D0D0D	13	28	14	12.5	13.5	27.5	28.5	transparent
#0E0E0E	14	28	15	13.5	14.5	27.5	28.5	transparent
#181818	15	28	25	14.5	15.5	27.5	28.5	transparent
#2B2B2B	16	28	44	15.5	16.5	27.5	28.5	transparent
#404040	17	28	65	16.5	17.5	27.5	28.5	transparent
#5E5E5E	18	28	95	17.5	18.5	27.5	28.5	transparent
#707070	19	28	113	18.5	19.5	27.5	28.5	transparent
#525252	20	28	83	19.5	20.5	27.5	28.5	transparent
#292929	21	28	42	20.5	21.5	27.5	28.5	transparent
#212121	22	28	34	21.5	22.5	27.5	28.5	transparent
#1A1A1A	23	28	27	22.5	23.5	27.5	28.5	transparent
#161616	24	28	23	23.5	24.5	27.5	28.5	transparent
#151515	25	28	22	24.5	25.5	27.5	28.5	transparent
#262626	26	28	39	25.5	26.5	27.5	28.5	transparent
#3A3A3A	27	28	59	26.5	27.5	27.5	28.5	transparent
#4A4A4A	28	28	75	27.5	28.5	27.5	28.5	transparent
#565656	29	28	87	28.5	29.5	27.5	28.5	transparent
#646464	30	28	101	29.5	30.5	27.5	28.5	transparent
#717171	31	28	114	30.5	31.5	27.5	28.5	transparent
#777777	32	28	120	31.5	32.5	27.5	28.5	transparent
#787878	33	28	121	32.5	33.5	27.5	28.5	transparent
#7E7E7E	34	28	127	33.5	34.5	27.5	28.5	transparent
#888888	35	28	137	34.5	35.5	27.5	28.5	transparent
#8E8E8E	36	28	143	35.5	36.5	27.5	28.5	transparent
#919191	37	28	146	36.5	37.5	27.5	28.5	transparent
#949494	38	28	149	37.5	38.5	27.5	28.5	transparent
#9A9A9A	39	28	155	38.5	39.5	27.5	28.5	transparent
#A1A1A1	40	28	162	39.5	40.5	27.5	28.5	transparent
#A4A4A4	41	28	165	40.5	41.5	27.5	28.5	transparent
#A7A7A7	42	28	168	41.5	42.5	27.5	28.5	transparent
#ABABAB	43	28	172	42.5	43.5	27.5	28.5	transparent
#ADADAD	44	28	174	43.5	44.5	27.5	28.5	transparent
#AFAFAF	45	28	176	44.5	45.5	27.5	28.5	transparent
#B1B1B1	46	28	178	45.5	46.5	27.5	28.5	transparent
#B2B2B2	47	28	179	46.5	47.5	27.5	28.5	transparent
#B4B4B4	48	28	181	47.5	48.5	27.5	28.5	transparent
#B4B4B4	49	28	181	48.5	49.5	27.5	28.5	transparent
#B5B5B5	50	28	182	49.5	50.5	27.5	28.5	transparent
#B7B7B7	51	28	184	50.5	51.5	27.5	28.5	transparent
#B7B7B7	52	28	184	51.5	52.5	27.5	28.5	transparent
#B7B7B7	53	28	184	52.5	53.5	27.5	28.5	transparent
#B9B9B9	54	28	186	53.5	54.5	27.5	28.5	transparent
#B9B9B9	55	28	186	54.5	55.5	27.5	28.5	transparent
#B9B9B9	56	28	186	55.5	56.5	27.5	28.5	transparent
#BABABA	57	28	187	56.5	57.5	27.5	28.5	transparent
#BCBCBC	58	28	189	57.5	58.5	27.5	28.5	transparent
#BEBEBE	59	28	191	58.5	59.5	27.5	28.5	transparent
#C0C0C0	60	28	193	59.5	60.5	27.5	28.5	transparent
#C4C4C4	61	28	197	60.5	61.5	27.5	28.5	transparent
#C7C7C7	62	28	200	61.5	62.5	27.5	28.5	transparent
#CACACA	63	28	203	62.5	63.5	27.5	28.5	transparent
#CFCFCF	64	28	208	63.5	64.5	27.5	28.5	transparent
#D2D2D2	65	28	211	64.5	65.5	27.5	28.5	transparent
#D3D3D3	66	28	212	65.5	66.5	27.5	28.5	transparent
#D6D6D6	67	28	215	66.5	67.5	27.5	28.5	transparent
#D3D3D3	68	28	212	67.5	68.5	27.5	28.5	transparent
#D3D3D3	69	28	212	68.5	69.5	27.5	28.5	transparent
#D6D6D6	70	28	215	69.5	70.5	27.5	28.5	transparent
#D9D9D9	71	28	218	70.5	71.5	27.5	28.5	transparent
#D9D9D9	72	28	218	71.5	72.5	27.5	28.5	transparent
#DADADA	73	28	219	72.5	73.5	27.5	28.5	transparent
#D9D9D9	74	28	218	73.5	74.5	27.5	28.5	transparent
#DCDCDC	75	28	221	74.5	75.5	27.5	28.5	transparent
#DDDDDD	76	28	222	75.5	76.5	27.5	28.5	transparent
#DDDDDD	77	28	222	76.5	77.5	27.5	28.5	transparent
#DADADA	78	28	219	77.5	78.5	27.5	28.5	transparent
#D4D4D4	79	28	213	78.5	79.5	27.5	28.5	transparent
#C7C7C7	80	28	200	79.5	80.5	27.5	28.5	transparent
#C2C2C2	81	28	195	80.5	81.5	27.5	28.5	transparent
#C3C3C3	82	28	196	81.5	82.5	27.5	28.5	transparent
#C5C5C5	83	28	198	82.5	83.5	27.5	28.5	transparent
#C5C5C5	84	28	198	83.5	84.5	27.5	28.5	transparent
#C6C6C6	85	28	199	84.5	85.5	27.5	28.5	transparent
#C7C7C7	86	28	200	85.5	86.5	27.5	28.5	transparent
#C4C4C4	87	28	197	86.5	87.5	27.5	28.5	transparent
#C1C1C1	88	28	194	87.5	88.5	27.5	28.5	transparent
#B2B2B2	89	28	179	88.5	89.5	27.5	28.5	transparent
#A4A4A4	90	28	165	89.5	90.5	27.5	28.5	transparent
#9A9A9A	91	28	155	90.5	91.5	27.5	28.5	transparent
#9D9D9D	92	28	158	91.5	92.5	27.5	28.5	transparent
#9E9E9E	93	28	159	92.5	93.5	27.5	28.5	transparent
#999999	94	28	154	93.5	94.5	27.5	28.5	transparent
#939393	95	28	148	94.5	95.5	27.5	28.5	transparent
#919191	96	28	146	95.5	96.5	27.5	28.5	transparent
#989898	97	28	153	96.5	97.5	27.5	28.5	transparent
#A1A1A1	98	28	162	97.5	98.5	27.5	28.5	transparent
#A0A0A0	99	28	161	98.5	99.5	27.5	28.5	transparent
#A7A7A7	100	28	168	99.5	100.5	27.5	28.5	transparent
#B4B4B4	101	28	181	100.5	101.5	27.5	28.5	transparent
#AFAFAF	102	28	176	101.5	102.5	27.5	28.5	transparent
#AFAFAF	103	28	176	102.5	103.5	27.5	28.5	transparent
#AFAFAF	104	28	176	103.5	104.5	27.5	28.5	transparent
#AAAAAA	105	28	171	104.5	105.5	27.5	28.5	transparent
#A4A4A4	106	28	165	105.5	106.5	27.5	28.5	transparent
#9D9D9D	107	28	158	106.5	107.5	27.5	28.5	transparent
#949494	108	28	149	107.5	108.5	27.5	28.5	transparent
#8A8A8A	109	28	139	108.5	109.5	27.5	28.5	transparent
#808080	110	28	129	109.5	110.5	27.5	28.5	transparent
#797979	111	28	122	110.5	111.5	27.5	28.5	transparent
#727272	112	28	115	111.5	112.5	27.5	28.5	transparent
#696969	113	28	106	112.5	113.5	27.5	28.5	transparent
#595959	114	28	90	113.5	114.5	27.5	28.5	transparent
#363636	115	28	55	114.5	115.5	27.5	28.5	transparent
#202020	116	28	33	115.5	116.5	27.5	28.5	transparent
#262626	117	28	39	116.5	117.5	27.5	28.5	transparent
#2D2D2D	118	28	46	117.5	118.5	27.5	28.5	transparent
#313131	119	28	50	118.5	119.5	27.5	28.5	transparent
#3C3C3C	120	28	61	119.5	120.5	27.5	28.5	transparent
#5E5E5E	121	28	95	120.5	121.5	27.5	28.5	transparent
#8A8A8A	122	28	139	121.5	122.5	27.5	28.5	transparent
#868686	123	28	135	122.5	123.5	27.5	28.5	transparent
#686868	124	28	105	123.5	124.5	27.5	28.5	transparent
#525252	125	28	83	124.5	125.5	27.5	28.5	transparent
#3D3D3D	126	28	62	125.5	126.5	27.5	28.5	transparent
#262626	127	28	39	126.5	127.5	27.5	28.5	transparent
#171717	128	28	24	127.5	128.5	27.5	28.5	transparent
#0C0C0C	129	28	13	128.5	129.5	27.5	28.5	transparent
#0B0B0B	130	28	12	129.5	130.5	27.5	28.5	transparent
#0F0F0F	131	28	16	130.5	131.5	27.5	28.5	transparent
#111111	132	28	18	131.5	132.5	27.5	28.5	transparent
#101010	133	28	17	132.5	133.5	27.5	28.5	transparent
#0D0D0D	134	28	14	133.5	134.5	27.5	28.5	transparent
#0C0C0C	135	28	13	134.5	135.5	27.5	28.5	transparent
#0C0C0C	136	28	13	135.5	136.5	27.5	28.5	transparent
#0C0C0C	137	28	13	136.5	137.5	27.5	28.5	transparent
#292929	138	28	42	137.5	138.5	27.5	28.5	transparent
#6B6B6B	139	28	108	138.5	139.5	27.5	28.5	transparent
#131313	0	27	20	-0.5	0.5	26.5	27.5	transparent
#131313	1	27	20	0.5	1.5	26.5	27.5	transparent
#131313	2	27	20	1.5	2.5	26.5	27.5	transparent
#131313	3	27	20	2.5	3.5	26.5	27.5	transparent
#131313	4	27	20	3.5	4.5	26.5	27.5	transparent
#131313	5	27	20	4.5	5.5	26.5	27.5	transparent
#131313	6	27	20	5.5	6.5	26.5	27.5	transparent
#131313	7	27	20	6.5	7.5	26.5	27.5	transparent
#131313	8	27	20	7.5	8.5	26.5	27.5	transparent
#131313	9	27	20	8.5	9.5	26.5	27.5	transparent
#121212	10	27	19	9.5	10.5	26.5	27.5	transparent
#121212	11	27	19	10.5	11.5	26.5	27.5	transparent
#0F0F0F	12	27	16	11.5	12.5	26.5	27.5	transparent
#0D0D0D	13	27	14	12.5	13.5	26.5	27.5	transparent
#0D0D0D	14	27	14	13.5	14.5	26.5	27.5	transparent
#161616	15	27	23	14.5	15.5	26.5	27.5	transparent
#292929	16	27	42	15.5	16.5	26.5	27.5	transparent
#3F3F3F	17	27	64	16.5	17.5	26.5	27.5	transparent
#5D5D5D	18	27	94	17.5	18.5	26.5	27.5	transparent
#6B6B6B	19	27	108	18.5	19.5	26.5	27.5	transparent
#4E4E4E	20	27	79	19.5	20.5	26.5	27.5	transparent
#2E2E2E	21	27	47	20.5	21.5	26.5	27.5	transparent
#202020	22	27	33	21.5	22.5	26.5	27.5	transparent
#1A1A1A	23	27	27	22.5	23.5	26.5	27.5	transparent
#111111	24	27	18	23.5	24.5	26.5	27.5	transparent
#202020	25	27	33	24.5	25.5	26.5	27.5	transparent
#3C3C3C	26	27	61	25.5	26.5	26.5	27.5	transparent
#4A4A4A	27	27	75	26.5	27.5	26.5	27.5	transparent
#575757	28	27	88	27.5	28.5	26.5	27.5	transparent
#616161	29	27	98	28.5	29.5	26.5	27.5	transparent
#6F6F6F	30	27	112	29.5	30.5	26.5	27.5	transparent
#7D7D7D	31	27	126	30.5	31.5	26.5	27.5	transparent
#838383	32	27	132	31.5	32.5	26.5	27.5	transparent
#848484	33	27	133	32.5	33.5	26.5	27.5	transparent
#868686	34	27	135	33.5	34.5	26.5	27.5	transparent
#8E8E8E	35	27	143	34.5	35.5	26.5	27.5	transparent
#959595	36	27	150	35.5	36.5	26.5	27.5	transparent
#959595	37	27	150	36.5	37.5	26.5	27.5	transparent
#9B9B9B	38	27	156	37.5	38.5	26.5	27.5	transparent
#A2A2A2	39	27	163	38.5	39.5	26.5	27.5	transparent
#A5A5A5	40	27	166	39.5	40.5	26.5	27.5	transparent
#A9A9A9	41	27	170	40.5	41.5	26.5	27.5	transparent
#ACACAC	42	27	173	41.5	42.5	26.5	27.5	transparent
#AEAEAE	43	27	175	42.5	43.5	26.5	27.5	transparent
#B1B1B1	44	27	178	43.5	44.5	26.5	27.5	transparent
#B4B4B4	45	27	181	44.5	45.5	26.5	27.5	transparent
#B5B5B5	46	27	182	45.5	46.5	26.5	27.5	transparent
#B5B5B5	47	27	182	46.5	47.5	26.5	27.5	transparent
#B7B7B7	48	27	184	47.5	48.5	26.5	27.5	transparent
#B9B9B9	49	27	186	48.5	49.5	26.5	27.5	transparent
#B9B9B9	50	27	186	49.5	50.5	26.5	27.5	transparent
#BCBCBC	51	27	189	50.5	51.5	26.5	27.5	transparent
#BDBDBD	52	27	190	51.5	52.5	26.5	27.5	transparent
#BDBDBD	53	27	190	52.5	53.5	26.5	27.5	transparent
#BEBEBE	54	27	191	53.5	54.5	26.5	27.5	transparent
#BFBFBF	55	27	192	54.5	55.5	26.5	27.5	transparent
#C0C0C0	56	27	193	55.5	56.5	26.5	27.5	transparent
#C3C3C3	57	27	196	56.5	57.5	26.5	27.5	transparent
#C3C3C3	58	27	196	57.5	58.5	26.5	27.5	transparent
#C2C2C2	59	27	195	58.5	59.5	26.5	27.5	transparent
#C1C1C1	60	27	194	59.5	60.5	26.5	27.5	transparent
#C3C3C3	61	27	196	60.5	61.5	26.5	27.5	transparent
#C6C6C6	62	27	199	61.5	62.5	26.5	27.5	transparent
#C9C9C9	63	27	202	62.5	63.5	26.5	27.5	transparent
#D1D1D1	64	27	210	63.5	64.5	26.5	27.5	transparent
#D7D7D7	65	27	216	64.5	65.5	26.5	27.5	transparent
#D8D8D8	66	27	217	65.5	66.5	26.5	27.5	transparent
#D8D8D8	67	27	217	66.5	67.5	26.5	27.5	transparent
#D7D7D7	68	27	216	67.5	68.5	26.5	27.5	transparent
#D6D6D6	69	27	215	68.5	69.5	26.5	27.5	transparent
#D8D8D8	70	27	217	69.5	70.5	26.5	27.5	transparent
#DBDBDB	71	27	220	70.5	71.5	26.5	27.5	transparent
#DBDBDB	72	27	220	71.5	72.5	26.5	27.5	transparent
#DADADA	73	27	219	72.5	73.5	26.5	27.5	transparent
#DADADA	74	27	219	73.5	74.5	26.5	27.5	transparent
#DCDCDC	75	27	221	74.5	75.5	26.5	27.5	transparent
#DFDFDF	76	27	224	75.5	76.5	26.5	27.5	transparent
#DDDDDD	77	27	222	76.5	77.5	26.5	27.5	transparent
#DBDBDB	78	27	220	77.5	78.5	26.5	27.5	transparent
#D5D5D5	79	27	214	78.5	79.5	26.5	27.5	transparent
#C8C8C8	80	27	201	79.5	80.5	26.5	27.5	transparent
#C4C4C4	81	27	197	80.5	81.5	26.5	27.5	transparent
#C3C3C3	82	27	196	81.5	82.5	26.5	27.5	transparent
#C7C7C7	83	27	200	82.5	83.5	26.5	27.5	transparent
#C9C9C9	84	27	202	83.5	84.5	26.5	27.5	transparent
#CBCBCB	85	27	204	84.5	85.5	26.5	27.5	transparent
#C9C9C9	86	27	202	85.5	86.5	26.5	27.5	transparent
#C4C4C4	87	27	197	86.5	87.5	26.5	27.5	transparent
#C2C2C2	88	27	195	87.5	88.5	26.5	27.5	transparent
#B5B5B5	89	27	182	88.5	89.5	26.5	27.5	transparent
#A5A5A5	90	27	166	89.5	90.5	26.5	27.5	transparent
#9C9C9C	91	27	157	90.5	91.5	26.5	27.5	transparent
#9A9A9A	92	27	155	91.5	92.5	26.5	27.5	transparent
#9D9D9D	93	27	158	92.5	93.5	26.5	27.5	transparent
#9A9A9A	94	27	155	93.5	94.5	26.5	27.5	transparent
#929292	95	27	147	94.5	95.5	26.5	27.5	transparent
#8D8D8D	96	27	142	95.5	96.5	26.5	27.5	transparent
#929292	97	27	147	96.5	97.5	26.5	27.5	transparent
#A0A0A0	98	27	161	97.5	98.5	26.5	27.5	transparent
#A6A6A6	99	27	167	98.5	99.5	26.5	27.5	transparent
#A6A6A6	100	27	167	99.5	100.5	26.5	27.5	transparent
#B4B4B4	101	27	181	100.5	101.5	26.5	27.5	transparent
#B5B5B5	102	27	182	101.5	102.5	26.5	27.5	transparent
#B2B2B2	103	27	179	102.5	103.5	26.5	27.5	transparent
#B2B2B2	104	27	179	103.5	104.5	26.5	27.5	transparent
#AEAEAE	105	27	175	104.5	105.5	26.5	27.5	transparent
#AAAAAA	106	27	171	105.5	106.5	26.5	27.5	transparent
#A2A2A2	107	27	163	106.5	107.5	26.5	27.5	transparent
#9B9B9B	108	27	156	107.5	108.5	26.5	27.5	transparent
#949494	109	27	149	108.5	109.5	26.5	27.5	transparent
#8C8C8C	110	27	141	109.5	110.5	26.5	27.5	transparent
#858585	111	27	134	110.5	111.5	26.5	27.5	transparent
#7E7E7E	112	27	127	111.5	112.5	26.5	27.5	transparent
#787878	113	27	121	112.5	113.5	26.5	27.5	transparent
#6F6F6F	114	27	112	113.5	114.5	26.5	27.5	transparent
#5A5A5A	115	27	91	114.5	115.5	26.5	27.5	transparent
#323232	116	27	51	115.5	116.5	26.5	27.5	transparent
#232323	117	27	36	116.5	117.5	26.5	27.5	transparent
#2C2C2C	118	27	45	117.5	118.5	26.5	27.5	transparent
#2F2F2F	119	27	48	118.5	119.5	26.5	27.5	transparent
#3E3E3E	120	27	63	119.5	120.5	26.5	27.5	transparent
#595959	121	27	90	120.5	121.5	26.5	27.5	transparent
#898989	122	27	138	121.5	122.5	26.5	27.5	transparent
#848484	123	27	133	122.5	123.5	26.5	27.5	transparent
#686868	124	27	105	123.5	124.5	26.5	27.5	transparent
#515151	125	27	82	124.5	125.5	26.5	27.5	transparent
#393939	126	27	58	125.5	126.5	26.5	27.5	transparent
#242424	127	27	37	126.5	127.5	26.5	27.5	transparent
#161616	128	27	23	127.5	128.5	26.5	27.5	transparent
#0B0B0B	129	27	12	128.5	129.5	26.5	27.5	transparent
#0B0B0B	130	27	12	129.5	130.5	26.5	27.5	transparent
#0F0F0F	131	27	16	130.5	131.5	26.5	27.5	transparent
#111111	132	27	18	131.5	132.5	26.5	27.5	transparent
#101010	133	27	17	132.5	133.5	26.5	27.5	transparent
#0D0D0D	134	27	14	133.5	134.5	26.5	27.5	transparent
#0C0C0C	135	27	13	134.5	135.5	26.5	27.5	transparent
#0B0B0B	136	27	12	135.5	136.5	26.5	27.5	transparent
#0C0C0C	137	27	13	136.5	137.5	26.5	27.5	transparent
#292929	138	27	42	137.5	138.5	26.5	27.5	transparent
#6B6B6B	139	27	108	138.5	139.5	26.5	27.5	transparent
#131313	0	26	20	-0.5	0.5	25.5	26.5	transparent
#131313	1	26	20	0.5	1.5	25.5	26.5	transparent
#131313	2	26	20	1.5	2.5	25.5	26.5	transparent
#131313	3	26	20	2.5	3.5	25.5	26.5	transparent
#131313	4	26	20	3.5	4.5	25.5	26.5	transparent
#131313	5	26	20	4.5	5.5	25.5	26.5	transparent
#131313	6	26	20	5.5	6.5	25.5	26.5	transparent
#131313	7	26	20	6.5	7.5	25.5	26.5	transparent
#131313	8	26	20	7.5	8.5	25.5	26.5	transparent
#131313	9	26	20	8.5	9.5	25.5	26.5	transparent
#121212	10	26	19	9.5	10.5	25.5	26.5	transparent
#121212	11	26	19	10.5	11.5	25.5	26.5	transparent
#0F0F0F	12	26	16	11.5	12.5	25.5	26.5	transparent
#0D0D0D	13	26	14	12.5	13.5	25.5	26.5	transparent
#0C0C0C	14	26	13	13.5	14.5	25.5	26.5	transparent
#141414	15	26	21	14.5	15.5	25.5	26.5	transparent
#262626	16	26	39	15.5	16.5	25.5	26.5	transparent
#3E3E3E	17	26	63	16.5	17.5	25.5	26.5	transparent
#5D5D5D	18	26	94	17.5	18.5	25.5	26.5	transparent
#696969	19	26	106	18.5	19.5	25.5	26.5	transparent
#4A4A4A	20	26	75	19.5	20.5	25.5	26.5	transparent
#2E2E2E	21	26	47	20.5	21.5	25.5	26.5	transparent
#1D1D1D	22	26	30	21.5	22.5	25.5	26.5	transparent
#171717	23	26	24	22.5	23.5	25.5	26.5	transparent
#121212	24	26	19	23.5	24.5	25.5	26.5	transparent
#313131	25	26	50	24.5	25.5	25.5	26.5	transparent
#4A4A4A	26	26	75	25.5	26.5	25.5	26.5	transparent
#575757	27	26	88	26.5	27.5	25.5	26.5	transparent
#606060	28	26	97	27.5	28.5	25.5	26.5	transparent
#6B6B6B	29	26	108	28.5	29.5	25.5	26.5	transparent
#797979	30	26	122	29.5	30.5	25.5	26.5	transparent
#848484	31	26	133	30.5	31.5	25.5	26.5	transparent
#8B8B8B	32	26	140	31.5	32.5	25.5	26.5	transparent
#8F8F8F	33	26	144	32.5	33.5	25.5	26.5	transparent
#919191	34	26	146	33.5	34.5	25.5	26.5	transparent
#969696	35	26	151	34.5	35.5	25.5	26.5	transparent
#999999	36	26	154	35.5	36.5	25.5	26.5	transparent
#9B9B9B	37	26	156	36.5	37.5	25.5	26.5	transparent
#A0A0A0	38	26	161	37.5	38.5	25.5	26.5	transparent
#A5A5A5	39	26	166	38.5	39.5	25.5	26.5	transparent
#A8A8A8	40	26	169	39.5	40.5	25.5	26.5	transparent
#ACACAC	41	26	173	40.5	41.5	25.5	26.5	transparent
#B0B0B0	42	26	177	41.5	42.5	25.5	26.5	transparent
#B3B3B3	43	26	180	42.5	43.5	25.5	26.5	transparent
#B5B5B5	44	26	182	43.5	44.5	25.5	26.5	transparent
#B7B7B7	45	26	184	44.5	45.5	25.5	26.5	transparent
#B8B8B8	46	26	185	45.5	46.5	25.5	26.5	transparent
#B9B9B9	47	26	186	46.5	47.5	25.5	26.5	transparent
#BBBBBB	48	26	188	47.5	48.5	25.5	26.5	transparent
#BEBEBE	49	26	191	48.5	49.5	25.5	26.5	transparent
#BFBFBF	50	26	192	49.5	50.5	25.5	26.5	transparent
#C0C0C0	51	26	193	50.5	51.5	25.5	26.5	transparent
#C2C2C2	52	26	195	51.5	52.5	25.5	26.5	transparent
#C1C1C1	53	26	194	52.5	53.5	25.5	26.5	transparent
#C3C3C3	54	26	196	53.5	54.5	25.5	26.5	transparent
#C5C5C5	55	26	198	54.5	55.5	25.5	26.5	transparent
#C7C7C7	56	26	200	55.5	56.5	25.5	26.5	transparent
#C9C9C9	57	26	202	56.5	57.5	25.5	26.5	transparent
#C8C8C8	58	26	201	57.5	58.5	25.5	26.5	transparent
#C5C5C5	59	26	198	58.5	59.5	25.5	26.5	transparent
#C6C6C6	60	26	199	59.5	60.5	25.5	26.5	transparent
#C4C4C4	61	26	197	60.5	61.5	25.5	26.5	transparent
#C4C4C4	62	26	197	61.5	62.5	25.5	26.5	transparent
#C8C8C8	63	26	201	62.5	63.5	25.5	26.5	transparent
#D2D2D2	64	26	211	63.5	64.5	25.5	26.5	transparent
#D9D9D9	65	26	218	64.5	65.5	25.5	26.5	transparent
#DBDBDB	66	26	220	65.5	66.5	25.5	26.5	transparent
#DBDBDB	67	26	220	66.5	67.5	25.5	26.5	transparent
#D9D9D9	68	26	218	67.5	68.5	25.5	26.5	transparent
#D8D8D8	69	26	217	68.5	69.5	25.5	26.5	transparent
#D9D9D9	70	26	218	69.5	70.5	25.5	26.5	transparent
#DBDBDB	71	26	220	70.5	71.5	25.5	26.5	transparent
#DDDDDD	72	26	222	71.5	72.5	25.5	26.5	transparent
#DADADA	73	26	219	72.5	73.5	25.5	26.5	transparent
#DADADA	74	26	219	73.5	74.5	25.5	26.5	transparent
#DDDDDD	75	26	222	74.5	75.5	25.5	26.5	transparent
#DEDEDE	76	26	223	75.5	76.5	25.5	26.5	transparent
#DBDBDB	77	26	220	76.5	77.5	25.5	26.5	transparent
#DBDBDB	78	26	220	77.5	78.5	25.5	26.5	transparent
#D6D6D6	79	26	215	78.5	79.5	25.5	26.5	transparent
#CACACA	80	26	203	79.5	80.5	25.5	26.5	transparent
#C7C7C7	81	26	200	80.5	81.5	25.5	26.5	transparent
#C7C7C7	82	26	200	81.5	82.5	25.5	26.5	transparent
#C8C8C8	83	26	201	82.5	83.5	25.5	26.5	transparent
#CACACA	84	26	203	83.5	84.5	25.5	26.5	transparent
#CDCDCD	85	26	206	84.5	85.5	25.5	26.5	transparent
#CBCBCB	86	26	204	85.5	86.5	25.5	26.5	transparent
#C3C3C3	87	26	196	86.5	87.5	25.5	26.5	transparent
#BDBDBD	88	26	190	87.5	88.5	25.5	26.5	transparent
#B0B0B0	89	26	177	88.5	89.5	25.5	26.5	transparent
#A6A6A6	90	26	167	89.5	90.5	25.5	26.5	transparent
#A1A1A1	91	26	162	90.5	91.5	25.5	26.5	transparent
#9A9A9A	92	26	155	91.5	92.5	25.5	26.5	transparent
#9A9A9A	93	26	155	92.5	93.5	25.5	26.5	transparent
#979797	94	26	152	93.5	94.5	25.5	26.5	transparent
#8F8F8F	95	26	144	94.5	95.5	25.5	26.5	transparent
#8C8C8C	96	26	141	95.5	96.5	25.5	26.5	transparent
#929292	97	26	147	96.5	97.5	25.5	26.5	transparent
#9A9A9A	98	26	155	97.5	98.5	25.5	26.5	transparent
#A5A5A5	99	26	166	98.5	99.5	25.5	26.5	transparent
#AFAFAF	100	26	176	99.5	100.5	25.5	26.5	transparent
#B7B7B7	101	26	184	100.5	101.5	25.5	26.5	transparent
#BBBBBB	102	26	188	101.5	102.5	25.5	26.5	transparent
#B6B6B6	103	26	183	102.5	103.5	25.5	26.5	transparent
#B4B4B4	104	26	181	103.5	104.5	25.5	26.5	transparent
#B1B1B1	105	26	178	104.5	105.5	25.5	26.5	transparent
#ADADAD	106	26	174	105.5	106.5	25.5	26.5	transparent
#A7A7A7	107	26	168	106.5	107.5	25.5	26.5	transparent
#A1A1A1	108	26	162	107.5	108.5	25.5	26.5	transparent
#9B9B9B	109	26	156	108.5	109.5	25.5	26.5	transparent
#959595	110	26	150	109.5	110.5	25.5	26.5	transparent
#8E8E8E	111	26	143	110.5	111.5	25.5	26.5	transparent
#878787	112	26	136	111.5	112.5	25.5	26.5	transparent
#848484	113	26	133	112.5	113.5	25.5	26.5	transparent
#7D7D7D	114	26	126	113.5	114.5	25.5	26.5	transparent
#6E6E6E	115	26	111	114.5	115.5	25.5	26.5	transparent
#545454	116	26	85	115.5	116.5	25.5	26.5	transparent
#2D2D2D	117	26	46	116.5	117.5	25.5	26.5	transparent
#292929	118	26	42	117.5	118.5	25.5	26.5	transparent
#323232	119	26	51	118.5	119.5	25.5	26.5	transparent
#414141	120	26	66	119.5	120.5	25.5	26.5	transparent
#585858	121	26	89	120.5	121.5	25.5	26.5	transparent
#858585	122	26	134	121.5	122.5	25.5	26.5	transparent
#828282	123	26	131	122.5	123.5	25.5	26.5	transparent
#676767	124	26	104	123.5	124.5	25.5	26.5	transparent
#4E4E4E	125	26	79	124.5	125.5	25.5	26.5	transparent
#373737	126	26	56	125.5	126.5	25.5	26.5	transparent
#212121	127	26	34	126.5	127.5	25.5	26.5	transparent
#141414	128	26	21	127.5	128.5	25.5	26.5	transparent
#0B0B0B	129	26	12	128.5	129.5	25.5	26.5	transparent
#0C0C0C	130	26	13	129.5	130.5	25.5	26.5	transparent
#101010	131	26	17	130.5	131.5	25.5	26.5	transparent
#111111	132	26	18	131.5	132.5	25.5	26.5	transparent
#101010	133	26	17	132.5	133.5	25.5	26.5	transparent
#0D0D0D	134	26	14	133.5	134.5	25.5	26.5	transparent
#0C0C0C	135	26	13	134.5	135.5	25.5	26.5	transparent
#0B0B0B	136	26	12	135.5	136.5	25.5	26.5	transparent
#0C0C0C	137	26	13	136.5	137.5	25.5	26.5	transparent
#2A2A2A	138	26	43	137.5	138.5	25.5	26.5	transparent
#6C6C6C	139	26	109	138.5	139.5	25.5	26.5	transparent
#131313	0	25	20	-0.5	0.5	24.5	25.5	transparent
#131313	1	25	20	0.5	1.5	24.5	25.5	transparent
#131313	2	25	20	1.5	2.5	24.5	25.5	transparent
#131313	3	25	20	2.5	3.5	24.5	25.5	transparent
#131313	4	25	20	3.5	4.5	24.5	25.5	transparent
#131313	5	25	20	4.5	5.5	24.5	25.5	transparent
#131313	6	25	20	5.5	6.5	24.5	25.5	transparent
#131313	7	25	20	6.5	7.5	24.5	25.5	transparent
#131313	8	25	20	7.5	8.5	24.5	25.5	transparent
#131313	9	25	20	8.5	9.5	24.5	25.5	transparent
#121212	10	25	19	9.5	10.5	24.5	25.5	transparent
#121212	11	25	19	10.5	11.5	24.5	25.5	transparent
#101010	12	25	17	11.5	12.5	24.5	25.5	transparent
#0D0D0D	13	25	14	12.5	13.5	24.5	25.5	transparent
#0C0C0C	14	25	13	13.5	14.5	24.5	25.5	transparent
#121212	15	25	19	14.5	15.5	24.5	25.5	transparent
#222222	16	25	35	15.5	16.5	24.5	25.5	transparent
#3C3C3C	17	25	61	16.5	17.5	24.5	25.5	transparent
#5B5B5B	18	25	92	17.5	18.5	24.5	25.5	transparent
#676767	19	25	104	18.5	19.5	24.5	25.5	transparent
#474747	20	25	72	19.5	20.5	24.5	25.5	transparent
#303030	21	25	49	20.5	21.5	24.5	25.5	transparent
#1E1E1E	22	25	31	21.5	22.5	24.5	25.5	transparent
#121212	23	25	19	22.5	23.5	24.5	25.5	transparent
#212121	24	25	34	23.5	24.5	24.5	25.5	transparent
#434343	25	25	68	24.5	25.5	24.5	25.5	transparent
#545454	26	25	85	25.5	26.5	24.5	25.5	transparent
#5F5F5F	27	25	96	26.5	27.5	24.5	25.5	transparent
#686868	28	25	105	27.5	28.5	24.5	25.5	transparent
#737373	29	25	116	28.5	29.5	24.5	25.5	transparent
#7E7E7E	30	25	127	29.5	30.5	24.5	25.5	transparent
#898989	31	25	138	30.5	31.5	24.5	25.5	transparent
#919191	32	25	146	31.5	32.5	24.5	25.5	transparent
#969696	33	25	151	32.5	33.5	24.5	25.5	transparent
#979797	34	25	152	33.5	34.5	24.5	25.5	transparent
#989898	35	25	153	34.5	35.5	24.5	25.5	transparent
#9B9B9B	36	25	156	35.5	36.5	24.5	25.5	transparent
#9F9F9F	37	25	160	36.5	37.5	24.5	25.5	transparent
#A3A3A3	38	25	164	37.5	38.5	24.5	25.5	transparent
#A8A8A8	39	25	169	38.5	39.5	24.5	25.5	transparent
#ACACAC	40	25	173	39.5	40.5	24.5	25.5	transparent
#B0B0B0	41	25	177	40.5	41.5	24.5	25.5	transparent
#B5B5B5	42	25	182	41.5	42.5	24.5	25.5	transparent
#B8B8B8	43	25	185	42.5	43.5	24.5	25.5	transparent
#B9B9B9	44	25	186	43.5	44.5	24.5	25.5	transparent
#BABABA	45	25	187	44.5	45.5	24.5	25.5	transparent
#BCBCBC	46	25	189	45.5	46.5	24.5	25.5	transparent
#BEBEBE	47	25	191	46.5	47.5	24.5	25.5	transparent
#C1C1C1	48	25	194	47.5	48.5	24.5	25.5	transparent
#C3C3C3	49	25	196	48.5	49.5	24.5	25.5	transparent
#C4C4C4	50	25	197	49.5	50.5	24.5	25.5	transparent
#C5C5C5	51	25	198	50.5	51.5	24.5	25.5	transparent
#C6C6C6	52	25	199	51.5	52.5	24.5	25.5	transparent
#C6C6C6	53	25	199	52.5	53.5	24.5	25.5	transparent
#C8C8C8	54	25	201	53.5	54.5	24.5	25.5	transparent
#CACACA	55	25	203	54.5	55.5	24.5	25.5	transparent
#CACACA	56	25	203	55.5	56.5	24.5	25.5	transparent
#CBCBCB	57	25	204	56.5	57.5	24.5	25.5	transparent
#C9C9C9	58	25	202	57.5	58.5	24.5	25.5	transparent
#C7C7C7	59	25	200	58.5	59.5	24.5	25.5	transparent
#C7C7C7	60	25	200	59.5	60.5	24.5	25.5	transparent
#C6C6C6	61	25	199	60.5	61.5	24.5	25.5	transparent
#C7C7C7	62	25	200	61.5	62.5	24.5	25.5	transparent
#CBCBCB	63	25	204	62.5	63.5	24.5	25.5	transparent
#D4D4D4	64	25	213	63.5	64.5	24.5	25.5	transparent
#D7D7D7	65	25	216	64.5	65.5	24.5	25.5	transparent
#D8D8D8	66	25	217	65.5	66.5	24.5	25.5	transparent
#DADADA	67	25	219	66.5	67.5	24.5	25.5	transparent
#DCDCDC	68	25	221	67.5	68.5	24.5	25.5	transparent
#DADADA	69	25	219	68.5	69.5	24.5	25.5	transparent
#DCDCDC	70	25	221	69.5	70.5	24.5	25.5	transparent
#DDDDDD	71	25	222	70.5	71.5	24.5	25.5	transparent
#DDDDDD	72	25	222	71.5	72.5	24.5	25.5	transparent
#DCDCDC	73	25	221	72.5	73.5	24.5	25.5	transparent
#DDDDDD	74	25	222	73.5	74.5	24.5	25.5	transparent
#DEDEDE	75	25	223	74.5	75.5	24.5	25.5	transparent
#DEDEDE	76	25	223	75.5	76.5	24.5	25.5	transparent
#DCDCDC	77	25	221	76.5	77.5	24.5	25.5	transparent
#DCDCDC	78	25	221	77.5	78.5	24.5	25.5	transparent
#D9D9D9	79	25	218	78.5	79.5	24.5	25.5	transparent
#CECECE	80	25	207	79.5	80.5	24.5	25.5	transparent
#CACACA	81	25	203	80.5	81.5	24.5	25.5	transparent
#CACACA	82	25	203	81.5	82.5	24.5	25.5	transparent
#CACACA	83	25	203	82.5	83.5	24.5	25.5	transparent
#CBCBCB	84	25	204	83.5	84.5	24.5	25.5	transparent
#CBCBCB	85	25	204	84.5	85.5	24.5	25.5	transparent
#CCCCCC	86	25	205	85.5	86.5	24.5	25.5	transparent
#C5C5C5	87	25	198	86.5	87.5	24.5	25.5	transparent
#BFBFBF	88	25	192	87.5	88.5	24.5	25.5	transparent
#B6B6B6	89	25	183	88.5	89.5	24.5	25.5	transparent
#ADADAD	90	25	174	89.5	90.5	24.5	25.5	transparent
#A9A9A9	91	25	170	90.5	91.5	24.5	25.5	transparent
#A7A7A7	92	25	168	91.5	92.5	24.5	25.5	transparent
#ACACAC	93	25	173	92.5	93.5	24.5	25.5	transparent
#ADADAD	94	25	174	93.5	94.5	24.5	25.5	transparent
#A3A3A3	95	25	164	94.5	95.5	24.5	25.5	transparent
#9C9C9C	96	25	157	95.5	96.5	24.5	25.5	transparent
#9F9F9F	97	25	160	96.5	97.5	24.5	25.5	transparent
#A0A0A0	98	25	161	97.5	98.5	24.5	25.5	transparent
#A3A3A3	99	25	164	98.5	99.5	24.5	25.5	transparent
#B0B0B0	100	25	177	99.5	100.5	24.5	25.5	transparent
#BDBDBD	101	25	190	100.5	101.5	24.5	25.5	transparent
#BEBEBE	102	25	191	101.5	102.5	24.5	25.5	transparent
#B9B9B9	103	25	186	102.5	103.5	24.5	25.5	transparent
#B5B5B5	104	25	182	103.5	104.5	24.5	25.5	transparent
#B3B3B3	105	25	180	104.5	105.5	24.5	25.5	transparent
#B0B0B0	106	25	177	105.5	106.5	24.5	25.5	transparent
#AEAEAE	107	25	175	106.5	107.5	24.5	25.5	transparent
#A7A7A7	108	25	168	107.5	108.5	24.5	25.5	transparent
#A0A0A0	109	25	161	108.5	109.5	24.5	25.5	transparent
#9C9C9C	110	25	157	109.5	110.5	24.5	25.5	transparent
#979797	111	25	152	110.5	111.5	24.5	25.5	transparent
#909090	112	25	145	111.5	112.5	24.5	25.5	transparent
#8D8D8D	113	25	142	112.5	113.5	24.5	25.5	transparent
#898989	114	25	138	113.5	114.5	24.5	25.5	transparent
#7A7A7A	115	25	123	114.5	115.5	24.5	25.5	transparent
#6B6B6B	116	25	108	115.5	116.5	24.5	25.5	transparent
#484848	117	25	73	116.5	117.5	24.5	25.5	transparent
#282828	118	25	41	117.5	118.5	24.5	25.5	transparent
#343434	119	25	53	118.5	119.5	24.5	25.5	transparent
#444444	120	25	69	119.5	120.5	24.5	25.5	transparent
#595959	121	25	90	120.5	121.5	24.5	25.5	transparent
#818181	122	25	130	121.5	122.5	24.5	25.5	transparent
#7E7E7E	123	25	127	122.5	123.5	24.5	25.5	transparent
#646464	124	25	101	123.5	124.5	24.5	25.5	transparent
#4B4B4B	125	25	76	124.5	125.5	24.5	25.5	transparent
#343434	126	25	53	125.5	126.5	24.5	25.5	transparent
#1E1E1E	127	25	31	126.5	127.5	24.5	25.5	transparent
#121212	128	25	19	127.5	128.5	24.5	25.5	transparent
#0B0B0B	129	25	12	128.5	129.5	24.5	25.5	transparent
#0D0D0D	130	25	14	129.5	130.5	24.5	25.5	transparent
#101010	131	25	17	130.5	131.5	24.5	25.5	transparent
#111111	132	25	18	131.5	132.5	24.5	25.5	transparent
#101010	133	25	17	132.5	133.5	24.5	25.5	transparent
#0D0D0D	134	25	14	133.5	134.5	24.5	25.5	transparent
#0C0C0C	135	25	13	134.5	135.5	24.5	25.5	transparent
#0B0B0B	136	25	12	135.5	136.5	24.5	25.5	transparent
#0C0C0C	137	25	13	136.5	137.5	24.5	25.5	transparent
#2B2B2B	138	25	44	137.5	138.5	24.5	25.5	transparent
#6F6F6F	139	25	112	138.5	139.5	24.5	25.5	transparent
#131313	0	24	20	-0.5	0.5	23.5	24.5	transparent
#131313	1	24	20	0.5	1.5	23.5	24.5	transparent
#131313	2	24	20	1.5	2.5	23.5	24.5	transparent
#131313	3	24	20	2.5	3.5	23.5	24.5	transparent
#131313	4	24	20	3.5	4.5	23.5	24.5	transparent
#131313	5	24	20	4.5	5.5	23.5	24.5	transparent
#131313	6	24	20	5.5	6.5	23.5	24.5	transparent
#131313	7	24	20	6.5	7.5	23.5	24.5	transparent
#131313	8	24	20	7.5	8.5	23.5	24.5	transparent
#131313	9	24	20	8.5	9.5	23.5	24.5	transparent
#121212	10	24	19	9.5	10.5	23.5	24.5	transparent
#121212	11	24	19	10.5	11.5	23.5	24.5	transparent
#101010	12	24	17	11.5	12.5	23.5	24.5	transparent
#0D0D0D	13	24	14	12.5	13.5	23.5	24.5	transparent
#0C0C0C	14	24	13	13.5	14.5	23.5	24.5	transparent
#0F0F0F	15	24	16	14.5	15.5	23.5	24.5	transparent
#1E1E1E	16	24	31	15.5	16.5	23.5	24.5	transparent
#393939	17	24	58	16.5	17.5	23.5	24.5	transparent
#585858	18	24	89	17.5	18.5	23.5	24.5	transparent
#646464	19	24	101	18.5	19.5	23.5	24.5	transparent
#484848	20	24	73	19.5	20.5	23.5	24.5	transparent
#303030	21	24	49	20.5	21.5	23.5	24.5	transparent
#1F1F1F	22	24	32	21.5	22.5	23.5	24.5	transparent
#141414	23	24	21	22.5	23.5	23.5	24.5	transparent
#383838	24	24	57	23.5	24.5	23.5	24.5	transparent
#515151	25	24	82	24.5	25.5	23.5	24.5	transparent
#5B5B5B	26	24	92	25.5	26.5	23.5	24.5	transparent
#666666	27	24	103	26.5	27.5	23.5	24.5	transparent
#727272	28	24	115	27.5	28.5	23.5	24.5	transparent
#7C7C7C	29	24	125	28.5	29.5	23.5	24.5	transparent
#858585	30	24	134	29.5	30.5	23.5	24.5	transparent
#8C8C8C	31	24	141	30.5	31.5	23.5	24.5	transparent
#929292	32	24	147	31.5	32.5	23.5	24.5	transparent
#979797	33	24	152	32.5	33.5	23.5	24.5	transparent
#979797	34	24	152	33.5	34.5	23.5	24.5	transparent
#9C9C9C	35	24	157	34.5	35.5	23.5	24.5	transparent
#A1A1A1	36	24	162	35.5	36.5	23.5	24.5	transparent
#A5A5A5	37	24	166	36.5	37.5	23.5	24.5	transparent
#A8A8A8	38	24	169	37.5	38.5	23.5	24.5	transparent
#ACACAC	39	24	173	38.5	39.5	23.5	24.5	transparent
#B0B0B0	40	24	177	39.5	40.5	23.5	24.5	transparent
#B4B4B4	41	24	181	40.5	41.5	23.5	24.5	transparent
#B8B8B8	42	24	185	41.5	42.5	23.5	24.5	transparent
#BABABA	43	24	187	42.5	43.5	23.5	24.5	transparent
#BCBCBC	44	24	189	43.5	44.5	23.5	24.5	transparent
#BEBEBE	45	24	191	44.5	45.5	23.5	24.5	transparent
#C1C1C1	46	24	194	45.5	46.5	23.5	24.5	transparent
#C2C2C2	47	24	195	46.5	47.5	23.5	24.5	transparent
#C3C3C3	48	24	196	47.5	48.5	23.5	24.5	transparent
#C5C5C5	49	24	198	48.5	49.5	23.5	24.5	transparent
#C5C5C5	50	24	198	49.5	50.5	23.5	24.5	transparent
#C6C6C6	51	24	199	50.5	51.5	23.5	24.5	transparent
#C8C8C8	52	24	201	51.5	52.5	23.5	24.5	transparent
#CBCBCB	53	24	204	52.5	53.5	23.5	24.5	transparent
#CCCCCC	54	24	205	53.5	54.5	23.5	24.5	transparent
#CCCCCC	55	24	205	54.5	55.5	23.5	24.5	transparent
#CCCCCC	56	24	205	55.5	56.5	23.5	24.5	transparent
#CCCCCC	57	24	205	56.5	57.5	23.5	24.5	transparent
#CACACA	58	24	203	57.5	58.5	23.5	24.5	transparent
#C8C8C8	59	24	201	58.5	59.5	23.5	24.5	transparent
#C9C9C9	60	24	202	59.5	60.5	23.5	24.5	transparent
#C9C9C9	61	24	202	60.5	61.5	23.5	24.5	transparent
#CBCBCB	62	24	204	61.5	62.5	23.5	24.5	transparent
#D0D0D0	63	24	209	62.5	63.5	23.5	24.5	transparent
#D8D8D8	64	24	217	63.5	64.5	23.5	24.5	transparent
#DADADA	65	24	219	64.5	65.5	23.5	24.5	transparent
#DADADA	66	24	219	65.5	66.5	23.5	24.5	transparent
#DCDCDC	67	24	221	66.5	67.5	23.5	24.5	transparent
#DEDEDE	68	24	223	67.5	68.5	23.5	24.5	transparent
#DFDFDF	69	24	224	68.5	69.5	23.5	24.5	transparent
#E0E0E0	70	24	225	69.5	70.5	23.5	24.5	transparent
#DFDFDF	71	24	224	70.5	71.5	23.5	24.5	transparent
#DEDEDE	72	24	223	71.5	72.5	23.5	24.5	transparent
#E0E0E0	73	24	225	72.5	73.5	23.5	24.5	transparent
#E0E0E0	74	24	225	73.5	74.5	23.5	24.5	transparent
#E0E0E0	75	24	225	74.5	75.5	23.5	24.5	transparent
#E1E1E1	76	24	226	75.5	76.5	23.5	24.5	transparent
#DFDFDF	77	24	224	76.5	77.5	23.5	24.5	transparent
#DEDEDE	78	24	223	77.5	78.5	23.5	24.5	transparent
#DBDBDB	79	24	220	78.5	79.5	23.5	24.5	transparent
#D3D3D3	80	24	212	79.5	80.5	23.5	24.5	transparent
#CDCDCD	81	24	206	80.5	81.5	23.5	24.5	transparent
#CDCDCD	82	24	206	81.5	82.5	23.5	24.5	transparent
#CECECE	83	24	207	82.5	83.5	23.5	24.5	transparent
#CDCDCD	84	24	206	83.5	84.5	23.5	24.5	transparent
#CDCDCD	85	24	206	84.5	85.5	23.5	24.5	transparent
#CECECE	86	24	207	85.5	86.5	23.5	24.5	transparent
#CCCCCC	87	24	205	86.5	87.5	23.5	24.5	transparent
#C7C7C7	88	24	200	87.5	88.5	23.5	24.5	transparent
#C8C8C8	89	24	201	88.5	89.5	23.5	24.5	transparent
#C8C8C8	90	24	201	89.5	90.5	23.5	24.5	transparent
#C5C5C5	91	24	198	90.5	91.5	23.5	24.5	transparent
#C3C3C3	92	24	196	91.5	92.5	23.5	24.5	transparent
#C4C4C4	93	24	197	92.5	93.5	23.5	24.5	transparent
#C1C1C1	94	24	194	93.5	94.5	23.5	24.5	transparent
#B9B9B9	95	24	186	94.5	95.5	23.5	24.5	transparent
#B4B4B4	96	24	181	95.5	96.5	23.5	24.5	transparent
#B3B3B3	97	24	180	96.5	97.5	23.5	24.5	transparent
#B4B4B4	98	24	181	97.5	98.5	23.5	24.5	transparent
#B0B0B0	99	24	177	98.5	99.5	23.5	24.5	transparent
#B3B3B3	100	24	180	99.5	100.5	23.5	24.5	transparent
#C0C0C0	101	24	193	100.5	101.5	23.5	24.5	transparent
#C0C0C0	102	24	193	101.5	102.5	23.5	24.5	transparent
#BDBDBD	103	24	190	102.5	103.5	23.5	24.5	transparent
#B8B8B8	104	24	185	103.5	104.5	23.5	24.5	transparent
#B8B8B8	105	24	185	104.5	105.5	23.5	24.5	transparent
#B6B6B6	106	24	183	105.5	106.5	23.5	24.5	transparent
#B4B4B4	107	24	181	106.5	107.5	23.5	24.5	transparent
#AEAEAE	108	24	175	107.5	108.5	23.5	24.5	transparent
#A7A7A7	109	24	168	108.5	109.5	23.5	24.5	transparent
#A3A3A3	110	24	164	109.5	110.5	23.5	24.5	transparent
#9E9E9E	111	24	159	110.5	111.5	23.5	24.5	transparent
#9A9A9A	112	24	155	111.5	112.5	23.5	24.5	transparent
#959595	113	24	150	112.5	113.5	23.5	24.5	transparent
#909090	114	24	145	113.5	114.5	23.5	24.5	transparent
#838383	115	24	132	114.5	115.5	23.5	24.5	transparent
#777777	116	24	120	115.5	116.5	23.5	24.5	transparent
#626262	117	24	99	116.5	117.5	23.5	24.5	transparent
#343434	118	24	53	117.5	118.5	23.5	24.5	transparent
#353535	119	24	54	118.5	119.5	23.5	24.5	transparent
#454545	120	24	70	119.5	120.5	23.5	24.5	transparent
#5B5B5B	121	24	92	120.5	121.5	23.5	24.5	transparent
#7C7C7C	122	24	125	121.5	122.5	23.5	24.5	transparent
#7A7A7A	123	24	123	122.5	123.5	23.5	24.5	transparent
#616161	124	24	98	123.5	124.5	23.5	24.5	transparent
#464646	125	24	71	124.5	125.5	23.5	24.5	transparent
#303030	126	24	49	125.5	126.5	23.5	24.5	transparent
#1C1C1C	127	24	29	126.5	127.5	23.5	24.5	transparent
#111111	128	24	18	127.5	128.5	23.5	24.5	transparent
#0B0B0B	129	24	12	128.5	129.5	23.5	24.5	transparent
#0D0D0D	130	24	14	129.5	130.5	23.5	24.5	transparent
#111111	131	24	18	130.5	131.5	23.5	24.5	transparent
#111111	132	24	18	131.5	132.5	23.5	24.5	transparent
#101010	133	24	17	132.5	133.5	23.5	24.5	transparent
#0D0D0D	134	24	14	133.5	134.5	23.5	24.5	transparent
#0B0B0B	135	24	12	134.5	135.5	23.5	24.5	transparent
#0B0B0B	136	24	12	135.5	136.5	23.5	24.5	transparent
#0B0B0B	137	24	12	136.5	137.5	23.5	24.5	transparent
#2B2B2B	138	24	44	137.5	138.5	23.5	24.5	transparent
#707070	139	24	113	138.5	139.5	23.5	24.5	transparent
#131313	0	23	20	-0.5	0.5	22.5	23.5	transparent
#131313	1	23	20	0.5	1.5	22.5	23.5	transparent
#131313	2	23	20	1.5	2.5	22.5	23.5	transparent
#131313	3	23	20	2.5	3.5	22.5	23.5	transparent
#131313	4	23	20	3.5	4.5	22.5	23.5	transparent
#131313	5	23	20	4.5	5.5	22.5	23.5	transparent
#131313	6	23	20	5.5	6.5	22.5	23.5	transparent
#131313	7	23	20	6.5	7.5	22.5	23.5	transparent
#131313	8	23	20	7.5	8.5	22.5	23.5	transparent
#131313	9	23	20	8.5	9.5	22.5	23.5	transparent
#131313	10	23	20	9.5	10.5	22.5	23.5	transparent
#121212	11	23	19	10.5	11.5	22.5	23.5	transparent
#101010	12	23	17	11.5	12.5	22.5	23.5	transparent
#0E0E0E	13	23	15	12.5	13.5	22.5	23.5	transparent
#0C0C0C	14	23	13	13.5	14.5	22.5	23.5	transparent
#0F0F0F	15	23	16	14.5	15.5	22.5	23.5	transparent
#1B1B1B	16	23	28	15.5	16.5	22.5	23.5	transparent
#343434	17	23	53	16.5	17.5	22.5	23.5	transparent
#535353	18	23	84	17.5	18.5	22.5	23.5	transparent
#626262	19	23	99	18.5	19.5	22.5	23.5	transparent
#4D4D4D	20	23	78	19.5	20.5	22.5	23.5	transparent
#313131	21	23	50	20.5	21.5	22.5	23.5	transparent
#212121	22	23	34	21.5	22.5	22.5	23.5	transparent
#222222	23	23	35	22.5	23.5	22.5	23.5	transparent
#4E4E4E	24	23	79	23.5	24.5	22.5	23.5	transparent
#606060	25	23	97	24.5	25.5	22.5	23.5	transparent
#666666	26	23	103	25.5	26.5	22.5	23.5	transparent
#707070	27	23	113	26.5	27.5	22.5	23.5	transparent
#7C7C7C	28	23	125	27.5	28.5	22.5	23.5	transparent
#838383	29	23	132	28.5	29.5	22.5	23.5	transparent
#888888	30	23	137	29.5	30.5	22.5	23.5	transparent
#8E8E8E	31	23	143	30.5	31.5	22.5	23.5	transparent
#929292	32	23	147	31.5	32.5	22.5	23.5	transparent
#949494	33	23	149	32.5	33.5	22.5	23.5	transparent
#989898	34	23	153	33.5	34.5	22.5	23.5	transparent
#9F9F9F	35	23	160	34.5	35.5	22.5	23.5	transparent
#A4A4A4	36	23	165	35.5	36.5	22.5	23.5	transparent
#A9A9A9	37	23	170	36.5	37.5	22.5	23.5	transparent
#ACACAC	38	23	173	37.5	38.5	22.5	23.5	transparent
#AFAFAF	39	23	176	38.5	39.5	22.5	23.5	transparent
#B4B4B4	40	23	181	39.5	40.5	22.5	23.5	transparent
#B7B7B7	41	23	184	40.5	41.5	22.5	23.5	transparent
#BABABA	42	23	187	41.5	42.5	22.5	23.5	transparent
#BDBDBD	43	23	190	42.5	43.5	22.5	23.5	transparent
#BFBFBF	44	23	192	43.5	44.5	22.5	23.5	transparent
#C1C1C1	45	23	194	44.5	45.5	22.5	23.5	transparent
#C3C3C3	46	23	196	45.5	46.5	22.5	23.5	transparent
#C3C3C3	47	23	196	46.5	47.5	22.5	23.5	transparent
#C5C5C5	48	23	198	47.5	48.5	22.5	23.5	transparent
#C6C6C6	49	23	199	48.5	49.5	22.5	23.5	transparent
#C6C6C6	50	23	199	49.5	50.5	22.5	23.5	transparent
#C9C9C9	51	23	202	50.5	51.5	22.5	23.5	transparent
#CCCCCC	52	23	205	51.5	52.5	22.5	23.5	transparent
#CDCDCD	53	23	206	52.5	53.5	22.5	23.5	transparent
#CECECE	54	23	207	53.5	54.5	22.5	23.5	transparent
#CDCDCD	55	23	206	54.5	55.5	22.5	23.5	transparent
#CCCCCC	56	23	205	55.5	56.5	22.5	23.5	transparent
#CBCBCB	57	23	204	56.5	57.5	22.5	23.5	transparent
#CBCBCB	58	23	204	57.5	58.5	22.5	23.5	transparent
#CBCBCB	59	23	204	58.5	59.5	22.5	23.5	transparent
#CACACA	60	23	203	59.5	60.5	22.5	23.5	transparent
#CBCBCB	61	23	204	60.5	61.5	22.5	23.5	transparent
#CDCDCD	62	23	206	61.5	62.5	22.5	23.5	transparent
#D3D3D3	63	23	212	62.5	63.5	22.5	23.5	transparent
#D9D9D9	64	23	218	63.5	64.5	22.5	23.5	transparent
#DBDBDB	65	23	220	64.5	65.5	22.5	23.5	transparent
#DEDEDE	66	23	223	65.5	66.5	22.5	23.5	transparent
#DEDEDE	67	23	223	66.5	67.5	22.5	23.5	transparent
#DEDEDE	68	23	223	67.5	68.5	22.5	23.5	transparent
#DFDFDF	69	23	224	68.5	69.5	22.5	23.5	transparent
#E0E0E0	70	23	225	69.5	70.5	22.5	23.5	transparent
#DFDFDF	71	23	224	70.5	71.5	22.5	23.5	transparent
#DEDEDE	72	23	223	71.5	72.5	22.5	23.5	transparent
#DFDFDF	73	23	224	72.5	73.5	22.5	23.5	transparent
#DFDFDF	74	23	224	73.5	74.5	22.5	23.5	transparent
#DEDEDE	75	23	223	74.5	75.5	22.5	23.5	transparent
#DFDFDF	76	23	224	75.5	76.5	22.5	23.5	transparent
#DFDFDF	77	23	224	76.5	77.5	22.5	23.5	transparent
#DCDCDC	78	23	221	77.5	78.5	22.5	23.5	transparent
#DADADA	79	23	219	78.5	79.5	22.5	23.5	transparent
#D7D7D7	80	23	216	79.5	80.5	22.5	23.5	transparent
#D1D1D1	81	23	210	80.5	81.5	22.5	23.5	transparent
#CECECE	82	23	207	81.5	82.5	22.5	23.5	transparent
#CFCFCF	83	23	208	82.5	83.5	22.5	23.5	transparent
#D0D0D0	84	23	209	83.5	84.5	22.5	23.5	transparent
#D0D0D0	85	23	209	84.5	85.5	22.5	23.5	transparent
#CFCFCF	86	23	208	85.5	86.5	22.5	23.5	transparent
#D1D1D1	87	23	210	86.5	87.5	22.5	23.5	transparent
#D2D2D2	88	23	211	87.5	88.5	22.5	23.5	transparent
#D1D1D1	89	23	210	88.5	89.5	22.5	23.5	transparent
#D2D2D2	90	23	211	89.5	90.5	22.5	23.5	transparent
#D2D2D2	91	23	211	90.5	91.5	22.5	23.5	transparent
#CECECE	92	23	207	91.5	92.5	22.5	23.5	transparent
#CBCBCB	93	23	204	92.5	93.5	22.5	23.5	transparent
#CACACA	94	23	203	93.5	94.5	22.5	23.5	transparent
#CBCBCB	95	23	204	94.5	95.5	22.5	23.5	transparent
#C8C8C8	96	23	201	95.5	96.5	22.5	23.5	transparent
#C3C3C3	97	23	196	96.5	97.5	22.5	23.5	transparent
#C0C0C0	98	23	193	97.5	98.5	22.5	23.5	transparent
#BCBCBC	99	23	189	98.5	99.5	22.5	23.5	transparent
#BCBCBC	100	23	189	99.5	100.5	22.5	23.5	transparent
#C2C2C2	101	23	195	100.5	101.5	22.5	23.5	transparent
#C4C4C4	102	23	197	101.5	102.5	22.5	23.5	transparent
#C0C0C0	103	23	193	102.5	103.5	22.5	23.5	transparent
#BCBCBC	104	23	189	103.5	104.5	22.5	23.5	transparent
#BEBEBE	105	23	191	104.5	105.5	22.5	23.5	transparent
#BEBEBE	106	23	191	105.5	106.5	22.5	23.5	transparent
#BABABA	107	23	187	106.5	107.5	22.5	23.5	transparent
#B4B4B4	108	23	181	107.5	108.5	22.5	23.5	transparent
#ADADAD	109	23	174	108.5	109.5	22.5	23.5	transparent
#A7A7A7	110	23	168	109.5	110.5	22.5	23.5	transparent
#A3A3A3	111	23	164	110.5	111.5	22.5	23.5	transparent
#A1A1A1	112	23	162	111.5	112.5	22.5	23.5	transparent
#9C9C9C	113	23	157	112.5	113.5	22.5	23.5	transparent
#939393	114	23	148	113.5	114.5	22.5	23.5	transparent
#8A8A8A	115	23	139	114.5	115.5	22.5	23.5	transparent
#7E7E7E	116	23	127	115.5	116.5	22.5	23.5	transparent
#6F6F6F	117	23	112	116.5	117.5	22.5	23.5	transparent
#4C4C4C	118	23	77	117.5	118.5	22.5	23.5	transparent
#373737	119	23	56	118.5	119.5	22.5	23.5	transparent
#474747	120	23	72	119.5	120.5	22.5	23.5	transparent
#5D5D5D	121	23	94	120.5	121.5	22.5	23.5	transparent
#7A7A7A	122	23	123	121.5	122.5	22.5	23.5	transparent
#787878	123	23	121	122.5	123.5	22.5	23.5	transparent
#5F5F5F	124	23	96	123.5	124.5	22.5	23.5	transparent
#434343	125	23	68	124.5	125.5	22.5	23.5	transparent
#2C2C2C	126	23	45	125.5	126.5	22.5	23.5	transparent
#1A1A1A	127	23	27	126.5	127.5	22.5	23.5	transparent
#101010	128	23	17	127.5	128.5	22.5	23.5	transparent
#0B0B0B	129	23	12	128.5	129.5	22.5	23.5	transparent
#0E0E0E	130	23	15	129.5	130.5	22.5	23.5	transparent
#111111	131	23	18	130.5	131.5	22.5	23.5	transparent
#121212	132	23	19	131.5	132.5	22.5	23.5	transparent
#111111	133	23	18	132.5	133.5	22.5	23.5	transparent
#0D0D0D	134	23	14	133.5	134.5	22.5	23.5	transparent
#0B0B0B	135	23	12	134.5	135.5	22.5	23.5	transparent
#0B0B0B	136	23	12	135.5	136.5	22.5	23.5	transparent
#0B0B0B	137	23	12	136.5	137.5	22.5	23.5	transparent
#2B2B2B	138	23	44	137.5	138.5	22.5	23.5	transparent
#717171	139	23	114	138.5	139.5	22.5	23.5	transparent
#131313	0	22	20	-0.5	0.5	21.5	22.5	transparent
#131313	1	22	20	0.5	1.5	21.5	22.5	transparent
#131313	2	22	20	1.5	2.5	21.5	22.5	transparent
#131313	3	22	20	2.5	3.5	21.5	22.5	transparent
#131313	4	22	20	3.5	4.5	21.5	22.5	transparent
#131313	5	22	20	4.5	5.5	21.5	22.5	transparent
#131313	6	22	20	5.5	6.5	21.5	22.5	transparent
#131313	7	22	20	6.5	7.5	21.5	22.5	transparent
#131313	8	22	20	7.5	8.5	21.5	22.5	transparent
#131313	9	22	20	8.5	9.5	21.5	22.5	transparent
#131313	10	22	20	9.5	10.5	21.5	22.5	transparent
#121212	11	22	19	10.5	11.5	21.5	22.5	transparent
#111111	12	22	18	11.5	12.5	21.5	22.5	transparent
#0E0E0E	13	22	15	12.5	13.5	21.5	22.5	transparent
#0C0C0C	14	22	13	13.5	14.5	21.5	22.5	transparent
#0E0E0E	15	22	15	14.5	15.5	21.5	22.5	transparent
#171717	16	22	24	15.5	16.5	21.5	22.5	transparent
#2D2D2D	17	22	46	16.5	17.5	21.5	22.5	transparent
#4D4D4D	18	22	78	17.5	18.5	21.5	22.5	transparent
#5F5F5F	19	22	96	18.5	19.5	21.5	22.5	transparent
#525252	20	22	83	19.5	20.5	21.5	22.5	transparent
#333333	21	22	52	20.5	21.5	21.5	22.5	transparent
#232323	22	22	36	21.5	22.5	21.5	22.5	transparent
#393939	23	22	58	22.5	23.5	21.5	22.5	transparent
#5C5C5C	24	22	93	23.5	24.5	21.5	22.5	transparent
#686868	25	22	105	24.5	25.5	21.5	22.5	transparent
#707070	26	22	113	25.5	26.5	21.5	22.5	transparent
#787878	27	22	121	26.5	27.5	21.5	22.5	transparent
#7F7F7F	28	22	128	27.5	28.5	21.5	22.5	transparent
#858585	29	22	134	28.5	29.5	21.5	22.5	transparent
#8A8A8A	30	22	139	29.5	30.5	21.5	22.5	transparent
#909090	31	22	145	30.5	31.5	21.5	22.5	transparent
#929292	32	22	147	31.5	32.5	21.5	22.5	transparent
#949494	33	22	149	32.5	33.5	21.5	22.5	transparent
#9A9A9A	34	22	155	33.5	34.5	21.5	22.5	transparent
#A1A1A1	35	22	162	34.5	35.5	21.5	22.5	transparent
#A6A6A6	36	22	167	35.5	36.5	21.5	22.5	transparent
#AAAAAA	37	22	171	36.5	37.5	21.5	22.5	transparent
#AEAEAE	38	22	175	37.5	38.5	21.5	22.5	transparent
#B3B3B3	39	22	180	38.5	39.5	21.5	22.5	transparent
#B7B7B7	40	22	184	39.5	40.5	21.5	22.5	transparent
#BABABA	41	22	187	40.5	41.5	21.5	22.5	transparent
#BEBEBE	42	22	191	41.5	42.5	21.5	22.5	transparent
#C1C1C1	43	22	194	42.5	43.5	21.5	22.5	transparent
#C3C3C3	44	22	196	43.5	44.5	21.5	22.5	transparent
#C3C3C3	45	22	196	44.5	45.5	21.5	22.5	transparent
#C4C4C4	46	22	197	45.5	46.5	21.5	22.5	transparent
#C4C4C4	47	22	197	46.5	47.5	21.5	22.5	transparent
#C6C6C6	48	22	199	47.5	48.5	21.5	22.5	transparent
#C8C8C8	49	22	201	48.5	49.5	21.5	22.5	transparent
#CACACA	50	22	203	49.5	50.5	21.5	22.5	transparent
#CDCDCD	51	22	206	50.5	51.5	21.5	22.5	transparent
#CDCDCD	52	22	206	51.5	52.5	21.5	22.5	transparent
#CDCDCD	53	22	206	52.5	53.5	21.5	22.5	transparent
#CFCFCF	54	22	208	53.5	54.5	21.5	22.5	transparent
#D0D0D0	55	22	209	54.5	55.5	21.5	22.5	transparent
#CECECE	56	22	207	55.5	56.5	21.5	22.5	transparent
#CECECE	57	22	207	56.5	57.5	21.5	22.5	transparent
#CECECE	58	22	207	57.5	58.5	21.5	22.5	transparent
#CECECE	59	22	207	58.5	59.5	21.5	22.5	transparent
#CCCCCC	60	22	205	59.5	60.5	21.5	22.5	transparent
#CECECE	61	22	207	60.5	61.5	21.5	22.5	transparent
#D0D0D0	62	22	209	61.5	62.5	21.5	22.5	transparent
#D5D5D5	63	22	214	62.5	63.5	21.5	22.5	transparent
#D8D8D8	64	22	217	63.5	64.5	21.5	22.5	transparent
#DCDCDC	65	22	221	64.5	65.5	21.5	22.5	transparent
#DFDFDF	66	22	224	65.5	66.5	21.5	22.5	transparent
#DFDFDF	67	22	224	66.5	67.5	21.5	22.5	transparent
#DFDFDF	68	22	224	67.5	68.5	21.5	22.5	transparent
#DEDEDE	69	22	223	68.5	69.5	21.5	22.5	transparent
#DDDDDD	70	22	222	69.5	70.5	21.5	22.5	transparent
#E0E0E0	71	22	225	70.5	71.5	21.5	22.5	transparent
#E0E0E0	72	22	225	71.5	72.5	21.5	22.5	transparent
#DEDEDE	73	22	223	72.5	73.5	21.5	22.5	transparent
#DFDFDF	74	22	224	73.5	74.5	21.5	22.5	transparent
#DFDFDF	75	22	224	74.5	75.5	21.5	22.5	transparent
#E0E0E0	76	22	225	75.5	76.5	21.5	22.5	transparent
#E0E0E0	77	22	225	76.5	77.5	21.5	22.5	transparent
#DEDEDE	78	22	223	77.5	78.5	21.5	22.5	transparent
#DBDBDB	79	22	220	78.5	79.5	21.5	22.5	transparent
#DBDBDB	80	22	220	79.5	80.5	21.5	22.5	transparent
#D6D6D6	81	22	215	80.5	81.5	21.5	22.5	transparent
#D1D1D1	82	22	210	81.5	82.5	21.5	22.5	transparent
#D1D1D1	83	22	210	82.5	83.5	21.5	22.5	transparent
#D3D3D3	84	22	212	83.5	84.5	21.5	22.5	transparent
#D3D3D3	85	22	212	84.5	85.5	21.5	22.5	transparent
#D3D3D3	86	22	212	85.5	86.5	21.5	22.5	transparent
#D1D1D1	87	22	210	86.5	87.5	21.5	22.5	transparent
#D3D3D3	88	22	212	87.5	88.5	21.5	22.5	transparent
#D3D3D3	89	22	212	88.5	89.5	21.5	22.5	transparent
#D5D5D5	90	22	214	89.5	90.5	21.5	22.5	transparent
#D4D4D4	91	22	213	90.5	91.5	21.5	22.5	transparent
#D3D3D3	92	22	212	91.5	92.5	21.5	22.5	transparent
#D1D1D1	93	22	210	92.5	93.5	21.5	22.5	transparent
#CFCFCF	94	22	208	93.5	94.5	21.5	22.5	transparent
#CECECE	95	22	207	94.5	95.5	21.5	22.5	transparent
#CCCCCC	96	22	205	95.5	96.5	21.5	22.5	transparent
#CBCBCB	97	22	204	96.5	97.5	21.5	22.5	transparent
#C8C8C8	98	22	201	97.5	98.5	21.5	22.5	transparent
#C5C5C5	99	22	198	98.5	99.5	21.5	22.5	transparent
#C4C4C4	100	22	197	99.5	100.5	21.5	22.5	transparent
#C7C7C7	101	22	200	100.5	101.5	21.5	22.5	transparent
#C7C7C7	102	22	200	101.5	102.5	21.5	22.5	transparent
#C3C3C3	103	22	196	102.5	103.5	21.5	22.5	transparent
#C1C1C1	104	22	194	103.5	104.5	21.5	22.5	transparent
#C4C4C4	105	22	197	104.5	105.5	21.5	22.5	transparent
#C5C5C5	106	22	198	105.5	106.5	21.5	22.5	transparent
#BFBFBF	107	22	192	106.5	107.5	21.5	22.5	transparent
#B8B8B8	108	22	185	107.5	108.5	21.5	22.5	transparent
#B2B2B2	109	22	179	108.5	109.5	21.5	22.5	transparent
#ACACAC	110	22	173	109.5	110.5	21.5	22.5	transparent
#AAAAAA	111	22	171	110.5	111.5	21.5	22.5	transparent
#A7A7A7	112	22	168	111.5	112.5	21.5	22.5	transparent
#A2A2A2	113	22	163	112.5	113.5	21.5	22.5	transparent
#989898	114	22	153	113.5	114.5	21.5	22.5	transparent
#8F8F8F	115	22	144	114.5	115.5	21.5	22.5	transparent
#828282	116	22	131	115.5	116.5	21.5	22.5	transparent
#767676	117	22	119	116.5	117.5	21.5	22.5	transparent
#656565	118	22	102	117.5	118.5	21.5	22.5	transparent
#414141	119	22	66	118.5	119.5	21.5	22.5	transparent
#474747	120	22	72	119.5	120.5	21.5	22.5	transparent
#5C5C5C	121	22	93	120.5	121.5	21.5	22.5	transparent
#7A7A7A	122	22	123	121.5	122.5	21.5	22.5	transparent
#737373	123	22	116	122.5	123.5	21.5	22.5	transparent
#5A5A5A	124	22	91	123.5	124.5	21.5	22.5	transparent
#404040	125	22	65	124.5	125.5	21.5	22.5	transparent
#292929	126	22	42	125.5	126.5	21.5	22.5	transparent
#181818	127	22	25	126.5	127.5	21.5	22.5	transparent
#0E0E0E	128	22	15	127.5	128.5	21.5	22.5	transparent
#0B0B0B	129	22	12	128.5	129.5	21.5	22.5	transparent
#0F0F0F	130	22	16	129.5	130.5	21.5	22.5	transparent
#121212	131	22	19	130.5	131.5	21.5	22.5	transparent
#121212	132	22	19	131.5	132.5	21.5	22.5	transparent
#111111	133	22	18	132.5	133.5	21.5	22.5	transparent
#0D0D0D	134	22	14	133.5	134.5	21.5	22.5	transparent
#0B0B0B	135	22	12	134.5	135.5	21.5	22.5	transparent
#0B0B0B	136	22	12	135.5	136.5	21.5	22.5	transparent
#0B0B0B	137	22	12	136.5	137.5	21.5	22.5	transparent
#2D2D2D	138	22	46	137.5	138.5	21.5	22.5	transparent
#747474	139	22	117	138.5	139.5	21.5	22.5	transparent
#131313	0	21	20	-0.5	0.5	20.5	21.5	transparent
#131313	1	21	20	0.5	1.5	20.5	21.5	transparent
#131313	2	21	20	1.5	2.5	20.5	21.5	transparent
#131313	3	21	20	2.5	3.5	20.5	21.5	transparent
#131313	4	21	20	3.5	4.5	20.5	21.5	transparent
#131313	5	21	20	4.5	5.5	20.5	21.5	transparent
#131313	6	21	20	5.5	6.5	20.5	21.5	transparent
#131313	7	21	20	6.5	7.5	20.5	21.5	transparent
#131313	8	21	20	7.5	8.5	20.5	21.5	transparent
#131313	9	21	20	8.5	9.5	20.5	21.5	transparent
#131313	10	21	20	9.5	10.5	20.5	21.5	transparent
#121212	11	21	19	10.5	11.5	20.5	21.5	transparent
#111111	12	21	18	11.5	12.5	20.5	21.5	transparent
#0E0E0E	13	21	15	12.5	13.5	20.5	21.5	transparent
#0C0C0C	14	21	13	13.5	14.5	20.5	21.5	transparent
#0C0C0C	15	21	13	14.5	15.5	20.5	21.5	transparent
#141414	16	21	21	15.5	16.5	20.5	21.5	transparent
#282828	17	21	41	16.5	17.5	20.5	21.5	transparent
#464646	18	21	71	17.5	18.5	20.5	21.5	transparent
#5D5D5D	19	21	94	18.5	19.5	20.5	21.5	transparent
#595959	20	21	90	19.5	20.5	20.5	21.5	transparent
#363636	21	21	55	20.5	21.5	20.5	21.5	transparent
#303030	22	21	49	21.5	22.5	20.5	21.5	transparent
#4F4F4F	23	21	80	22.5	23.5	20.5	21.5	transparent
#606060	24	21	97	23.5	24.5	20.5	21.5	transparent
#6C6C6C	25	21	109	24.5	25.5	20.5	21.5	transparent
#767676	26	21	119	25.5	26.5	20.5	21.5	transparent
#7E7E7E	27	21	127	26.5	27.5	20.5	21.5	transparent
#828282	28	21	131	27.5	28.5	20.5	21.5	transparent
#888888	29	21	137	28.5	29.5	20.5	21.5	transparent
#8C8C8C	30	21	141	29.5	30.5	20.5	21.5	transparent
#919191	31	21	146	30.5	31.5	20.5	21.5	transparent
#929292	32	21	147	31.5	32.5	20.5	21.5	transparent
#979797	33	21	152	32.5	33.5	20.5	21.5	transparent
#9D9D9D	34	21	158	33.5	34.5	20.5	21.5	transparent
#A2A2A2	35	21	163	34.5	35.5	20.5	21.5	transparent
#A8A8A8	36	21	169	35.5	36.5	20.5	21.5	transparent
#ACACAC	37	21	173	36.5	37.5	20.5	21.5	transparent
#B1B1B1	38	21	178	37.5	38.5	20.5	21.5	transparent
#B6B6B6	39	21	183	38.5	39.5	20.5	21.5	transparent
#B8B8B8	40	21	185	39.5	40.5	20.5	21.5	transparent
#BCBCBC	41	21	189	40.5	41.5	20.5	21.5	transparent
#C0C0C0	42	21	193	41.5	42.5	20.5	21.5	transparent
#C2C2C2	43	21	195	42.5	43.5	20.5	21.5	transparent
#C4C4C4	44	21	197	43.5	44.5	20.5	21.5	transparent
#C4C4C4	45	21	197	44.5	45.5	20.5	21.5	transparent
#C5C5C5	46	21	198	45.5	46.5	20.5	21.5	transparent
#C5C5C5	47	21	198	46.5	47.5	20.5	21.5	transparent
#C6C6C6	48	21	199	47.5	48.5	20.5	21.5	transparent
#CBCBCB	49	21	204	48.5	49.5	20.5	21.5	transparent
#CCCCCC	50	21	205	49.5	50.5	20.5	21.5	transparent
#CDCDCD	51	21	206	50.5	51.5	20.5	21.5	transparent
#CECECE	52	21	207	51.5	52.5	20.5	21.5	transparent
#CFCFCF	53	21	208	52.5	53.5	20.5	21.5	transparent
#CFCFCF	54	21	208	53.5	54.5	20.5	21.5	transparent
#CFCFCF	55	21	208	54.5	55.5	20.5	21.5	transparent
#CFCFCF	56	21	208	55.5	56.5	20.5	21.5	transparent
#D0D0D0	57	21	209	56.5	57.5	20.5	21.5	transparent
#CFCFCF	58	21	208	57.5	58.5	20.5	21.5	transparent
#CFCFCF	59	21	208	58.5	59.5	20.5	21.5	transparent
#CECECE	60	21	207	59.5	60.5	20.5	21.5	transparent
#D1D1D1	61	21	210	60.5	61.5	20.5	21.5	transparent
#D3D3D3	62	21	212	61.5	62.5	20.5	21.5	transparent
#D6D6D6	63	21	215	62.5	63.5	20.5	21.5	transparent
#DBDBDB	64	21	220	63.5	64.5	20.5	21.5	transparent
#E2E2E2	65	21	227	64.5	65.5	20.5	21.5	transparent
#E4E4E4	66	21	229	65.5	66.5	20.5	21.5	transparent
#E3E3E3	67	21	228	66.5	67.5	20.5	21.5	transparent
#E3E3E3	68	21	228	67.5	68.5	20.5	21.5	transparent
#E1E1E1	69	21	226	68.5	69.5	20.5	21.5	transparent
#E0E0E0	70	21	225	69.5	70.5	20.5	21.5	transparent
#E0E0E0	71	21	225	70.5	71.5	20.5	21.5	transparent
#E1E1E1	72	21	226	71.5	72.5	20.5	21.5	transparent
#E1E1E1	73	21	226	72.5	73.5	20.5	21.5	transparent
#E2E2E2	74	21	227	73.5	74.5	20.5	21.5	transparent
#E4E4E4	75	21	229	74.5	75.5	20.5	21.5	transparent
#E5E5E5	76	21	230	75.5	76.5	20.5	21.5	transparent
#E5E5E5	77	21	230	76.5	77.5	20.5	21.5	transparent
#E4E4E4	78	21	229	77.5	78.5	20.5	21.5	transparent
#E0E0E0	79	21	225	78.5	79.5	20.5	21.5	transparent
#DCDCDC	80	21	221	79.5	80.5	20.5	21.5	transparent
#DADADA	81	21	219	80.5	81.5	20.5	21.5	transparent
#D5D5D5	82	21	214	81.5	82.5	20.5	21.5	transparent
#D4D4D4	83	21	213	82.5	83.5	20.5	21.5	transparent
#D4D4D4	84	21	213	83.5	84.5	20.5	21.5	transparent
#D5D5D5	85	21	214	84.5	85.5	20.5	21.5	transparent
#D6D6D6	86	21	215	85.5	86.5	20.5	21.5	transparent
#D4D4D4	87	21	213	86.5	87.5	20.5	21.5	transparent
#D3D3D3	88	21	212	87.5	88.5	20.5	21.5	transparent
#D5D5D5	89	21	214	88.5	89.5	20.5	21.5	transparent
#D5D5D5	90	21	214	89.5	90.5	20.5	21.5	transparent
#D6D6D6	91	21	215	90.5	91.5	20.5	21.5	transparent
#D5D5D5	92	21	214	91.5	92.5	20.5	21.5	transparent
#D4D4D4	93	21	213	92.5	93.5	20.5	21.5	transparent
#D1D1D1	94	21	210	93.5	94.5	20.5	21.5	transparent
#CECECE	95	21	207	94.5	95.5	20.5	21.5	transparent
#CDCDCD	96	21	206	95.5	96.5	20.5	21.5	transparent
#CCCCCC	97	21	205	96.5	97.5	20.5	21.5	transparent
#CACACA	98	21	203	97.5	98.5	20.5	21.5	transparent
#C8C8C8	99	21	201	98.5	99.5	20.5	21.5	transparent
#C6C6C6	100	21	199	99.5	100.5	20.5	21.5	transparent
#C6C6C6	101	21	199	100.5	101.5	20.5	21.5	transparent
#C5C5C5	102	21	198	101.5	102.5	20.5	21.5	transparent
#C2C2C2	103	21	195	102.5	103.5	20.5	21.5	transparent
#C3C3C3	104	21	196	103.5	104.5	20.5	21.5	transparent
#C5C5C5	105	21	198	104.5	105.5	20.5	21.5	transparent
#C5C5C5	106	21	198	105.5	106.5	20.5	21.5	transparent
#C3C3C3	107	21	196	106.5	107.5	20.5	21.5	transparent
#BBBBBB	108	21	188	107.5	108.5	20.5	21.5	transparent
#B6B6B6	109	21	183	108.5	109.5	20.5	21.5	transparent
#B3B3B3	110	21	180	109.5	110.5	20.5	21.5	transparent
#AFAFAF	111	21	176	110.5	111.5	20.5	21.5	transparent
#ADADAD	112	21	174	111.5	112.5	20.5	21.5	transparent
#A6A6A6	113	21	167	112.5	113.5	20.5	21.5	transparent
#9E9E9E	114	21	159	113.5	114.5	20.5	21.5	transparent
#949494	115	21	149	114.5	115.5	20.5	21.5	transparent
#868686	116	21	135	115.5	116.5	20.5	21.5	transparent
#7C7C7C	117	21	125	116.5	117.5	20.5	21.5	transparent
#747474	118	21	117	117.5	118.5	20.5	21.5	transparent
#535353	119	21	84	118.5	119.5	20.5	21.5	transparent
#494949	120	21	74	119.5	120.5	20.5	21.5	transparent
#5E5E5E	121	21	95	120.5	121.5	20.5	21.5	transparent
#797979	122	21	122	121.5	122.5	20.5	21.5	transparent
#6F6F6F	123	21	112	122.5	123.5	20.5	21.5	transparent
#545454	124	21	85	123.5	124.5	20.5	21.5	transparent
#3B3B3B	125	21	60	124.5	125.5	20.5	21.5	transparent
#242424	126	21	37	125.5	126.5	20.5	21.5	transparent
#151515	127	21	22	126.5	127.5	20.5	21.5	transparent
#0D0D0D	128	21	14	127.5	128.5	20.5	21.5	transparent
#0B0B0B	129	21	12	128.5	129.5	20.5	21.5	transparent
#0F0F0F	130	21	16	129.5	130.5	20.5	21.5	transparent
#121212	131	21	19	130.5	131.5	20.5	21.5	transparent
#121212	132	21	19	131.5	132.5	20.5	21.5	transparent
#101010	133	21	17	132.5	133.5	20.5	21.5	transparent
#0D0D0D	134	21	14	133.5	134.5	20.5	21.5	transparent
#0B0B0B	135	21	12	134.5	135.5	20.5	21.5	transparent
#0B0B0B	136	21	12	135.5	136.5	20.5	21.5	transparent
#0B0B0B	137	21	12	136.5	137.5	20.5	21.5	transparent
#2E2E2E	138	21	47	137.5	138.5	20.5	21.5	transparent
#747474	139	21	117	138.5	139.5	20.5	21.5	transparent
#131313	0	20	20	-0.5	0.5	19.5	20.5	transparent
#131313	1	20	20	0.5	1.5	19.5	20.5	transparent
#131313	2	20	20	1.5	2.5	19.5	20.5	transparent
#131313	3	20	20	2.5	3.5	19.5	20.5	transparent
#131313	4	20	20	3.5	4.5	19.5	20.5	transparent
#131313	5	20	20	4.5	5.5	19.5	20.5	transparent
#131313	6	20	20	5.5	6.5	19.5	20.5	transparent
#131313	7	20	20	6.5	7.5	19.5	20.5	transparent
#131313	8	20	20	7.5	8.5	19.5	20.5	transparent
#131313	9	20	20	8.5	9.5	19.5	20.5	transparent
#131313	10	20	20	9.5	10.5	19.5	20.5	transparent
#131313	11	20	20	10.5	11.5	19.5	20.5	transparent
#121212	12	20	19	11.5	12.5	19.5	20.5	transparent
#0F0F0F	13	20	16	12.5	13.5	19.5	20.5	transparent
#0C0C0C	14	20	13	13.5	14.5	19.5	20.5	transparent
#0C0C0C	15	20	13	14.5	15.5	19.5	20.5	transparent
#121212	16	20	19	15.5	16.5	19.5	20.5	transparent
#222222	17	20	35	16.5	17.5	19.5	20.5	transparent
#404040	18	20	65	17.5	18.5	19.5	20.5	transparent
#585858	19	20	89	18.5	19.5	19.5	20.5	transparent
#5D5D5D	20	20	94	19.5	20.5	19.5	20.5	transparent
#3D3D3D	21	20	62	20.5	21.5	19.5	20.5	transparent
#424242	22	20	67	21.5	22.5	19.5	20.5	transparent
#595959	23	20	90	22.5	23.5	19.5	20.5	transparent
#626262	24	20	99	23.5	24.5	19.5	20.5	transparent
#6C6C6C	25	20	109	24.5	25.5	19.5	20.5	transparent
#797979	26	20	122	25.5	26.5	19.5	20.5	transparent
#818181	27	20	130	26.5	27.5	19.5	20.5	transparent
#858585	28	20	134	27.5	28.5	19.5	20.5	transparent
#8B8B8B	29	20	140	28.5	29.5	19.5	20.5	transparent
#8E8E8E	30	20	143	29.5	30.5	19.5	20.5	transparent
#909090	31	20	145	30.5	31.5	19.5	20.5	transparent
#959595	32	20	150	31.5	32.5	19.5	20.5	transparent
#9B9B9B	33	20	156	32.5	33.5	19.5	20.5	transparent
#A1A1A1	34	20	162	33.5	34.5	19.5	20.5	transparent
#A4A4A4	35	20	165	34.5	35.5	19.5	20.5	transparent
#ABABAB	36	20	172	35.5	36.5	19.5	20.5	transparent
#B0B0B0	37	20	177	36.5	37.5	19.5	20.5	transparent
#B4B4B4	38	20	181	37.5	38.5	19.5	20.5	transparent
#B8B8B8	39	20	185	38.5	39.5	19.5	20.5	transparent
#BBBBBB	40	20	188	39.5	40.5	19.5	20.5	transparent
#BEBEBE	41	20	191	40.5	41.5	19.5	20.5	transparent
#C1C1C1	42	20	194	41.5	42.5	19.5	20.5	transparent
#C3C3C3	43	20	196	42.5	43.5	19.5	20.5	transparent
#C4C4C4	44	20	197	43.5	44.5	19.5	20.5	transparent
#C5C5C5	45	20	198	44.5	45.5	19.5	20.5	transparent
#C6C6C6	46	20	199	45.5	46.5	19.5	20.5	transparent
#C7C7C7	47	20	200	46.5	47.5	19.5	20.5	transparent
#CACACA	48	20	203	47.5	48.5	19.5	20.5	transparent
#CDCDCD	49	20	206	48.5	49.5	19.5	20.5	transparent
#CECECE	50	20	207	49.5	50.5	19.5	20.5	transparent
#CFCFCF	51	20	208	50.5	51.5	19.5	20.5	transparent
#D0D0D0	52	20	209	51.5	52.5	19.5	20.5	transparent
#D1D1D1	53	20	210	52.5	53.5	19.5	20.5	transparent
#D0D0D0	54	20	209	53.5	54.5	19.5	20.5	transparent
#D0D0D0	55	20	209	54.5	55.5	19.5	20.5	transparent
#D0D0D0	56	20	209	55.5	56.5	19.5	20.5	transparent
#D0D0D0	57	20	209	56.5	57.5	19.5	20.5	transparent
#D1D1D1	58	20	210	57.5	58.5	19.5	20.5	transparent
#CFCFCF	59	20	208	58.5	59.5	19.5	20.5	transparent
#D0D0D0	60	20	209	59.5	60.5	19.5	20.5	transparent
#D3D3D3	61	20	212	60.5	61.5	19.5	20.5	transparent
#D5D5D5	62	20	214	61.5	62.5	19.5	20.5	transparent
#D9D9D9	63	20	218	62.5	63.5	19.5	20.5	transparent
#DFDFDF	64	20	224	63.5	64.5	19.5	20.5	transparent
#E6E6E6	65	20	231	64.5	65.5	19.5	20.5	transparent
#E7E7E7	66	20	232	65.5	66.5	19.5	20.5	transparent
#E6E6E6	67	20	231	66.5	67.5	19.5	20.5	transparent
#E3E3E3	68	20	228	67.5	68.5	19.5	20.5	transparent
#E0E0E0	69	20	225	68.5	69.5	19.5	20.5	transparent
#E0E0E0	70	20	225	69.5	70.5	19.5	20.5	transparent
#DEDEDE	71	20	223	70.5	71.5	19.5	20.5	transparent
#DFDFDF	72	20	224	71.5	72.5	19.5	20.5	transparent
#E0E0E0	73	20	225	72.5	73.5	19.5	20.5	transparent
#E0E0E0	74	20	225	73.5	74.5	19.5	20.5	transparent
#E2E2E2	75	20	227	74.5	75.5	19.5	20.5	transparent
#E5E5E5	76	20	230	75.5	76.5	19.5	20.5	transparent
#E7E7E7	77	20	232	76.5	77.5	19.5	20.5	transparent
#E5E5E5	78	20	230	77.5	78.5	19.5	20.5	transparent
#E3E3E3	79	20	228	78.5	79.5	19.5	20.5	transparent
#DEDEDE	80	20	223	79.5	80.5	19.5	20.5	transparent
#DCDCDC	81	20	221	80.5	81.5	19.5	20.5	transparent
#DADADA	82	20	219	81.5	82.5	19.5	20.5	transparent
#D8D8D8	83	20	217	82.5	83.5	19.5	20.5	transparent
#D8D8D8	84	20	217	83.5	84.5	19.5	20.5	transparent
#D8D8D8	85	20	217	84.5	85.5	19.5	20.5	transparent
#D8D8D8	86	20	217	85.5	86.5	19.5	20.5	transparent
#D7D7D7	87	20	216	86.5	87.5	19.5	20.5	transparent
#D6D6D6	88	20	215	87.5	88.5	19.5	20.5	transparent
#D5D5D5	89	20	214	88.5	89.5	19.5	20.5	transparent
#D5D5D5	90	20	214	89.5	90.5	19.5	20.5	transparent
#D7D7D7	91	20	216	90.5	91.5	19.5	20.5	transparent
#D6D6D6	92	20	215	91.5	92.5	19.5	20.5	transparent
#D5D5D5	93	20	214	92.5	93.5	19.5	20.5	transparent
#D3D3D3	94	20	212	93.5	94.5	19.5	20.5	transparent
#D0D0D0	95	20	209	94.5	95.5	19.5	20.5	transparent
#CECECE	96	20	207	95.5	96.5	19.5	20.5	transparent
#CDCDCD	97	20	206	96.5	97.5	19.5	20.5	transparent
#CBCBCB	98	20	204	97.5	98.5	19.5	20.5	transparent
#C9C9C9	99	20	202	98.5	99.5	19.5	20.5	transparent
#C7C7C7	100	20	200	99.5	100.5	19.5	20.5	transparent
#C6C6C6	101	20	199	100.5	101.5	19.5	20.5	transparent
#C5C5C5	102	20	198	101.5	102.5	19.5	20.5	transparent
#C2C2C2	103	20	195	102.5	103.5	19.5	20.5	transparent
#C2C2C2	104	20	195	103.5	104.5	19.5	20.5	transparent
#C4C4C4	105	20	197	104.5	105.5	19.5	20.5	transparent
#C4C4C4	106	20	197	105.5	106.5	19.5	20.5	transparent
#C4C4C4	107	20	197	106.5	107.5	19.5	20.5	transparent
#BEBEBE	108	20	191	107.5	108.5	19.5	20.5	transparent
#B7B7B7	109	20	184	108.5	109.5	19.5	20.5	transparent
#B5B5B5	110	20	182	109.5	110.5	19.5	20.5	transparent
#B3B3B3	111	20	180	110.5	111.5	19.5	20.5	transparent
#B0B0B0	112	20	177	111.5	112.5	19.5	20.5	transparent
#ABABAB	113	20	172	112.5	113.5	19.5	20.5	transparent
#A6A6A6	114	20	167	113.5	114.5	19.5	20.5	transparent
#9C9C9C	115	20	157	114.5	115.5	19.5	20.5	transparent
#8F8F8F	116	20	144	115.5	116.5	19.5	20.5	transparent
#878787	117	20	136	116.5	117.5	19.5	20.5	transparent
#808080	118	20	129	117.5	118.5	19.5	20.5	transparent
#6C6C6C	119	20	109	118.5	119.5	19.5	20.5	transparent
#505050	120	20	81	119.5	120.5	19.5	20.5	transparent
#606060	121	20	97	120.5	121.5	19.5	20.5	transparent
#787878	122	20	121	121.5	122.5	19.5	20.5	transparent
#6A6A6A	123	20	107	122.5	123.5	19.5	20.5	transparent
#4E4E4E	124	20	79	123.5	124.5	19.5	20.5	transparent
#343434	125	20	53	124.5	125.5	19.5	20.5	transparent
#1F1F1F	126	20	32	125.5	126.5	19.5	20.5	transparent
#131313	127	20	20	126.5	127.5	19.5	20.5	transparent
#0C0C0C	128	20	13	127.5	128.5	19.5	20.5	transparent
#0C0C0C	129	20	13	128.5	129.5	19.5	20.5	transparent
#0F0F0F	130	20	16	129.5	130.5	19.5	20.5	transparent
#121212	131	20	19	130.5	131.5	19.5	20.5	transparent
#121212	132	20	19	131.5	132.5	19.5	20.5	transparent
#101010	133	20	17	132.5	133.5	19.5	20.5	transparent
#0D0D0D	134	20	14	133.5	134.5	19.5	20.5	transparent
#0B0B0B	135	20	12	134.5	135.5	19.5	20.5	transparent
#0A0A0A	136	20	11	135.5	136.5	19.5	20.5	transparent
#0B0B0B	137	20	12	136.5	137.5	19.5	20.5	transparent
#2F2F2F	138	20	48	137.5	138.5	19.5	20.5	transparent
#767676	139	20	119	138.5	139.5	19.5	20.5	transparent
#131313	0	19	20	-0.5	0.5	18.5	19.5	transparent
#131313	1	19	20	0.5	1.5	18.5	19.5	transparent
#131313	2	19	20	1.5	2.5	18.5	19.5	transparent
#131313	3	19	20	2.5	3.5	18.5	19.5	transparent
#131313	4	19	20	3.5	4.5	18.5	19.5	transparent
#131313	5	19	20	4.5	5.5	18.5	19.5	transparent
#131313	6	19	20	5.5	6.5	18.5	19.5	transparent
#131313	7	19	20	6.5	7.5	18.5	19.5	transparent
#131313	8	19	20	7.5	8.5	18.5	19.5	transparent
#131313	9	19	20	8.5	9.5	18.5	19.5	transparent
#131313	10	19	20	9.5	10.5	18.5	19.5	transparent
#131313	11	19	20	10.5	11.5	18.5	19.5	transparent
#121212	12	19	19	11.5	12.5	18.5	19.5	transparent
#0F0F0F	13	19	16	12.5	13.5	18.5	19.5	transparent
#0C0C0C	14	19	13	13.5	14.5	18.5	19.5	transparent
#0C0C0C	15	19	13	14.5	15.5	18.5	19.5	transparent
#101010	16	19	17	15.5	16.5	18.5	19.5	transparent
#1D1D1D	17	19	30	16.5	17.5	18.5	19.5	transparent
#373737	18	19	56	17.5	18.5	18.5	19.5	transparent
#535353	19	19	84	18.5	19.5	18.5	19.5	transparent
#5F5F5F	20	19	96	19.5	20.5	18.5	19.5	transparent
#4E4E4E	21	19	79	20.5	21.5	18.5	19.5	transparent
#4C4C4C	22	19	77	21.5	22.5	18.5	19.5	transparent
#595959	23	19	90	22.5	23.5	18.5	19.5	transparent
#646464	24	19	101	23.5	24.5	18.5	19.5	transparent
#707070	25	19	113	24.5	25.5	18.5	19.5	transparent
#7C7C7C	26	19	125	25.5	26.5	18.5	19.5	transparent
#848484	27	19	133	26.5	27.5	18.5	19.5	transparent
#898989	28	19	138	27.5	28.5	18.5	19.5	transparent
#8C8C8C	29	19	141	28.5	29.5	18.5	19.5	transparent
#8F8F8F	30	19	144	29.5	30.5	18.5	19.5	transparent
#949494	31	19	149	30.5	31.5	18.5	19.5	transparent
#9A9A9A	32	19	155	31.5	32.5	18.5	19.5	transparent
#9F9F9F	33	19	160	32.5	33.5	18.5	19.5	transparent
#A4A4A4	34	19	165	33.5	34.5	18.5	19.5	transparent
#A8A8A8	35	19	169	34.5	35.5	18.5	19.5	transparent
#AEAEAE	36	19	175	35.5	36.5	18.5	19.5	transparent
#B3B3B3	37	19	180	36.5	37.5	18.5	19.5	transparent
#B6B6B6	38	19	183	37.5	38.5	18.5	19.5	transparent
#B9B9B9	39	19	186	38.5	39.5	18.5	19.5	transparent
#BDBDBD	40	19	190	39.5	40.5	18.5	19.5	transparent
#C0C0C0	41	19	193	40.5	41.5	18.5	19.5	transparent
#C1C1C1	42	19	194	41.5	42.5	18.5	19.5	transparent
#C3C3C3	43	19	196	42.5	43.5	18.5	19.5	transparent
#C4C4C4	44	19	197	43.5	44.5	18.5	19.5	transparent
#C5C5C5	45	19	198	44.5	45.5	18.5	19.5	transparent
#C6C6C6	46	19	199	45.5	46.5	18.5	19.5	transparent
#CBCBCB	47	19	204	46.5	47.5	18.5	19.5	transparent
#CDCDCD	48	19	206	47.5	48.5	18.5	19.5	transparent
#CFCFCF	49	19	208	48.5	49.5	18.5	19.5	transparent
#D0D0D0	50	19	209	49.5	50.5	18.5	19.5	transparent
#D1D1D1	51	19	210	50.5	51.5	18.5	19.5	transparent
#D2D2D2	52	19	211	51.5	52.5	18.5	19.5	transparent
#D2D2D2	53	19	211	52.5	53.5	18.5	19.5	transparent
#D2D2D2	54	19	211	53.5	54.5	18.5	19.5	transparent
#D2D2D2	55	19	211	54.5	55.5	18.5	19.5	transparent
#D3D3D3	56	19	212	55.5	56.5	18.5	19.5	transparent
#D2D2D2	57	19	211	56.5	57.5	18.5	19.5	transparent
#D1D1D1	58	19	210	57.5	58.5	18.5	19.5	transparent
#D1D1D1	59	19	210	58.5	59.5	18.5	19.5	transparent
#D2D2D2	60	19	211	59.5	60.5	18.5	19.5	transparent
#D4D4D4	61	19	213	60.5	61.5	18.5	19.5	transparent
#D7D7D7	62	19	216	61.5	62.5	18.5	19.5	transparent
#DCDCDC	63	19	221	62.5	63.5	18.5	19.5	transparent
#E0E0E0	64	19	225	63.5	64.5	18.5	19.5	transparent
#E5E5E5	65	19	230	64.5	65.5	18.5	19.5	transparent
#E5E5E5	66	19	230	65.5	66.5	18.5	19.5	transparent
#E5E5E5	67	19	230	66.5	67.5	18.5	19.5	transparent
#E2E2E2	68	19	227	67.5	68.5	18.5	19.5	transparent
#DFDFDF	69	19	224	68.5	69.5	18.5	19.5	transparent
#DEDEDE	70	19	223	69.5	70.5	18.5	19.5	transparent
#DDDDDD	71	19	222	70.5	71.5	18.5	19.5	transparent
#DDDDDD	72	19	222	71.5	72.5	18.5	19.5	transparent
#DEDEDE	73	19	223	72.5	73.5	18.5	19.5	transparent
#DEDEDE	74	19	223	73.5	74.5	18.5	19.5	transparent
#E1E1E1	75	19	226	74.5	75.5	18.5	19.5	transparent
#E4E4E4	76	19	229	75.5	76.5	18.5	19.5	transparent
#E5E5E5	77	19	230	76.5	77.5	18.5	19.5	transparent
#E5E5E5	78	19	230	77.5	78.5	18.5	19.5	transparent
#E3E3E3	79	19	228	78.5	79.5	18.5	19.5	transparent
#E0E0E0	80	19	225	79.5	80.5	18.5	19.5	transparent
#DDDDDD	81	19	222	80.5	81.5	18.5	19.5	transparent
#DCDCDC	82	19	221	81.5	82.5	18.5	19.5	transparent
#DBDBDB	83	19	220	82.5	83.5	18.5	19.5	transparent
#DCDCDC	84	19	221	83.5	84.5	18.5	19.5	transparent
#DBDBDB	85	19	220	84.5	85.5	18.5	19.5	transparent
#DBDBDB	86	19	220	85.5	86.5	18.5	19.5	transparent
#DADADA	87	19	219	86.5	87.5	18.5	19.5	transparent
#D8D8D8	88	19	217	87.5	88.5	18.5	19.5	transparent
#D8D8D8	89	19	217	88.5	89.5	18.5	19.5	transparent
#D7D7D7	90	19	216	89.5	90.5	18.5	19.5	transparent
#D6D6D6	91	19	215	90.5	91.5	18.5	19.5	transparent
#D7D7D7	92	19	216	91.5	92.5	18.5	19.5	transparent
#D6D6D6	93	19	215	92.5	93.5	18.5	19.5	transparent
#D3D3D3	94	19	212	93.5	94.5	18.5	19.5	transparent
#D1D1D1	95	19	210	94.5	95.5	18.5	19.5	transparent
#D0D0D0	96	19	209	95.5	96.5	18.5	19.5	transparent
#CECECE	97	19	207	96.5	97.5	18.5	19.5	transparent
#CBCBCB	98	19	204	97.5	98.5	18.5	19.5	transparent
#CACACA	99	19	203	98.5	99.5	18.5	19.5	transparent
#C8C8C8	100	19	201	99.5	100.5	18.5	19.5	transparent
#C6C6C6	101	19	199	100.5	101.5	18.5	19.5	transparent
#C4C4C4	102	19	197	101.5	102.5	18.5	19.5	transparent
#C1C1C1	103	19	194	102.5	103.5	18.5	19.5	transparent
#C2C2C2	104	19	195	103.5	104.5	18.5	19.5	transparent
#C2C2C2	105	19	195	104.5	105.5	18.5	19.5	transparent
#C4C4C4	106	19	197	105.5	106.5	18.5	19.5	transparent
#C4C4C4	107	19	197	106.5	107.5	18.5	19.5	transparent
#BFBFBF	108	19	192	107.5	108.5	18.5	19.5	transparent
#BABABA	109	19	187	108.5	109.5	18.5	19.5	transparent
#B5B5B5	110	19	182	109.5	110.5	18.5	19.5	transparent
#B2B2B2	111	19	179	110.5	111.5	18.5	19.5	transparent
#B0B0B0	112	19	177	111.5	112.5	18.5	19.5	transparent
#ABABAB	113	19	172	112.5	113.5	18.5	19.5	transparent
#A9A9A9	114	19	170	113.5	114.5	18.5	19.5	transparent
#A3A3A3	115	19	164	114.5	115.5	18.5	19.5	transparent
#989898	116	19	153	115.5	116.5	18.5	19.5	transparent
#8E8E8E	117	19	143	116.5	117.5	18.5	19.5	transparent
#858585	118	19	134	117.5	118.5	18.5	19.5	transparent
#7B7B7B	119	19	124	118.5	119.5	18.5	19.5	transparent
#606060	120	19	97	119.5	120.5	18.5	19.5	transparent
#666666	121	19	103	120.5	121.5	18.5	19.5	transparent
#767676	122	19	119	121.5	122.5	18.5	19.5	transparent
#656565	123	19	102	122.5	123.5	18.5	19.5	transparent
#484848	124	19	73	123.5	124.5	18.5	19.5	transparent
#2E2E2E	125	19	47	124.5	125.5	18.5	19.5	transparent
#1B1B1B	126	19	28	125.5	126.5	18.5	19.5	transparent
#111111	127	19	18	126.5	127.5	18.5	19.5	transparent
#0C0C0C	128	19	13	127.5	128.5	18.5	19.5	transparent
#0C0C0C	129	19	13	128.5	129.5	18.5	19.5	transparent
#0F0F0F	130	19	16	129.5	130.5	18.5	19.5	transparent
#121212	131	19	19	130.5	131.5	18.5	19.5	transparent
#121212	132	19	19	131.5	132.5	18.5	19.5	transparent
#101010	133	19	17	132.5	133.5	18.5	19.5	transparent
#0D0D0D	134	19	14	133.5	134.5	18.5	19.5	transparent
#0B0B0B	135	19	12	134.5	135.5	18.5	19.5	transparent
#0A0A0A	136	19	11	135.5	136.5	18.5	19.5	transparent
#0C0C0C	137	19	13	136.5	137.5	18.5	19.5	transparent
#303030	138	19	49	137.5	138.5	18.5	19.5	transparent
#777777	139	19	120	138.5	139.5	18.5	19.5	transparent
#131313	0	18	20	-0.5	0.5	17.5	18.5	transparent
#131313	1	18	20	0.5	1.5	17.5	18.5	transparent
#131313	2	18	20	1.5	2.5	17.5	18.5	transparent
#131313	3	18	20	2.5	3.5	17.5	18.5	transparent
#131313	4	18	20	3.5	4.5	17.5	18.5	transparent
#131313	5	18	20	4.5	5.5	17.5	18.5	transparent
#131313	6	18	20	5.5	6.5	17.5	18.5	transparent
#131313	7	18	20	6.5	7.5	17.5	18.5	transparent
#131313	8	18	20	7.5	8.5	17.5	18.5	transparent
#131313	9	18	20	8.5	9.5	17.5	18.5	transparent
#131313	10	18	20	9.5	10.5	17.5	18.5	transparent
#131313	11	18	20	10.5	11.5	17.5	18.5	transparent
#121212	12	18	19	11.5	12.5	17.5	18.5	transparent
#101010	13	18	17	12.5	13.5	17.5	18.5	transparent
#0D0D0D	14	18	14	13.5	14.5	17.5	18.5	transparent
#0C0C0C	15	18	13	14.5	15.5	17.5	18.5	transparent
#0F0F0F	16	18	16	15.5	16.5	17.5	18.5	transparent
#191919	17	18	26	16.5	17.5	17.5	18.5	transparent
#303030	18	18	49	17.5	18.5	17.5	18.5	transparent
#4D4D4D	19	18	78	18.5	19.5	17.5	18.5	transparent
#5F5F5F	20	18	96	19.5	20.5	17.5	18.5	transparent
#5E5E5E	21	18	95	20.5	21.5	17.5	18.5	transparent
#555555	22	18	86	21.5	22.5	17.5	18.5	transparent
#5A5A5A	23	18	91	22.5	23.5	17.5	18.5	transparent
#656565	24	18	102	23.5	24.5	17.5	18.5	transparent
#747474	25	18	117	24.5	25.5	17.5	18.5	transparent
#7F7F7F	26	18	128	25.5	26.5	17.5	18.5	transparent
#868686	27	18	135	26.5	27.5	17.5	18.5	transparent
#8C8C8C	28	18	141	27.5	28.5	17.5	18.5	transparent
#8E8E8E	29	18	143	28.5	29.5	17.5	18.5	transparent
#919191	30	18	146	29.5	30.5	17.5	18.5	transparent
#989898	31	18	153	30.5	31.5	17.5	18.5	transparent
#9E9E9E	32	18	159	31.5	32.5	17.5	18.5	transparent
#A2A2A2	33	18	163	32.5	33.5	17.5	18.5	transparent
#A7A7A7	34	18	168	33.5	34.5	17.5	18.5	transparent
#ABABAB	35	18	172	34.5	35.5	17.5	18.5	transparent
#B1B1B1	36	18	178	35.5	36.5	17.5	18.5	transparent
#B6B6B6	37	18	183	36.5	37.5	17.5	18.5	transparent
#B9B9B9	38	18	186	37.5	38.5	17.5	18.5	transparent
#BBBBBB	39	18	188	38.5	39.5	17.5	18.5	transparent
#BEBEBE	40	18	191	39.5	40.5	17.5	18.5	transparent
#C0C0C0	41	18	193	40.5	41.5	17.5	18.5	transparent
#C2C2C2	42	18	195	41.5	42.5	17.5	18.5	transparent
#C4C4C4	43	18	197	42.5	43.5	17.5	18.5	transparent
#C6C6C6	44	18	199	43.5	44.5	17.5	18.5	transparent
#C6C6C6	45	18	199	44.5	45.5	17.5	18.5	transparent
#CACACA	46	18	203	45.5	46.5	17.5	18.5	transparent
#CDCDCD	47	18	206	46.5	47.5	17.5	18.5	transparent
#D0D0D0	48	18	209	47.5	48.5	17.5	18.5	transparent
#D1D1D1	49	18	210	48.5	49.5	17.5	18.5	transparent
#D2D2D2	50	18	211	49.5	50.5	17.5	18.5	transparent
#D3D3D3	51	18	212	50.5	51.5	17.5	18.5	transparent
#D3D3D3	52	18	212	51.5	52.5	17.5	18.5	transparent
#D4D4D4	53	18	213	52.5	53.5	17.5	18.5	transparent
#D4D4D4	54	18	213	53.5	54.5	17.5	18.5	transparent
#D4D4D4	55	18	213	54.5	55.5	17.5	18.5	transparent
#D5D5D5	56	18	214	55.5	56.5	17.5	18.5	transparent
#D4D4D4	57	18	213	56.5	57.5	17.5	18.5	transparent
#D3D3D3	58	18	212	57.5	58.5	17.5	18.5	transparent
#D5D5D5	59	18	214	58.5	59.5	17.5	18.5	transparent
#D5D5D5	60	18	214	59.5	60.5	17.5	18.5	transparent
#D7D7D7	61	18	216	60.5	61.5	17.5	18.5	transparent
#DCDCDC	62	18	221	61.5	62.5	17.5	18.5	transparent
#E0E0E0	63	18	225	62.5	63.5	17.5	18.5	transparent
#E1E1E1	64	18	226	63.5	64.5	17.5	18.5	transparent
#E6E6E6	65	18	231	64.5	65.5	17.5	18.5	transparent
#E4E4E4	66	18	229	65.5	66.5	17.5	18.5	transparent
#E2E2E2	67	18	227	66.5	67.5	17.5	18.5	transparent
#E2E2E2	68	18	227	67.5	68.5	17.5	18.5	transparent
#E0E0E0	69	18	225	68.5	69.5	17.5	18.5	transparent
#DEDEDE	70	18	223	69.5	70.5	17.5	18.5	transparent
#DDDDDD	71	18	222	70.5	71.5	17.5	18.5	transparent
#DCDCDC	72	18	221	71.5	72.5	17.5	18.5	transparent
#DDDDDD	73	18	222	72.5	73.5	17.5	18.5	transparent
#DFDFDF	74	18	224	73.5	74.5	17.5	18.5	transparent
#E2E2E2	75	18	227	74.5	75.5	17.5	18.5	transparent
#E4E4E4	76	18	229	75.5	76.5	17.5	18.5	transparent
#E4E4E4	77	18	229	76.5	77.5	17.5	18.5	transparent
#E5E5E5	78	18	230	77.5	78.5	17.5	18.5	transparent
#E1E1E1	79	18	226	78.5	79.5	17.5	18.5	transparent
#E1E1E1	80	18	226	79.5	80.5	17.5	18.5	transparent
#DFDFDF	81	18	224	80.5	81.5	17.5	18.5	transparent
#DDDDDD	82	18	222	81.5	82.5	17.5	18.5	transparent
#DCDCDC	83	18	221	82.5	83.5	17.5	18.5	transparent
#DCDCDC	84	18	221	83.5	84.5	17.5	18.5	transparent
#DBDBDB	85	18	220	84.5	85.5	17.5	18.5	transparent
#DADADA	86	18	219	85.5	86.5	17.5	18.5	transparent
#DADADA	87	18	219	86.5	87.5	17.5	18.5	transparent
#D8D8D8	88	18	217	87.5	88.5	17.5	18.5	transparent
#D7D7D7	89	18	216	88.5	89.5	17.5	18.5	transparent
#D9D9D9	90	18	218	89.5	90.5	17.5	18.5	transparent
#D7D7D7	91	18	216	90.5	91.5	17.5	18.5	transparent
#D8D8D8	92	18	217	91.5	92.5	17.5	18.5	transparent
#D9D9D9	93	18	218	92.5	93.5	17.5	18.5	transparent
#D4D4D4	94	18	213	93.5	94.5	17.5	18.5	transparent
#D0D0D0	95	18	209	94.5	95.5	17.5	18.5	transparent
#D1D1D1	96	18	210	95.5	96.5	17.5	18.5	transparent
#CFCFCF	97	18	208	96.5	97.5	17.5	18.5	transparent
#CCCCCC	98	18	205	97.5	98.5	17.5	18.5	transparent
#CBCBCB	99	18	204	98.5	99.5	17.5	18.5	transparent
#C9C9C9	100	18	202	99.5	100.5	17.5	18.5	transparent
#C7C7C7	101	18	200	100.5	101.5	17.5	18.5	transparent
#C3C3C3	102	18	196	101.5	102.5	17.5	18.5	transparent
#C3C3C3	103	18	196	102.5	103.5	17.5	18.5	transparent
#C1C1C1	104	18	194	103.5	104.5	17.5	18.5	transparent
#C1C1C1	105	18	194	104.5	105.5	17.5	18.5	transparent
#C3C3C3	106	18	196	105.5	106.5	17.5	18.5	transparent
#C4C4C4	107	18	197	106.5	107.5	17.5	18.5	transparent
#C0C0C0	108	18	193	107.5	108.5	17.5	18.5	transparent
#BABABA	109	18	187	108.5	109.5	17.5	18.5	transparent
#B6B6B6	110	18	183	109.5	110.5	17.5	18.5	transparent
#B1B1B1	111	18	178	110.5	111.5	17.5	18.5	transparent
#AEAEAE	112	18	175	111.5	112.5	17.5	18.5	transparent
#ACACAC	113	18	173	112.5	113.5	17.5	18.5	transparent
#A9A9A9	114	18	170	113.5	114.5	17.5	18.5	transparent
#A3A3A3	115	18	164	114.5	115.5	17.5	18.5	transparent
#9D9D9D	116	18	158	115.5	116.5	17.5	18.5	transparent
#919191	117	18	146	116.5	117.5	17.5	18.5	transparent
#868686	118	18	135	117.5	118.5	17.5	18.5	transparent
#7E7E7E	119	18	127	118.5	119.5	17.5	18.5	transparent
#707070	120	18	113	119.5	120.5	17.5	18.5	transparent
#747474	121	18	117	120.5	121.5	17.5	18.5	transparent
#717171	122	18	114	121.5	122.5	17.5	18.5	transparent
#5F5F5F	123	18	96	122.5	123.5	17.5	18.5	transparent
#414141	124	18	66	123.5	124.5	17.5	18.5	transparent
#282828	125	18	41	124.5	125.5	17.5	18.5	transparent
#191919	126	18	26	125.5	126.5	17.5	18.5	transparent
#101010	127	18	17	126.5	127.5	17.5	18.5	transparent
#0B0B0B	128	18	12	127.5	128.5	17.5	18.5	transparent
#0D0D0D	129	18	14	128.5	129.5	17.5	18.5	transparent
#101010	130	18	17	129.5	130.5	17.5	18.5	transparent
#121212	131	18	19	130.5	131.5	17.5	18.5	transparent
#121212	132	18	19	131.5	132.5	17.5	18.5	transparent
#101010	133	18	17	132.5	133.5	17.5	18.5	transparent
#0D0D0D	134	18	14	133.5	134.5	17.5	18.5	transparent
#0A0A0A	135	18	11	134.5	135.5	17.5	18.5	transparent
#0A0A0A	136	18	11	135.5	136.5	17.5	18.5	transparent
#0C0C0C	137	18	13	136.5	137.5	17.5	18.5	transparent
#313131	138	18	50	137.5	138.5	17.5	18.5	transparent
#787878	139	18	121	138.5	139.5	17.5	18.5	transparent
#131313	0	17	20	-0.5	0.5	16.5	17.5	transparent
#131313	1	17	20	0.5	1.5	16.5	17.5	transparent
#131313	2	17	20	1.5	2.5	16.5	17.5	transparent
#131313	3	17	20	2.5	3.5	16.5	17.5	transparent
#131313	4	17	20	3.5	4.5	16.5	17.5	transparent
#131313	5	17	20	4.5	5.5	16.5	17.5	transparent
#131313	6	17	20	5.5	6.5	16.5	17.5	transparent
#131313	7	17	20	6.5	7.5	16.5	17.5	transparent
#131313	8	17	20	7.5	8.5	16.5	17.5	transparent
#131313	9	17	20	8.5	9.5	16.5	17.5	transparent
#131313	10	17	20	9.5	10.5	16.5	17.5	transparent
#131313	11	17	20	10.5	11.5	16.5	17.5	transparent
#121212	12	17	19	11.5	12.5	16.5	17.5	transparent
#101010	13	17	17	12.5	13.5	16.5	17.5	transparent
#0D0D0D	14	17	14	13.5	14.5	16.5	17.5	transparent
#0C0C0C	15	17	13	14.5	15.5	16.5	17.5	transparent
#0E0E0E	16	17	15	15.5	16.5	16.5	17.5	transparent
#161616	17	17	23	16.5	17.5	16.5	17.5	transparent
#2B2B2B	18	17	44	17.5	18.5	16.5	17.5	transparent
#474747	19	17	72	18.5	19.5	16.5	17.5	transparent
#5C5C5C	20	17	93	19.5	20.5	16.5	17.5	transparent
#666666	21	17	103	20.5	21.5	16.5	17.5	transparent
#606060	22	17	97	21.5	22.5	16.5	17.5	transparent
#5C5C5C	23	17	93	22.5	23.5	16.5	17.5	transparent
#6A6A6A	24	17	107	23.5	24.5	16.5	17.5	transparent
#777777	25	17	120	24.5	25.5	16.5	17.5	transparent
#828282	26	17	131	25.5	26.5	16.5	17.5	transparent
#8A8A8A	27	17	139	26.5	27.5	16.5	17.5	transparent
#8D8D8D	28	17	142	27.5	28.5	16.5	17.5	transparent
#909090	29	17	145	28.5	29.5	16.5	17.5	transparent
#959595	30	17	150	29.5	30.5	16.5	17.5	transparent
#9B9B9B	31	17	156	30.5	31.5	16.5	17.5	transparent
#9F9F9F	32	17	160	31.5	32.5	16.5	17.5	transparent
#A5A5A5	33	17	166	32.5	33.5	16.5	17.5	transparent
#AAAAAA	34	17	171	33.5	34.5	16.5	17.5	transparent
#AFAFAF	35	17	176	34.5	35.5	16.5	17.5	transparent
#B1B1B1	36	17	178	35.5	36.5	16.5	17.5	transparent
#B6B6B6	37	17	183	36.5	37.5	16.5	17.5	transparent
#BABABA	38	17	187	37.5	38.5	16.5	17.5	transparent
#BDBDBD	39	17	190	38.5	39.5	16.5	17.5	transparent
#BFBFBF	40	17	192	39.5	40.5	16.5	17.5	transparent
#C1C1C1	41	17	194	40.5	41.5	16.5	17.5	transparent
#C4C4C4	42	17	197	41.5	42.5	16.5	17.5	transparent
#C4C4C4	43	17	197	42.5	43.5	16.5	17.5	transparent
#C6C6C6	44	17	199	43.5	44.5	16.5	17.5	transparent
#CACACA	45	17	203	44.5	45.5	16.5	17.5	transparent
#CDCDCD	46	17	206	45.5	46.5	16.5	17.5	transparent
#CFCFCF	47	17	208	46.5	47.5	16.5	17.5	transparent
#D1D1D1	48	17	210	47.5	48.5	16.5	17.5	transparent
#D2D2D2	49	17	211	48.5	49.5	16.5	17.5	transparent
#D3D3D3	50	17	212	49.5	50.5	16.5	17.5	transparent
#D4D4D4	51	17	213	50.5	51.5	16.5	17.5	transparent
#D4D4D4	52	17	213	51.5	52.5	16.5	17.5	transparent
#D5D5D5	53	17	214	52.5	53.5	16.5	17.5	transparent
#D6D6D6	54	17	215	53.5	54.5	16.5	17.5	transparent
#D7D7D7	55	17	216	54.5	55.5	16.5	17.5	transparent
#D6D6D6	56	17	215	55.5	56.5	16.5	17.5	transparent
#D6D6D6	57	17	215	56.5	57.5	16.5	17.5	transparent
#D7D7D7	58	17	216	57.5	58.5	16.5	17.5	transparent
#DADADA	59	17	219	58.5	59.5	16.5	17.5	transparent
#DBDBDB	60	17	220	59.5	60.5	16.5	17.5	transparent
#DDDDDD	61	17	222	60.5	61.5	16.5	17.5	transparent
#DFDFDF	62	17	224	61.5	62.5	16.5	17.5	transparent
#E0E0E0	63	17	225	62.5	63.5	16.5	17.5	transparent
#E1E1E1	64	17	226	63.5	64.5	16.5	17.5	transparent
#E5E5E5	65	17	230	64.5	65.5	16.5	17.5	transparent
#E4E4E4	66	17	229	65.5	66.5	16.5	17.5	transparent
#E2E2E2	67	17	227	66.5	67.5	16.5	17.5	transparent
#E4E4E4	68	17	229	67.5	68.5	16.5	17.5	transparent
#E2E2E2	69	17	227	68.5	69.5	16.5	17.5	transparent
#DEDEDE	70	17	223	69.5	70.5	16.5	17.5	transparent
#DDDDDD	71	17	222	70.5	71.5	16.5	17.5	transparent
#DCDCDC	72	17	221	71.5	72.5	16.5	17.5	transparent
#DDDDDD	73	17	222	72.5	73.5	16.5	17.5	transparent
#DFDFDF	74	17	224	73.5	74.5	16.5	17.5	transparent
#E3E3E3	75	17	228	74.5	75.5	16.5	17.5	transparent
#E4E4E4	76	17	229	75.5	76.5	16.5	17.5	transparent
#E3E3E3	77	17	228	76.5	77.5	16.5	17.5	transparent
#E5E5E5	78	17	230	77.5	78.5	16.5	17.5	transparent
#E1E1E1	79	17	226	78.5	79.5	16.5	17.5	transparent
#E1E1E1	80	17	226	79.5	80.5	16.5	17.5	transparent
#E0E0E0	81	17	225	80.5	81.5	16.5	17.5	transparent
#DEDEDE	82	17	223	81.5	82.5	16.5	17.5	transparent
#DFDFDF	83	17	224	82.5	83.5	16.5	17.5	transparent
#DDDDDD	84	17	222	83.5	84.5	16.5	17.5	transparent
#DBDBDB	85	17	220	84.5	85.5	16.5	17.5	transparent
#DADADA	86	17	219	85.5	86.5	16.5	17.5	transparent
#DADADA	87	17	219	86.5	87.5	16.5	17.5	transparent
#DADADA	88	17	219	87.5	88.5	16.5	17.5	transparent
#DADADA	89	17	219	88.5	89.5	16.5	17.5	transparent
#DADADA	90	17	219	89.5	90.5	16.5	17.5	transparent
#D8D8D8	91	17	217	90.5	91.5	16.5	17.5	transparent
#D8D8D8	92	17	217	91.5	92.5	16.5	17.5	transparent
#D8D8D8	93	17	217	92.5	93.5	16.5	17.5	transparent
#D7D7D7	94	17	216	93.5	94.5	16.5	17.5	transparent
#D5D5D5	95	17	214	94.5	95.5	16.5	17.5	transparent
#D4D4D4	96	17	213	95.5	96.5	16.5	17.5	transparent
#D3D3D3	97	17	212	96.5	97.5	16.5	17.5	transparent
#D0D0D0	98	17	209	97.5	98.5	16.5	17.5	transparent
#CDCDCD	99	17	206	98.5	99.5	16.5	17.5	transparent
#CACACA	100	17	203	99.5	100.5	16.5	17.5	transparent
#C8C8C8	101	17	201	100.5	101.5	16.5	17.5	transparent
#C5C5C5	102	17	198	101.5	102.5	16.5	17.5	transparent
#C5C5C5	103	17	198	102.5	103.5	16.5	17.5	transparent
#C3C3C3	104	17	196	103.5	104.5	16.5	17.5	transparent
#C3C3C3	105	17	196	104.5	105.5	16.5	17.5	transparent
#C2C2C2	106	17	195	105.5	106.5	16.5	17.5	transparent
#C2C2C2	107	17	195	106.5	107.5	16.5	17.5	transparent
#C1C1C1	108	17	194	107.5	108.5	16.5	17.5	transparent
#BCBCBC	109	17	189	108.5	109.5	16.5	17.5	transparent
#B7B7B7	110	17	184	109.5	110.5	16.5	17.5	transparent
#B1B1B1	111	17	178	110.5	111.5	16.5	17.5	transparent
#ADADAD	112	17	174	111.5	112.5	16.5	17.5	transparent
#ADADAD	113	17	174	112.5	113.5	16.5	17.5	transparent
#A9A9A9	114	17	170	113.5	114.5	16.5	17.5	transparent
#A6A6A6	115	17	167	114.5	115.5	16.5	17.5	transparent
#A4A4A4	116	17	165	115.5	116.5	16.5	17.5	transparent
#9A9A9A	117	17	155	116.5	117.5	16.5	17.5	transparent
#8D8D8D	118	17	142	117.5	118.5	16.5	17.5	transparent
#808080	119	17	129	118.5	119.5	16.5	17.5	transparent
#7B7B7B	120	17	124	119.5	120.5	16.5	17.5	transparent
#797979	121	17	122	120.5	121.5	16.5	17.5	transparent
#6E6E6E	122	17	111	121.5	122.5	16.5	17.5	transparent
#585858	123	17	89	122.5	123.5	16.5	17.5	transparent
#3D3D3D	124	17	62	123.5	124.5	16.5	17.5	transparent
#242424	125	17	37	124.5	125.5	16.5	17.5	transparent
#161616	126	17	23	125.5	126.5	16.5	17.5	transparent
#101010	127	17	17	126.5	127.5	16.5	17.5	transparent
#0B0B0B	128	17	12	127.5	128.5	16.5	17.5	transparent
#0D0D0D	129	17	14	128.5	129.5	16.5	17.5	transparent
#111111	130	17	18	129.5	130.5	16.5	17.5	transparent
#121212	131	17	19	130.5	131.5	16.5	17.5	transparent
#121212	132	17	19	131.5	132.5	16.5	17.5	transparent
#101010	133	17	17	132.5	133.5	16.5	17.5	transparent
#0D0D0D	134	17	14	133.5	134.5	16.5	17.5	transparent
#0A0A0A	135	17	11	134.5	135.5	16.5	17.5	transparent
#0A0A0A	136	17	11	135.5	136.5	16.5	17.5	transparent
#0C0C0C	137	17	13	136.5	137.5	16.5	17.5	transparent
#323232	138	17	51	137.5	138.5	16.5	17.5	transparent
#7C7C7C	139	17	125	138.5	139.5	16.5	17.5	transparent
#131313	0	16	20	-0.5	0.5	15.5	16.5	transparent
#131313	1	16	20	0.5	1.5	15.5	16.5	transparent
#131313	2	16	20	1.5	2.5	15.5	16.5	transparent
#131313	3	16	20	2.5	3.5	15.5	16.5	transparent
#131313	4	16	20	3.5	4.5	15.5	16.5	transparent
#131313	5	16	20	4.5	5.5	15.5	16.5	transparent
#131313	6	16	20	5.5	6.5	15.5	16.5	transparent
#131313	7	16	20	6.5	7.5	15.5	16.5	transparent
#131313	8	16	20	7.5	8.5	15.5	16.5	transparent
#131313	9	16	20	8.5	9.5	15.5	16.5	transparent
#131313	10	16	20	9.5	10.5	15.5	16.5	transparent
#131313	11	16	20	10.5	11.5	15.5	16.5	transparent
#121212	12	16	19	11.5	12.5	15.5	16.5	transparent
#101010	13	16	17	12.5	13.5	15.5	16.5	transparent
#0E0E0E	14	16	15	13.5	14.5	15.5	16.5	transparent
#0C0C0C	15	16	13	14.5	15.5	15.5	16.5	transparent
#0E0E0E	16	16	15	15.5	16.5	15.5	16.5	transparent
#161616	17	16	23	16.5	17.5	15.5	16.5	transparent
#272727	18	16	40	17.5	18.5	15.5	16.5	transparent
#404040	19	16	65	18.5	19.5	15.5	16.5	transparent
#575757	20	16	88	19.5	20.5	15.5	16.5	transparent
#646464	21	16	101	20.5	21.5	15.5	16.5	transparent
#6B6B6B	22	16	108	21.5	22.5	15.5	16.5	transparent
#666666	23	16	103	22.5	23.5	15.5	16.5	transparent
#717171	24	16	114	23.5	24.5	15.5	16.5	transparent
#7B7B7B	25	16	124	24.5	25.5	15.5	16.5	transparent
#838383	26	16	132	25.5	26.5	15.5	16.5	transparent
#8A8A8A	27	16	139	26.5	27.5	15.5	16.5	transparent
#8D8D8D	28	16	142	27.5	28.5	15.5	16.5	transparent
#929292	29	16	147	28.5	29.5	15.5	16.5	transparent
#989898	30	16	153	29.5	30.5	15.5	16.5	transparent
#9D9D9D	31	16	158	30.5	31.5	15.5	16.5	transparent
#A3A3A3	32	16	164	31.5	32.5	15.5	16.5	transparent
#A8A8A8	33	16	169	32.5	33.5	15.5	16.5	transparent
#ACACAC	34	16	173	33.5	34.5	15.5	16.5	transparent
#B0B0B0	35	16	177	34.5	35.5	15.5	16.5	transparent
#B3B3B3	36	16	180	35.5	36.5	15.5	16.5	transparent
#B7B7B7	37	16	184	36.5	37.5	15.5	16.5	transparent
#BBBBBB	38	16	188	37.5	38.5	15.5	16.5	transparent
#BEBEBE	39	16	191	38.5	39.5	15.5	16.5	transparent
#C0C0C0	40	16	193	39.5	40.5	15.5	16.5	transparent
#C1C1C1	41	16	194	40.5	41.5	15.5	16.5	transparent
#C4C4C4	42	16	197	41.5	42.5	15.5	16.5	transparent
#C6C6C6	43	16	199	42.5	43.5	15.5	16.5	transparent
#C9C9C9	44	16	202	43.5	44.5	15.5	16.5	transparent
#CCCCCC	45	16	205	44.5	45.5	15.5	16.5	transparent
#CECECE	46	16	207	45.5	46.5	15.5	16.5	transparent
#CFCFCF	47	16	208	46.5	47.5	15.5	16.5	transparent
#D1D1D1	48	16	210	47.5	48.5	15.5	16.5	transparent
#D3D3D3	49	16	212	48.5	49.5	15.5	16.5	transparent
#D2D2D2	50	16	211	49.5	50.5	15.5	16.5	transparent
#D4D4D4	51	16	213	50.5	51.5	15.5	16.5	transparent
#D5D5D5	52	16	214	51.5	52.5	15.5	16.5	transparent
#D6D6D6	53	16	215	52.5	53.5	15.5	16.5	transparent
#D8D8D8	54	16	217	53.5	54.5	15.5	16.5	transparent
#D8D8D8	55	16	217	54.5	55.5	15.5	16.5	transparent
#D9D9D9	56	16	218	55.5	56.5	15.5	16.5	transparent
#D9D9D9	57	16	218	56.5	57.5	15.5	16.5	transparent
#DBDBDB	58	16	220	57.5	58.5	15.5	16.5	transparent
#DEDEDE	59	16	223	58.5	59.5	15.5	16.5	transparent
#DFDFDF	60	16	224	59.5	60.5	15.5	16.5	transparent
#DFDFDF	61	16	224	60.5	61.5	15.5	16.5	transparent
#DFDFDF	62	16	224	61.5	62.5	15.5	16.5	transparent
#DFDFDF	63	16	224	62.5	63.5	15.5	16.5	transparent
#E0E0E0	64	16	225	63.5	64.5	15.5	16.5	transparent
#E5E5E5	65	16	230	64.5	65.5	15.5	16.5	transparent
#E6E6E6	66	16	231	65.5	66.5	15.5	16.5	transparent
#E4E4E4	67	16	229	66.5	67.5	15.5	16.5	transparent
#E4E4E4	68	16	229	67.5	68.5	15.5	16.5	transparent
#E3E3E3	69	16	228	68.5	69.5	15.5	16.5	transparent
#E1E1E1	70	16	226	69.5	70.5	15.5	16.5	transparent
#E2E2E2	71	16	227	70.5	71.5	15.5	16.5	transparent
#E1E1E1	72	16	226	71.5	72.5	15.5	16.5	transparent
#E1E1E1	73	16	226	72.5	73.5	15.5	16.5	transparent
#E3E3E3	74	16	228	73.5	74.5	15.5	16.5	transparent
#E4E4E4	75	16	229	74.5	75.5	15.5	16.5	transparent
#E5E5E5	76	16	230	75.5	76.5	15.5	16.5	transparent
#E5E5E5	77	16	230	76.5	77.5	15.5	16.5	transparent
#E6E6E6	78	16	231	77.5	78.5	15.5	16.5	transparent
#E2E2E2	79	16	227	78.5	79.5	15.5	16.5	transparent
#E0E0E0	80	16	225	79.5	80.5	15.5	16.5	transparent
#E0E0E0	81	16	225	80.5	81.5	15.5	16.5	transparent
#DEDEDE	82	16	223	81.5	82.5	15.5	16.5	transparent
#DEDEDE	83	16	223	82.5	83.5	15.5	16.5	transparent
#DFDFDF	84	16	224	83.5	84.5	15.5	16.5	transparent
#DCDCDC	85	16	221	84.5	85.5	15.5	16.5	transparent
#DBDBDB	86	16	220	85.5	86.5	15.5	16.5	transparent
#DCDCDC	87	16	221	86.5	87.5	15.5	16.5	transparent
#DCDCDC	88	16	221	87.5	88.5	15.5	16.5	transparent
#DCDCDC	89	16	221	88.5	89.5	15.5	16.5	transparent
#DBDBDB	90	16	220	89.5	90.5	15.5	16.5	transparent
#D9D9D9	91	16	218	90.5	91.5	15.5	16.5	transparent
#D9D9D9	92	16	218	91.5	92.5	15.5	16.5	transparent
#D7D7D7	93	16	216	92.5	93.5	15.5	16.5	transparent
#D7D7D7	94	16	216	93.5	94.5	15.5	16.5	transparent
#D6D6D6	95	16	215	94.5	95.5	15.5	16.5	transparent
#D5D5D5	96	16	214	95.5	96.5	15.5	16.5	transparent
#D4D4D4	97	16	213	96.5	97.5	15.5	16.5	transparent
#D2D2D2	98	16	211	97.5	98.5	15.5	16.5	transparent
#D0D0D0	99	16	209	98.5	99.5	15.5	16.5	transparent
#CDCDCD	100	16	206	99.5	100.5	15.5	16.5	transparent
#C9C9C9	101	16	202	100.5	101.5	15.5	16.5	transparent
#C9C9C9	102	16	202	101.5	102.5	15.5	16.5	transparent
#C9C9C9	103	16	202	102.5	103.5	15.5	16.5	transparent
#C4C4C4	104	16	197	103.5	104.5	15.5	16.5	transparent
#C3C3C3	105	16	196	104.5	105.5	15.5	16.5	transparent
#C3C3C3	106	16	196	105.5	106.5	15.5	16.5	transparent
#C4C4C4	107	16	197	106.5	107.5	15.5	16.5	transparent
#C2C2C2	108	16	195	107.5	108.5	15.5	16.5	transparent
#BDBDBD	109	16	190	108.5	109.5	15.5	16.5	transparent
#B8B8B8	110	16	185	109.5	110.5	15.5	16.5	transparent
#B3B3B3	111	16	180	110.5	111.5	15.5	16.5	transparent
#ADADAD	112	16	174	111.5	112.5	15.5	16.5	transparent
#ACACAC	113	16	173	112.5	113.5	15.5	16.5	transparent
#ABABAB	114	16	172	113.5	114.5	15.5	16.5	transparent
#A9A9A9	115	16	170	114.5	115.5	15.5	16.5	transparent
#A6A6A6	116	16	167	115.5	116.5	15.5	16.5	transparent
#9D9D9D	117	16	158	116.5	117.5	15.5	16.5	transparent
#919191	118	16	146	117.5	118.5	15.5	16.5	transparent
#868686	119	16	135	118.5	119.5	15.5	16.5	transparent
#808080	120	16	129	119.5	120.5	15.5	16.5	transparent
#777777	121	16	120	120.5	121.5	15.5	16.5	transparent
#696969	122	16	106	121.5	122.5	15.5	16.5	transparent
#525252	123	16	83	122.5	123.5	15.5	16.5	transparent
#373737	124	16	56	123.5	124.5	15.5	16.5	transparent
#212121	125	16	34	124.5	125.5	15.5	16.5	transparent
#151515	126	16	22	125.5	126.5	15.5	16.5	transparent
#0D0D0D	127	16	14	126.5	127.5	15.5	16.5	transparent
#0B0B0B	128	16	12	127.5	128.5	15.5	16.5	transparent
#0E0E0E	129	16	15	128.5	129.5	15.5	16.5	transparent
#111111	130	16	18	129.5	130.5	15.5	16.5	transparent
#121212	131	16	19	130.5	131.5	15.5	16.5	transparent
#121212	132	16	19	131.5	132.5	15.5	16.5	transparent
#101010	133	16	17	132.5	133.5	15.5	16.5	transparent
#0C0C0C	134	16	13	133.5	134.5	15.5	16.5	transparent
#0A0A0A	135	16	11	134.5	135.5	15.5	16.5	transparent
#0A0A0A	136	16	11	135.5	136.5	15.5	16.5	transparent
#0C0C0C	137	16	13	136.5	137.5	15.5	16.5	transparent
#333333	138	16	52	137.5	138.5	15.5	16.5	transparent
#7C7C7C	139	16	125	138.5	139.5	15.5	16.5	transparent
#131313	0	15	20	-0.5	0.5	14.5	15.5	transparent
#131313	1	15	20	0.5	1.5	14.5	15.5	transparent
#131313	2	15	20	1.5	2.5	14.5	15.5	transparent
#131313	3	15	20	2.5	3.5	14.5	15.5	transparent
#131313	4	15	20	3.5	4.5	14.5	15.5	transparent
#131313	5	15	20	4.5	5.5	14.5	15.5	transparent
#131313	6	15	20	5.5	6.5	14.5	15.5	transparent
#131313	7	15	20	6.5	7.5	14.5	15.5	transparent
#131313	8	15	20	7.5	8.5	14.5	15.5	transparent
#131313	9	15	20	8.5	9.5	14.5	15.5	transparent
#131313	10	15	20	9.5	10.5	14.5	15.5	transparent
#131313	11	15	20	10.5	11.5	14.5	15.5	transparent
#121212	12	15	19	11.5	12.5	14.5	15.5	transparent
#111111	13	15	18	12.5	13.5	14.5	15.5	transparent
#0E0E0E	14	15	15	13.5	14.5	14.5	15.5	transparent
#0D0D0D	15	15	14	14.5	15.5	14.5	15.5	transparent
#0E0E0E	16	15	15	15.5	16.5	14.5	15.5	transparent
#131313	17	15	20	16.5	17.5	14.5	15.5	transparent
#222222	18	15	35	17.5	18.5	14.5	15.5	transparent
#3B3B3B	19	15	60	18.5	19.5	14.5	15.5	transparent
#525252	20	15	83	19.5	20.5	14.5	15.5	transparent
#616161	21	15	98	20.5	21.5	14.5	15.5	transparent
#6D6D6D	22	15	110	21.5	22.5	14.5	15.5	transparent
#767676	23	15	119	22.5	23.5	14.5	15.5	transparent
#7E7E7E	24	15	127	23.5	24.5	14.5	15.5	transparent
#818181	25	15	130	24.5	25.5	14.5	15.5	transparent
#868686	26	15	135	25.5	26.5	14.5	15.5	transparent
#898989	27	15	138	26.5	27.5	14.5	15.5	transparent
#8E8E8E	28	15	143	27.5	28.5	14.5	15.5	transparent
#959595	29	15	150	28.5	29.5	14.5	15.5	transparent
#9A9A9A	30	15	155	29.5	30.5	14.5	15.5	transparent
#A0A0A0	31	15	161	30.5	31.5	14.5	15.5	transparent
#A5A5A5	32	15	166	31.5	32.5	14.5	15.5	transparent
#AAAAAA	33	15	171	32.5	33.5	14.5	15.5	transparent
#AEAEAE	34	15	175	33.5	34.5	14.5	15.5	transparent
#B2B2B2	35	15	179	34.5	35.5	14.5	15.5	transparent
#B5B5B5	36	15	182	35.5	36.5	14.5	15.5	transparent
#B8B8B8	37	15	185	36.5	37.5	14.5	15.5	transparent
#BCBCBC	38	15	189	37.5	38.5	14.5	15.5	transparent
#BFBFBF	39	15	192	38.5	39.5	14.5	15.5	transparent
#C1C1C1	40	15	194	39.5	40.5	14.5	15.5	transparent
#C3C3C3	41	15	196	40.5	41.5	14.5	15.5	transparent
#C5C5C5	42	15	198	41.5	42.5	14.5	15.5	transparent
#C9C9C9	43	15	202	42.5	43.5	14.5	15.5	transparent
#CDCDCD	44	15	206	43.5	44.5	14.5	15.5	transparent
#CFCFCF	45	15	208	44.5	45.5	14.5	15.5	transparent
#D0D0D0	46	15	209	45.5	46.5	14.5	15.5	transparent
#D2D2D2	47	15	211	46.5	47.5	14.5	15.5	transparent
#D3D3D3	48	15	212	47.5	48.5	14.5	15.5	transparent
#D4D4D4	49	15	213	48.5	49.5	14.5	15.5	transparent
#D4D4D4	50	15	213	49.5	50.5	14.5	15.5	transparent
#D6D6D6	51	15	215	50.5	51.5	14.5	15.5	transparent
#D7D7D7	52	15	216	51.5	52.5	14.5	15.5	transparent
#D9D9D9	53	15	218	52.5	53.5	14.5	15.5	transparent
#D9D9D9	54	15	218	53.5	54.5	14.5	15.5	transparent
#DADADA	55	15	219	54.5	55.5	14.5	15.5	transparent
#DCDCDC	56	15	221	55.5	56.5	14.5	15.5	transparent
#DDDDDD	57	15	222	56.5	57.5	14.5	15.5	transparent
#DEDEDE	58	15	223	57.5	58.5	14.5	15.5	transparent
#DFDFDF	59	15	224	58.5	59.5	14.5	15.5	transparent
#DFDFDF	60	15	224	59.5	60.5	14.5	15.5	transparent
#E0E0E0	61	15	225	60.5	61.5	14.5	15.5	transparent
#E0E0E0	62	15	225	61.5	62.5	14.5	15.5	transparent
#E0E0E0	63	15	225	62.5	63.5	14.5	15.5	transparent
#DFDFDF	64	15	224	63.5	64.5	14.5	15.5	transparent
#E6E6E6	65	15	231	64.5	65.5	14.5	15.5	transparent
#E8E8E8	66	15	233	65.5	66.5	14.5	15.5	transparent
#E6E6E6	67	15	231	66.5	67.5	14.5	15.5	transparent
#E5E5E5	68	15	230	67.5	68.5	14.5	15.5	transparent
#E4E4E4	69	15	229	68.5	69.5	14.5	15.5	transparent
#E5E5E5	70	15	230	69.5	70.5	14.5	15.5	transparent
#E8E8E8	71	15	233	70.5	71.5	14.5	15.5	transparent
#E7E7E7	72	15	232	71.5	72.5	14.5	15.5	transparent
#E4E4E4	73	15	229	72.5	73.5	14.5	15.5	transparent
#E4E4E4	74	15	229	73.5	74.5	14.5	15.5	transparent
#E5E5E5	75	15	230	74.5	75.5	14.5	15.5	transparent
#E6E6E6	76	15	231	75.5	76.5	14.5	15.5	transparent
#E8E8E8	77	15	233	76.5	77.5	14.5	15.5	transparent
#E9E9E9	78	15	234	77.5	78.5	14.5	15.5	transparent
#E4E4E4	79	15	229	78.5	79.5	14.5	15.5	transparent
#E0E0E0	80	15	225	79.5	80.5	14.5	15.5	transparent
#E0E0E0	81	15	225	80.5	81.5	14.5	15.5	transparent
#DEDEDE	82	15	223	81.5	82.5	14.5	15.5	transparent
#DFDFDF	83	15	224	82.5	83.5	14.5	15.5	transparent
#DFDFDF	84	15	224	83.5	84.5	14.5	15.5	transparent
#DDDDDD	85	15	222	84.5	85.5	14.5	15.5	transparent
#DDDDDD	86	15	222	85.5	86.5	14.5	15.5	transparent
#DDDDDD	87	15	222	86.5	87.5	14.5	15.5	transparent
#DEDEDE	88	15	223	87.5	88.5	14.5	15.5	transparent
#DCDCDC	89	15	221	88.5	89.5	14.5	15.5	transparent
#DDDDDD	90	15	222	89.5	90.5	14.5	15.5	transparent
#DBDBDB	91	15	220	90.5	91.5	14.5	15.5	transparent
#DADADA	92	15	219	91.5	92.5	14.5	15.5	transparent
#D8D8D8	93	15	217	92.5	93.5	14.5	15.5	transparent
#D7D7D7	94	15	216	93.5	94.5	14.5	15.5	transparent
#D6D6D6	95	15	215	94.5	95.5	14.5	15.5	transparent
#D5D5D5	96	15	214	95.5	96.5	14.5	15.5	transparent
#D4D4D4	97	15	213	96.5	97.5	14.5	15.5	transparent
#D1D1D1	98	15	210	97.5	98.5	14.5	15.5	transparent
#D0D0D0	99	15	209	98.5	99.5	14.5	15.5	transparent
#CECECE	100	15	207	99.5	100.5	14.5	15.5	transparent
#C9C9C9	101	15	202	100.5	101.5	14.5	15.5	transparent
#C6C6C6	102	15	199	101.5	102.5	14.5	15.5	transparent
#C5C5C5	103	15	198	102.5	103.5	14.5	15.5	transparent
#C4C4C4	104	15	197	103.5	104.5	14.5	15.5	transparent
#C2C2C2	105	15	195	104.5	105.5	14.5	15.5	transparent
#C2C2C2	106	15	195	105.5	106.5	14.5	15.5	transparent
#C4C4C4	107	15	197	106.5	107.5	14.5	15.5	transparent
#C3C3C3	108	15	196	107.5	108.5	14.5	15.5	transparent
#BFBFBF	109	15	192	108.5	109.5	14.5	15.5	transparent
#BBBBBB	110	15	188	109.5	110.5	14.5	15.5	transparent
#B5B5B5	111	15	182	110.5	111.5	14.5	15.5	transparent
#B1B1B1	112	15	178	111.5	112.5	14.5	15.5	transparent
#ADADAD	113	15	174	112.5	113.5	14.5	15.5	transparent
#ADADAD	114	15	174	113.5	114.5	14.5	15.5	transparent
#ACACAC	115	15	173	114.5	115.5	14.5	15.5	transparent
#A6A6A6	116	15	167	115.5	116.5	14.5	15.5	transparent
#9C9C9C	117	15	157	116.5	117.5	14.5	15.5	transparent
#909090	118	15	145	117.5	118.5	14.5	15.5	transparent
#878787	119	15	136	118.5	119.5	14.5	15.5	transparent
#7F7F7F	120	15	128	119.5	120.5	14.5	15.5	transparent
#747474	121	15	117	120.5	121.5	14.5	15.5	transparent
#646464	122	15	101	121.5	122.5	14.5	15.5	transparent
#4C4C4C	123	15	77	122.5	123.5	14.5	15.5	transparent
#313131	124	15	50	123.5	124.5	14.5	15.5	transparent
#1E1E1E	125	15	31	124.5	125.5	14.5	15.5	transparent
#131313	126	15	20	125.5	126.5	14.5	15.5	transparent
#0B0B0B	127	15	12	126.5	127.5	14.5	15.5	transparent
#0B0B0B	128	15	12	127.5	128.5	14.5	15.5	transparent
#0F0F0F	129	15	16	128.5	129.5	14.5	15.5	transparent
#111111	130	15	18	129.5	130.5	14.5	15.5	transparent
#131313	131	15	20	130.5	131.5	14.5	15.5	transparent
#131313	132	15	20	131.5	132.5	14.5	15.5	transparent
#111111	133	15	18	132.5	133.5	14.5	15.5	transparent
#0D0D0D	134	15	14	133.5	134.5	14.5	15.5	transparent
#0A0A0A	135	15	11	134.5	135.5	14.5	15.5	transparent
#090909	136	15	10	135.5	136.5	14.5	15.5	transparent
#0C0C0C	137	15	13	136.5	137.5	14.5	15.5	transparent
#343434	138	15	53	137.5	138.5	14.5	15.5	transparent
#7E7E7E	139	15	127	138.5	139.5	14.5	15.5	transparent
#131313	0	14	20	-0.5	0.5	13.5	14.5	transparent
#131313	1	14	20	0.5	1.5	13.5	14.5	transparent
#131313	2	14	20	1.5	2.5	13.5	14.5	transparent
#131313	3	14	20	2.5	3.5	13.5	14.5	transparent
#131313	4	14	20	3.5	4.5	13.5	14.5	transparent
#131313	5	14	20	4.5	5.5	13.5	14.5	transparent
#131313	6	14	20	5.5	6.5	13.5	14.5	transparent
#131313	7	14	20	6.5	7.5	13.5	14.5	transparent
#131313	8	14	20	7.5	8.5	13.5	14.5	transparent
#131313	9	14	20	8.5	9.5	13.5	14.5	transparent
#131313	10	14	20	9.5	10.5	13.5	14.5	transparent
#131313	11	14	20	10.5	11.5	13.5	14.5	transparent
#121212	12	14	19	11.5	12.5	13.5	14.5	transparent
#111111	13	14	18	12.5	13.5	13.5	14.5	transparent
#0E0E0E	14	14	15	13.5	14.5	13.5	14.5	transparent
#0D0D0D	15	14	14	14.5	15.5	13.5	14.5	transparent
#0E0E0E	16	14	15	15.5	16.5	13.5	14.5	transparent
#131313	17	14	20	16.5	17.5	13.5	14.5	transparent
#1F1F1F	18	14	32	17.5	18.5	13.5	14.5	transparent
#363636	19	14	55	18.5	19.5	13.5	14.5	transparent
#4D4D4D	20	14	78	19.5	20.5	13.5	14.5	transparent
#5F5F5F	21	14	96	20.5	21.5	13.5	14.5	transparent
#6D6D6D	22	14	110	21.5	22.5	13.5	14.5	transparent
#7B7B7B	23	14	124	22.5	23.5	13.5	14.5	transparent
#838383	24	14	132	23.5	24.5	13.5	14.5	transparent
#878787	25	14	136	24.5	25.5	13.5	14.5	transparent
#898989	26	14	138	25.5	26.5	13.5	14.5	transparent
#8B8B8B	27	14	140	26.5	27.5	13.5	14.5	transparent
#8F8F8F	28	14	144	27.5	28.5	13.5	14.5	transparent
#959595	29	14	150	28.5	29.5	13.5	14.5	transparent
#9C9C9C	30	14	157	29.5	30.5	13.5	14.5	transparent
#A1A1A1	31	14	162	30.5	31.5	13.5	14.5	transparent
#A5A5A5	32	14	166	31.5	32.5	13.5	14.5	transparent
#A9A9A9	33	14	170	32.5	33.5	13.5	14.5	transparent
#AEAEAE	34	14	175	33.5	34.5	13.5	14.5	transparent
#B2B2B2	35	14	179	34.5	35.5	13.5	14.5	transparent
#B6B6B6	36	14	183	35.5	36.5	13.5	14.5	transparent
#BABABA	37	14	187	36.5	37.5	13.5	14.5	transparent
#BDBDBD	38	14	190	37.5	38.5	13.5	14.5	transparent
#C1C1C1	39	14	194	38.5	39.5	13.5	14.5	transparent
#C2C2C2	40	14	195	39.5	40.5	13.5	14.5	transparent
#C4C4C4	41	14	197	40.5	41.5	13.5	14.5	transparent
#C8C8C8	42	14	201	41.5	42.5	13.5	14.5	transparent
#CBCBCB	43	14	204	42.5	43.5	13.5	14.5	transparent
#CECECE	44	14	207	43.5	44.5	13.5	14.5	transparent
#D0D0D0	45	14	209	44.5	45.5	13.5	14.5	transparent
#D2D2D2	46	14	211	45.5	46.5	13.5	14.5	transparent
#D2D2D2	47	14	211	46.5	47.5	13.5	14.5	transparent
#D4D4D4	48	14	213	47.5	48.5	13.5	14.5	transparent
#D4D4D4	49	14	213	48.5	49.5	13.5	14.5	transparent
#D6D6D6	50	14	215	49.5	50.5	13.5	14.5	transparent
#D8D8D8	51	14	217	50.5	51.5	13.5	14.5	transparent
#D9D9D9	52	14	218	51.5	52.5	13.5	14.5	transparent
#D9D9D9	53	14	218	52.5	53.5	13.5	14.5	transparent
#DBDBDB	54	14	220	53.5	54.5	13.5	14.5	transparent
#DDDDDD	55	14	222	54.5	55.5	13.5	14.5	transparent
#DDDDDD	56	14	222	55.5	56.5	13.5	14.5	transparent
#DEDEDE	57	14	223	56.5	57.5	13.5	14.5	transparent
#DEDEDE	58	14	223	57.5	58.5	13.5	14.5	transparent
#DFDFDF	59	14	224	58.5	59.5	13.5	14.5	transparent
#DEDEDE	60	14	223	59.5	60.5	13.5	14.5	transparent
#DFDFDF	61	14	224	60.5	61.5	13.5	14.5	transparent
#DFDFDF	62	14	224	61.5	62.5	13.5	14.5	transparent
#DFDFDF	63	14	224	62.5	63.5	13.5	14.5	transparent
#DFDFDF	64	14	224	63.5	64.5	13.5	14.5	transparent
#E5E5E5	65	14	230	64.5	65.5	13.5	14.5	transparent
#EAEAEA	66	14	235	65.5	66.5	13.5	14.5	transparent
#E8E8E8	67	14	233	66.5	67.5	13.5	14.5	transparent
#E6E6E6	68	14	231	67.5	68.5	13.5	14.5	transparent
#E5E5E5	69	14	230	68.5	69.5	13.5	14.5	transparent
#E4E4E4	70	14	229	69.5	70.5	13.5	14.5	transparent
#E6E6E6	71	14	231	70.5	71.5	13.5	14.5	transparent
#E6E6E6	72	14	231	71.5	72.5	13.5	14.5	transparent
#E4E4E4	73	14	229	72.5	73.5	13.5	14.5	transparent
#E4E4E4	74	14	229	73.5	74.5	13.5	14.5	transparent
#E5E5E5	75	14	230	74.5	75.5	13.5	14.5	transparent
#E7E7E7	76	14	232	75.5	76.5	13.5	14.5	transparent
#E9E9E9	77	14	234	76.5	77.5	13.5	14.5	transparent
#E8E8E8	78	14	233	77.5	78.5	13.5	14.5	transparent
#E4E4E4	79	14	229	78.5	79.5	13.5	14.5	transparent
#E1E1E1	80	14	226	79.5	80.5	13.5	14.5	transparent
#DFDFDF	81	14	224	80.5	81.5	13.5	14.5	transparent
#DEDEDE	82	14	223	81.5	82.5	13.5	14.5	transparent
#E0E0E0	83	14	225	82.5	83.5	13.5	14.5	transparent
#DFDFDF	84	14	224	83.5	84.5	13.5	14.5	transparent
#DDDDDD	85	14	222	84.5	85.5	13.5	14.5	transparent
#DCDCDC	86	14	221	85.5	86.5	13.5	14.5	transparent
#DDDDDD	87	14	222	86.5	87.5	13.5	14.5	transparent
#DDDDDD	88	14	222	87.5	88.5	13.5	14.5	transparent
#DDDDDD	89	14	222	88.5	89.5	13.5	14.5	transparent
#DEDEDE	90	14	223	89.5	90.5	13.5	14.5	transparent
#DCDCDC	91	14	221	90.5	91.5	13.5	14.5	transparent
#DADADA	92	14	219	91.5	92.5	13.5	14.5	transparent
#D9D9D9	93	14	218	92.5	93.5	13.5	14.5	transparent
#D8D8D8	94	14	217	93.5	94.5	13.5	14.5	transparent
#D6D6D6	95	14	215	94.5	95.5	13.5	14.5	transparent
#D5D5D5	96	14	214	95.5	96.5	13.5	14.5	transparent
#D4D4D4	97	14	213	96.5	97.5	13.5	14.5	transparent
#D1D1D1	98	14	210	97.5	98.5	13.5	14.5	transparent
#D0D0D0	99	14	209	98.5	99.5	13.5	14.5	transparent
#CDCDCD	100	14	206	99.5	100.5	13.5	14.5	transparent
#C2C2C2	101	14	195	100.5	101.5	13.5	14.5	transparent
#B9B9B9	102	14	186	101.5	102.5	13.5	14.5	transparent
#B7B7B7	103	14	184	102.5	103.5	13.5	14.5	transparent
#B9B9B9	104	14	186	103.5	104.5	13.5	14.5	transparent
#BFBFBF	105	14	192	104.5	105.5	13.5	14.5	transparent
#C3C3C3	106	14	196	105.5	106.5	13.5	14.5	transparent
#C4C4C4	107	14	197	106.5	107.5	13.5	14.5	transparent
#C4C4C4	108	14	197	107.5	108.5	13.5	14.5	transparent
#C0C0C0	109	14	193	108.5	109.5	13.5	14.5	transparent
#BCBCBC	110	14	189	109.5	110.5	13.5	14.5	transparent
#B7B7B7	111	14	184	110.5	111.5	13.5	14.5	transparent
#B3B3B3	112	14	180	111.5	112.5	13.5	14.5	transparent
#AEAEAE	113	14	175	112.5	113.5	13.5	14.5	transparent
#ABABAB	114	14	172	113.5	114.5	13.5	14.5	transparent
#AAAAAA	115	14	171	114.5	115.5	13.5	14.5	transparent
#A4A4A4	116	14	165	115.5	116.5	13.5	14.5	transparent
#9C9C9C	117	14	157	116.5	117.5	13.5	14.5	transparent
#8F8F8F	118	14	144	117.5	118.5	13.5	14.5	transparent
#868686	119	14	135	118.5	119.5	13.5	14.5	transparent
#7B7B7B	120	14	124	119.5	120.5	13.5	14.5	transparent
#707070	121	14	113	120.5	121.5	13.5	14.5	transparent
#5E5E5E	122	14	95	121.5	122.5	13.5	14.5	transparent
#464646	123	14	71	122.5	123.5	13.5	14.5	transparent
#2D2D2D	124	14	46	123.5	124.5	13.5	14.5	transparent
#1D1D1D	125	14	30	124.5	125.5	13.5	14.5	transparent
#111111	126	14	18	125.5	126.5	13.5	14.5	transparent
#0A0A0A	127	14	11	126.5	127.5	13.5	14.5	transparent
#0D0D0D	128	14	14	127.5	128.5	13.5	14.5	transparent
#0F0F0F	129	14	16	128.5	129.5	13.5	14.5	transparent
#111111	130	14	18	129.5	130.5	13.5	14.5	transparent
#131313	131	14	20	130.5	131.5	13.5	14.5	transparent
#131313	132	14	20	131.5	132.5	13.5	14.5	transparent
#111111	133	14	18	132.5	133.5	13.5	14.5	transparent
#0D0D0D	134	14	14	133.5	134.5	13.5	14.5	transparent
#0A0A0A	135	14	11	134.5	135.5	13.5	14.5	transparent
#090909	136	14	10	135.5	136.5	13.5	14.5	transparent
#0C0C0C	137	14	13	136.5	137.5	13.5	14.5	transparent
#363636	138	14	55	137.5	138.5	13.5	14.5	transparent
#818181	139	14	130	138.5	139.5	13.5	14.5	transparent
#131313	0	13	20	-0.5	0.5	12.5	13.5	transparent
#131313	1	13	20	0.5	1.5	12.5	13.5	transparent
#131313	2	13	20	1.5	2.5	12.5	13.5	transparent
#131313	3	13	20	2.5	3.5	12.5	13.5	transparent
#131313	4	13	20	3.5	4.5	12.5	13.5	transparent
#131313	5	13	20	4.5	5.5	12.5	13.5	transparent
#131313	6	13	20	5.5	6.5	12.5	13.5	transparent
#131313	7	13	20	6.5	7.5	12.5	13.5	transparent
#131313	8	13	20	7.5	8.5	12.5	13.5	transparent
#131313	9	13	20	8.5	9.5	12.5	13.5	transparent
#131313	10	13	20	9.5	10.5	12.5	13.5	transparent
#131313	11	13	20	10.5	11.5	12.5	13.5	transparent
#131313	12	13	20	11.5	12.5	12.5	13.5	transparent
#111111	13	13	18	12.5	13.5	12.5	13.5	transparent
#0F0F0F	14	13	16	13.5	14.5	12.5	13.5	transparent
#0D0D0D	15	13	14	14.5	15.5	12.5	13.5	transparent
#0C0C0C	16	13	13	15.5	16.5	12.5	13.5	transparent
#121212	17	13	19	16.5	17.5	12.5	13.5	transparent
#1C1C1C	18	13	29	17.5	18.5	12.5	13.5	transparent
#303030	19	13	49	18.5	19.5	12.5	13.5	transparent
#484848	20	13	73	19.5	20.5	12.5	13.5	transparent
#5C5C5C	21	13	93	20.5	21.5	12.5	13.5	transparent
#6B6B6B	22	13	108	21.5	22.5	12.5	13.5	transparent
#7A7A7A	23	13	123	22.5	23.5	12.5	13.5	transparent
#828282	24	13	131	23.5	24.5	12.5	13.5	transparent
#888888	25	13	137	24.5	25.5	12.5	13.5	transparent
#8C8C8C	26	13	141	25.5	26.5	12.5	13.5	transparent
#8F8F8F	27	13	144	26.5	27.5	12.5	13.5	transparent
#939393	28	13	148	27.5	28.5	12.5	13.5	transparent
#989898	29	13	153	28.5	29.5	12.5	13.5	transparent
#9D9D9D	30	13	158	29.5	30.5	12.5	13.5	transparent
#A3A3A3	31	13	164	30.5	31.5	12.5	13.5	transparent
#A7A7A7	32	13	168	31.5	32.5	12.5	13.5	transparent
#ABABAB	33	13	172	32.5	33.5	12.5	13.5	transparent
#AEAEAE	34	13	175	33.5	34.5	12.5	13.5	transparent
#B3B3B3	35	13	180	34.5	35.5	12.5	13.5	transparent
#B7B7B7	36	13	184	35.5	36.5	12.5	13.5	transparent
#B9B9B9	37	13	186	36.5	37.5	12.5	13.5	transparent
#BDBDBD	38	13	190	37.5	38.5	12.5	13.5	transparent
#C1C1C1	39	13	194	38.5	39.5	12.5	13.5	transparent
#C3C3C3	40	13	196	39.5	40.5	12.5	13.5	transparent
#C6C6C6	41	13	199	40.5	41.5	12.5	13.5	transparent
#CBCBCB	42	13	204	41.5	42.5	12.5	13.5	transparent
#CDCDCD	43	13	206	42.5	43.5	12.5	13.5	transparent
#CFCFCF	44	13	208	43.5	44.5	12.5	13.5	transparent
#D1D1D1	45	13	210	44.5	45.5	12.5	13.5	transparent
#D3D3D3	46	13	212	45.5	46.5	12.5	13.5	transparent
#D2D2D2	47	13	211	46.5	47.5	12.5	13.5	transparent
#D4D4D4	48	13	213	47.5	48.5	12.5	13.5	transparent
#D7D7D7	49	13	216	48.5	49.5	12.5	13.5	transparent
#D9D9D9	50	13	218	49.5	50.5	12.5	13.5	transparent
#DADADA	51	13	219	50.5	51.5	12.5	13.5	transparent
#DBDBDB	52	13	220	51.5	52.5	12.5	13.5	transparent
#DCDCDC	53	13	221	52.5	53.5	12.5	13.5	transparent
#DEDEDE	54	13	223	53.5	54.5	12.5	13.5	transparent
#DEDEDE	55	13	223	54.5	55.5	12.5	13.5	transparent
#DEDEDE	56	13	223	55.5	56.5	12.5	13.5	transparent
#DEDEDE	57	13	223	56.5	57.5	12.5	13.5	transparent
#E0E0E0	58	13	225	57.5	58.5	12.5	13.5	transparent
#E0E0E0	59	13	225	58.5	59.5	12.5	13.5	transparent
#E0E0E0	60	13	225	59.5	60.5	12.5	13.5	transparent
#DFDFDF	61	13	224	60.5	61.5	12.5	13.5	transparent
#DFDFDF	62	13	224	61.5	62.5	12.5	13.5	transparent
#DFDFDF	63	13	224	62.5	63.5	12.5	13.5	transparent
#E0E0E0	64	13	225	63.5	64.5	12.5	13.5	transparent
#E5E5E5	65	13	230	64.5	65.5	12.5	13.5	transparent
#E7E7E7	66	13	232	65.5	66.5	12.5	13.5	transparent
#E9E9E9	67	13	234	66.5	67.5	12.5	13.5	transparent
#E9E9E9	68	13	234	67.5	68.5	12.5	13.5	transparent
#E6E6E6	69	13	231	68.5	69.5	12.5	13.5	transparent
#E6E6E6	70	13	231	69.5	70.5	12.5	13.5	transparent
#E8E8E8	71	13	233	70.5	71.5	12.5	13.5	transparent
#E8E8E8	72	13	233	71.5	72.5	12.5	13.5	transparent
#E6E6E6	73	13	231	72.5	73.5	12.5	13.5	transparent
#E6E6E6	74	13	231	73.5	74.5	12.5	13.5	transparent
#E8E8E8	75	13	233	74.5	75.5	12.5	13.5	transparent
#EAEAEA	76	13	235	75.5	76.5	12.5	13.5	transparent
#E9E9E9	77	13	234	76.5	77.5	12.5	13.5	transparent
#E5E5E5	78	13	230	77.5	78.5	12.5	13.5	transparent
#E3E3E3	79	13	228	78.5	79.5	12.5	13.5	transparent
#E1E1E1	80	13	226	79.5	80.5	12.5	13.5	transparent
#DFDFDF	81	13	224	80.5	81.5	12.5	13.5	transparent
#DFDFDF	82	13	224	81.5	82.5	12.5	13.5	transparent
#E0E0E0	83	13	225	82.5	83.5	12.5	13.5	transparent
#E1E1E1	84	13	226	83.5	84.5	12.5	13.5	transparent
#DFDFDF	85	13	224	84.5	85.5	12.5	13.5	transparent
#DEDEDE	86	13	223	85.5	86.5	12.5	13.5	transparent
#DEDEDE	87	13	223	86.5	87.5	12.5	13.5	transparent
#DFDFDF	88	13	224	87.5	88.5	12.5	13.5	transparent
#DFDFDF	89	13	224	88.5	89.5	12.5	13.5	transparent
#DFDFDF	90	13	224	89.5	90.5	12.5	13.5	transparent
#DDDDDD	91	13	222	90.5	91.5	12.5	13.5	transparent
#DBDBDB	92	13	220	91.5	92.5	12.5	13.5	transparent
#D9D9D9	93	13	218	92.5	93.5	12.5	13.5	transparent
#D9D9D9	94	13	218	93.5	94.5	12.5	13.5	transparent
#D7D7D7	95	13	216	94.5	95.5	12.5	13.5	transparent
#D4D4D4	96	13	213	95.5	96.5	12.5	13.5	transparent
#D3D3D3	97	13	212	96.5	97.5	12.5	13.5	transparent
#D1D1D1	98	13	210	97.5	98.5	12.5	13.5	transparent
#CDCDCD	99	13	206	98.5	99.5	12.5	13.5	transparent
#C3C3C3	100	13	196	99.5	100.5	12.5	13.5	transparent
#B8B8B8	101	13	185	100.5	101.5	12.5	13.5	transparent
#B3B3B3	102	13	180	101.5	102.5	12.5	13.5	transparent
#ADADAD	103	13	174	102.5	103.5	12.5	13.5	transparent
#AAAAAA	104	13	171	103.5	104.5	12.5	13.5	transparent
#B1B1B1	105	13	178	104.5	105.5	12.5	13.5	transparent
#C0C0C0	106	13	193	105.5	106.5	12.5	13.5	transparent
#C5C5C5	107	13	198	106.5	107.5	12.5	13.5	transparent
#C3C3C3	108	13	196	107.5	108.5	12.5	13.5	transparent
#C0C0C0	109	13	193	108.5	109.5	12.5	13.5	transparent
#BCBCBC	110	13	189	109.5	110.5	12.5	13.5	transparent
#B7B7B7	111	13	184	110.5	111.5	12.5	13.5	transparent
#B2B2B2	112	13	179	111.5	112.5	12.5	13.5	transparent
#ADADAD	113	13	174	112.5	113.5	12.5	13.5	transparent
#AAAAAA	114	13	171	113.5	114.5	12.5	13.5	transparent
#A7A7A7	115	13	168	114.5	115.5	12.5	13.5	transparent
#A2A2A2	116	13	163	115.5	116.5	12.5	13.5	transparent
#9A9A9A	117	13	155	116.5	117.5	12.5	13.5	transparent
#919191	118	13	146	117.5	118.5	12.5	13.5	transparent
#868686	119	13	135	118.5	119.5	12.5	13.5	transparent
#797979	120	13	122	119.5	120.5	12.5	13.5	transparent
#6C6C6C	121	13	109	120.5	121.5	12.5	13.5	transparent
#595959	122	13	90	121.5	122.5	12.5	13.5	transparent
#414141	123	13	66	122.5	123.5	12.5	13.5	transparent
#282828	124	13	41	123.5	124.5	12.5	13.5	transparent
#1A1A1A	125	13	27	124.5	125.5	12.5	13.5	transparent
#101010	126	13	17	125.5	126.5	12.5	13.5	transparent
#0A0A0A	127	13	11	126.5	127.5	12.5	13.5	transparent
#0D0D0D	128	13	14	127.5	128.5	12.5	13.5	transparent
#0F0F0F	129	13	16	128.5	129.5	12.5	13.5	transparent
#121212	130	13	19	129.5	130.5	12.5	13.5	transparent
#131313	131	13	20	130.5	131.5	12.5	13.5	transparent
#131313	132	13	20	131.5	132.5	12.5	13.5	transparent
#111111	133	13	18	132.5	133.5	12.5	13.5	transparent
#0D0D0D	134	13	14	133.5	134.5	12.5	13.5	transparent
#0A0A0A	135	13	11	134.5	135.5	12.5	13.5	transparent
#090909	136	13	10	135.5	136.5	12.5	13.5	transparent
#0C0C0C	137	13	13	136.5	137.5	12.5	13.5	transparent
#373737	138	13	56	137.5	138.5	12.5	13.5	transparent
#838383	139	13	132	138.5	139.5	12.5	13.5	transparent
#131313	0	12	20	-0.5	0.5	11.5	12.5	transparent
#131313	1	12	20	0.5	1.5	11.5	12.5	transparent
#131313	2	12	20	1.5	2.5	11.5	12.5	transparent
#131313	3	12	20	2.5	3.5	11.5	12.5	transparent
#131313	4	12	20	3.5	4.5	11.5	12.5	transparent
#131313	5	12	20	4.5	5.5	11.5	12.5	transparent
#131313	6	12	20	5.5	6.5	11.5	12.5	transparent
#131313	7	12	20	6.5	7.5	11.5	12.5	transparent
#131313	8	12	20	7.5	8.5	11.5	12.5	transparent
#131313	9	12	20	8.5	9.5	11.5	12.5	transparent
#131313	10	12	20	9.5	10.5	11.5	12.5	transparent
#131313	11	12	20	10.5	11.5	11.5	12.5	transparent
#131313	12	12	20	11.5	12.5	11.5	12.5	transparent
#121212	13	12	19	12.5	13.5	11.5	12.5	transparent
#0F0F0F	14	12	16	13.5	14.5	11.5	12.5	transparent
#0D0D0D	15	12	14	14.5	15.5	11.5	12.5	transparent
#0C0C0C	16	12	13	15.5	16.5	11.5	12.5	transparent
#111111	17	12	18	16.5	17.5	11.5	12.5	transparent
#191919	18	12	26	17.5	18.5	11.5	12.5	transparent
#2B2B2B	19	12	44	18.5	19.5	11.5	12.5	transparent
#444444	20	12	69	19.5	20.5	11.5	12.5	transparent
#565656	21	12	87	20.5	21.5	11.5	12.5	transparent
#686868	22	12	105	21.5	22.5	11.5	12.5	transparent
#787878	23	12	121	22.5	23.5	11.5	12.5	transparent
#7F7F7F	24	12	128	23.5	24.5	11.5	12.5	transparent
#848484	25	12	133	24.5	25.5	11.5	12.5	transparent
#888888	26	12	137	25.5	26.5	11.5	12.5	transparent
#909090	27	12	145	26.5	27.5	11.5	12.5	transparent
#959595	28	12	150	27.5	28.5	11.5	12.5	transparent
#9B9B9B	29	12	156	28.5	29.5	11.5	12.5	transparent
#A1A1A1	30	12	162	29.5	30.5	11.5	12.5	transparent
#A5A5A5	31	12	166	30.5	31.5	11.5	12.5	transparent
#A9A9A9	32	12	170	31.5	32.5	11.5	12.5	transparent
#ACACAC	33	12	173	32.5	33.5	11.5	12.5	transparent
#AFAFAF	34	12	176	33.5	34.5	11.5	12.5	transparent
#B4B4B4	35	12	181	34.5	35.5	11.5	12.5	transparent
#B8B8B8	36	12	185	35.5	36.5	11.5	12.5	transparent
#BBBBBB	37	12	188	36.5	37.5	11.5	12.5	transparent
#BEBEBE	38	12	191	37.5	38.5	11.5	12.5	transparent
#C0C0C0	39	12	193	38.5	39.5	11.5	12.5	transparent
#C5C5C5	40	12	198	39.5	40.5	11.5	12.5	transparent
#C9C9C9	41	12	202	40.5	41.5	11.5	12.5	transparent
#CDCDCD	42	12	206	41.5	42.5	11.5	12.5	transparent
#CFCFCF	43	12	208	42.5	43.5	11.5	12.5	transparent
#D0D0D0	44	12	209	43.5	44.5	11.5	12.5	transparent
#D3D3D3	45	12	212	44.5	45.5	11.5	12.5	transparent
#D4D4D4	46	12	213	45.5	46.5	11.5	12.5	transparent
#D3D3D3	47	12	212	46.5	47.5	11.5	12.5	transparent
#D7D7D7	48	12	216	47.5	48.5	11.5	12.5	transparent
#D8D8D8	49	12	217	48.5	49.5	11.5	12.5	transparent
#DADADA	50	12	219	49.5	50.5	11.5	12.5	transparent
#DBDBDB	51	12	220	50.5	51.5	11.5	12.5	transparent
#DCDCDC	52	12	221	51.5	52.5	11.5	12.5	transparent
#DDDDDD	53	12	222	52.5	53.5	11.5	12.5	transparent
#DEDEDE	54	12	223	53.5	54.5	11.5	12.5	transparent
#DEDEDE	55	12	223	54.5	55.5	11.5	12.5	transparent
#DFDFDF	56	12	224	55.5	56.5	11.5	12.5	transparent
#E0E0E0	57	12	225	56.5	57.5	11.5	12.5	transparent
#E0E0E0	58	12	225	57.5	58.5	11.5	12.5	transparent
#E0E0E0	59	12	225	58.5	59.5	11.5	12.5	transparent
#E0E0E0	60	12	225	59.5	60.5	11.5	12.5	transparent
#E1E1E1	61	12	226	60.5	61.5	11.5	12.5	transparent
#E1E1E1	62	12	226	61.5	62.5	11.5	12.5	transparent
#E0E0E0	63	12	225	62.5	63.5	11.5	12.5	transparent
#E2E2E2	64	12	227	63.5	64.5	11.5	12.5	transparent
#E5E5E5	65	12	230	64.5	65.5	11.5	12.5	transparent
#E6E6E6	66	12	231	65.5	66.5	11.5	12.5	transparent
#E8E8E8	67	12	233	66.5	67.5	11.5	12.5	transparent
#EBEBEB	68	12	236	67.5	68.5	11.5	12.5	transparent
#EAEAEA	69	12	235	68.5	69.5	11.5	12.5	transparent
#EAEAEA	70	12	235	69.5	70.5	11.5	12.5	transparent
#EAEAEA	71	12	235	70.5	71.5	11.5	12.5	transparent
#E8E8E8	72	12	233	71.5	72.5	11.5	12.5	transparent
#E8E8E8	73	12	233	72.5	73.5	11.5	12.5	transparent
#E8E8E8	74	12	233	73.5	74.5	11.5	12.5	transparent
#E9E9E9	75	12	234	74.5	75.5	11.5	12.5	transparent
#EBEBEB	76	12	236	75.5	76.5	11.5	12.5	transparent
#E9E9E9	77	12	234	76.5	77.5	11.5	12.5	transparent
#E6E6E6	78	12	231	77.5	78.5	11.5	12.5	transparent
#E5E5E5	79	12	230	78.5	79.5	11.5	12.5	transparent
#E3E3E3	80	12	228	79.5	80.5	11.5	12.5	transparent
#E0E0E0	81	12	225	80.5	81.5	11.5	12.5	transparent
#DFDFDF	82	12	224	81.5	82.5	11.5	12.5	transparent
#E2E2E2	83	12	227	82.5	83.5	11.5	12.5	transparent
#E0E0E0	84	12	225	83.5	84.5	11.5	12.5	transparent
#DEDEDE	85	12	223	84.5	85.5	11.5	12.5	transparent
#E0E0E0	86	12	225	85.5	86.5	11.5	12.5	transparent
#DFDFDF	87	12	224	86.5	87.5	11.5	12.5	transparent
#DEDEDE	88	12	223	87.5	88.5	11.5	12.5	transparent
#DFDFDF	89	12	224	88.5	89.5	11.5	12.5	transparent
#DEDEDE	90	12	223	89.5	90.5	11.5	12.5	transparent
#DDDDDD	91	12	222	90.5	91.5	11.5	12.5	transparent
#DBDBDB	92	12	220	91.5	92.5	11.5	12.5	transparent
#DADADA	93	12	219	92.5	93.5	11.5	12.5	transparent
#DADADA	94	12	219	93.5	94.5	11.5	12.5	transparent
#D6D6D6	95	12	215	94.5	95.5	11.5	12.5	transparent
#D4D4D4	96	12	213	95.5	96.5	11.5	12.5	transparent
#D3D3D3	97	12	212	96.5	97.5	11.5	12.5	transparent
#CFCFCF	98	12	208	97.5	98.5	11.5	12.5	transparent
#C6C6C6	99	12	199	98.5	99.5	11.5	12.5	transparent
#BABABA	100	12	187	99.5	100.5	11.5	12.5	transparent
#B7B7B7	101	12	184	100.5	101.5	11.5	12.5	transparent
#B2B2B2	102	12	179	101.5	102.5	11.5	12.5	transparent
#A4A4A4	103	12	165	102.5	103.5	11.5	12.5	transparent
#9D9D9D	104	12	158	103.5	104.5	11.5	12.5	transparent
#A1A1A1	105	12	162	104.5	105.5	11.5	12.5	transparent
#B4B4B4	106	12	181	105.5	106.5	11.5	12.5	transparent
#C5C5C5	107	12	198	106.5	107.5	11.5	12.5	transparent
#C2C2C2	108	12	195	107.5	108.5	11.5	12.5	transparent
#BFBFBF	109	12	192	108.5	109.5	11.5	12.5	transparent
#BBBBBB	110	12	188	109.5	110.5	11.5	12.5	transparent
#B7B7B7	111	12	184	110.5	111.5	11.5	12.5	transparent
#B1B1B1	112	12	178	111.5	112.5	11.5	12.5	transparent
#ADADAD	113	12	174	112.5	113.5	11.5	12.5	transparent
#A9A9A9	114	12	170	113.5	114.5	11.5	12.5	transparent
#A3A3A3	115	12	164	114.5	115.5	11.5	12.5	transparent
#A0A0A0	116	12	161	115.5	116.5	11.5	12.5	transparent
#999999	117	12	154	116.5	117.5	11.5	12.5	transparent
#919191	118	12	146	117.5	118.5	11.5	12.5	transparent
#858585	119	12	134	118.5	119.5	11.5	12.5	transparent
#787878	120	12	121	119.5	120.5	11.5	12.5	transparent
#696969	121	12	106	120.5	121.5	11.5	12.5	transparent
#555555	122	12	86	121.5	122.5	11.5	12.5	transparent
#3C3C3C	123	12	61	122.5	123.5	11.5	12.5	transparent
#262626	124	12	39	123.5	124.5	11.5	12.5	transparent
#181818	125	12	25	124.5	125.5	11.5	12.5	transparent
#0E0E0E	126	12	15	125.5	126.5	11.5	12.5	transparent
#0A0A0A	127	12	11	126.5	127.5	11.5	12.5	transparent
#0E0E0E	128	12	15	127.5	128.5	11.5	12.5	transparent
#101010	129	12	17	128.5	129.5	11.5	12.5	transparent
#121212	130	12	19	129.5	130.5	11.5	12.5	transparent
#131313	131	12	20	130.5	131.5	11.5	12.5	transparent
#131313	132	12	20	131.5	132.5	11.5	12.5	transparent
#101010	133	12	17	132.5	133.5	11.5	12.5	transparent
#0C0C0C	134	12	13	133.5	134.5	11.5	12.5	transparent
#0A0A0A	135	12	11	134.5	135.5	11.5	12.5	transparent
#090909	136	12	10	135.5	136.5	11.5	12.5	transparent
#0B0B0B	137	12	12	136.5	137.5	11.5	12.5	transparent
#383838	138	12	57	137.5	138.5	11.5	12.5	transparent
#848484	139	12	133	138.5	139.5	11.5	12.5	transparent
#131313	0	11	20	-0.5	0.5	10.5	11.5	transparent
#131313	1	11	20	0.5	1.5	10.5	11.5	transparent
#131313	2	11	20	1.5	2.5	10.5	11.5	transparent
#131313	3	11	20	2.5	3.5	10.5	11.5	transparent
#131313	4	11	20	3.5	4.5	10.5	11.5	transparent
#131313	5	11	20	4.5	5.5	10.5	11.5	transparent
#131313	6	11	20	5.5	6.5	10.5	11.5	transparent
#131313	7	11	20	6.5	7.5	10.5	11.5	transparent
#131313	8	11	20	7.5	8.5	10.5	11.5	transparent
#131313	9	11	20	8.5	9.5	10.5	11.5	transparent
#131313	10	11	20	9.5	10.5	10.5	11.5	transparent
#131313	11	11	20	10.5	11.5	10.5	11.5	transparent
#131313	12	11	20	11.5	12.5	10.5	11.5	transparent
#111111	13	11	18	12.5	13.5	10.5	11.5	transparent
#101010	14	11	17	13.5	14.5	10.5	11.5	transparent
#0E0E0E	15	11	15	14.5	15.5	10.5	11.5	transparent
#0C0C0C	16	11	13	15.5	16.5	10.5	11.5	transparent
#101010	17	11	17	16.5	17.5	10.5	11.5	transparent
#171717	18	11	24	17.5	18.5	10.5	11.5	transparent
#252525	19	11	38	18.5	19.5	10.5	11.5	transparent
#3F3F3F	20	11	64	19.5	20.5	10.5	11.5	transparent
#525252	21	11	83	20.5	21.5	10.5	11.5	transparent
#656565	22	11	102	21.5	22.5	10.5	11.5	transparent
#747474	23	11	117	22.5	23.5	10.5	11.5	transparent
#7D7D7D	24	11	126	23.5	24.5	10.5	11.5	transparent
#7F7F7F	25	11	128	24.5	25.5	10.5	11.5	transparent
#858585	26	11	134	25.5	26.5	10.5	11.5	transparent
#8E8E8E	27	11	143	26.5	27.5	10.5	11.5	transparent
#949494	28	11	149	27.5	28.5	10.5	11.5	transparent
#9B9B9B	29	11	156	28.5	29.5	10.5	11.5	transparent
#A2A2A2	30	11	163	29.5	30.5	10.5	11.5	transparent
#A7A7A7	31	11	168	30.5	31.5	10.5	11.5	transparent
#ACACAC	32	11	173	31.5	32.5	10.5	11.5	transparent
#B0B0B0	33	11	177	32.5	33.5	10.5	11.5	transparent
#B2B2B2	34	11	179	33.5	34.5	10.5	11.5	transparent
#B6B6B6	35	11	183	34.5	35.5	10.5	11.5	transparent
#BBBBBB	36	11	188	35.5	36.5	10.5	11.5	transparent
#BDBDBD	37	11	190	36.5	37.5	10.5	11.5	transparent
#BEBEBE	38	11	191	37.5	38.5	10.5	11.5	transparent
#C2C2C2	39	11	195	38.5	39.5	10.5	11.5	transparent
#C9C9C9	40	11	202	39.5	40.5	10.5	11.5	transparent
#CBCBCB	41	11	204	40.5	41.5	10.5	11.5	transparent
#CFCFCF	42	11	208	41.5	42.5	10.5	11.5	transparent
#D2D2D2	43	11	211	42.5	43.5	10.5	11.5	transparent
#D3D3D3	44	11	212	43.5	44.5	10.5	11.5	transparent
#D5D5D5	45	11	214	44.5	45.5	10.5	11.5	transparent
#D5D5D5	46	11	214	45.5	46.5	10.5	11.5	transparent
#D7D7D7	47	11	216	46.5	47.5	10.5	11.5	transparent
#D8D8D8	48	11	217	47.5	48.5	10.5	11.5	transparent
#DADADA	49	11	219	48.5	49.5	10.5	11.5	transparent
#DBDBDB	50	11	220	49.5	50.5	10.5	11.5	transparent
#DBDBDB	51	11	220	50.5	51.5	10.5	11.5	transparent
#DDDDDD	52	11	222	51.5	52.5	10.5	11.5	transparent
#DDDDDD	53	11	222	52.5	53.5	10.5	11.5	transparent
#DFDFDF	54	11	224	53.5	54.5	10.5	11.5	transparent
#DFDFDF	55	11	224	54.5	55.5	10.5	11.5	transparent
#E0E0E0	56	11	225	55.5	56.5	10.5	11.5	transparent
#E1E1E1	57	11	226	56.5	57.5	10.5	11.5	transparent
#E1E1E1	58	11	226	57.5	58.5	10.5	11.5	transparent
#E1E1E1	59	11	226	58.5	59.5	10.5	11.5	transparent
#E0E0E0	60	11	225	59.5	60.5	10.5	11.5	transparent
#E0E0E0	61	11	225	60.5	61.5	10.5	11.5	transparent
#E0E0E0	62	11	225	61.5	62.5	10.5	11.5	transparent
#E0E0E0	63	11	225	62.5	63.5	10.5	11.5	transparent
#E4E4E4	64	11	229	63.5	64.5	10.5	11.5	transparent
#E5E5E5	65	11	230	64.5	65.5	10.5	11.5	transparent
#E6E6E6	66	11	231	65.5	66.5	10.5	11.5	transparent
#E9E9E9	67	11	234	66.5	67.5	10.5	11.5	transparent
#E8E8E8	68	11	233	67.5	68.5	10.5	11.5	transparent
#E8E8E8	69	11	233	68.5	69.5	10.5	11.5	transparent
#EAEAEA	70	11	235	69.5	70.5	10.5	11.5	transparent
#E9E9E9	71	11	234	70.5	71.5	10.5	11.5	transparent
#E6E6E6	72	11	231	71.5	72.5	10.5	11.5	transparent
#E9E9E9	73	11	234	72.5	73.5	10.5	11.5	transparent
#E8E8E8	74	11	233	73.5	74.5	10.5	11.5	transparent
#E9E9E9	75	11	234	74.5	75.5	10.5	11.5	transparent
#E9E9E9	76	11	234	75.5	76.5	10.5	11.5	transparent
#E9E9E9	77	11	234	76.5	77.5	10.5	11.5	transparent
#E5E5E5	78	11	230	77.5	78.5	10.5	11.5	transparent
#E4E4E4	79	11	229	78.5	79.5	10.5	11.5	transparent
#E3E3E3	80	11	228	79.5	80.5	10.5	11.5	transparent
#E1E1E1	81	11	226	80.5	81.5	10.5	11.5	transparent
#E1E1E1	82	11	226	81.5	82.5	10.5	11.5	transparent
#E2E2E2	83	11	227	82.5	83.5	10.5	11.5	transparent
#E0E0E0	84	11	225	83.5	84.5	10.5	11.5	transparent
#DFDFDF	85	11	224	84.5	85.5	10.5	11.5	transparent
#E0E0E0	86	11	225	85.5	86.5	10.5	11.5	transparent
#E1E1E1	87	11	226	86.5	87.5	10.5	11.5	transparent
#E0E0E0	88	11	225	87.5	88.5	10.5	11.5	transparent
#E0E0E0	89	11	225	88.5	89.5	10.5	11.5	transparent
#E0E0E0	90	11	225	89.5	90.5	10.5	11.5	transparent
#DFDFDF	91	11	224	90.5	91.5	10.5	11.5	transparent
#DDDDDD	92	11	222	91.5	92.5	10.5	11.5	transparent
#DBDBDB	93	11	220	92.5	93.5	10.5	11.5	transparent
#D9D9D9	94	11	218	93.5	94.5	10.5	11.5	transparent
#D7D7D7	95	11	216	94.5	95.5	10.5	11.5	transparent
#D5D5D5	96	11	214	95.5	96.5	10.5	11.5	transparent
#D2D2D2	97	11	211	96.5	97.5	10.5	11.5	transparent
#CCCCCC	98	11	205	97.5	98.5	10.5	11.5	transparent
#C3C3C3	99	11	196	98.5	99.5	10.5	11.5	transparent
#C1C1C1	100	11	194	99.5	100.5	10.5	11.5	transparent
#BFBFBF	101	11	192	100.5	101.5	10.5	11.5	transparent
#BABABA	102	11	187	101.5	102.5	10.5	11.5	transparent
#B2B2B2	103	11	179	102.5	103.5	10.5	11.5	transparent
#A6A6A6	104	11	167	103.5	104.5	10.5	11.5	transparent
#9D9D9D	105	11	158	104.5	105.5	10.5	11.5	transparent
#AAAAAA	106	11	171	105.5	106.5	10.5	11.5	transparent
#C2C2C2	107	11	195	106.5	107.5	10.5	11.5	transparent
#C1C1C1	108	11	194	107.5	108.5	10.5	11.5	transparent
#BDBDBD	109	11	190	108.5	109.5	10.5	11.5	transparent
#B9B9B9	110	11	186	109.5	110.5	10.5	11.5	transparent
#B5B5B5	111	11	182	110.5	111.5	10.5	11.5	transparent
#B0B0B0	112	11	177	111.5	112.5	10.5	11.5	transparent
#ACACAC	113	11	173	112.5	113.5	10.5	11.5	transparent
#A6A6A6	114	11	167	113.5	114.5	10.5	11.5	transparent
#A0A0A0	115	11	161	114.5	115.5	10.5	11.5	transparent
#9C9C9C	116	11	157	115.5	116.5	10.5	11.5	transparent
#989898	117	11	153	116.5	117.5	10.5	11.5	transparent
#8E8E8E	118	11	143	117.5	118.5	10.5	11.5	transparent
#828282	119	11	131	118.5	119.5	10.5	11.5	transparent
#757575	120	11	118	119.5	120.5	10.5	11.5	transparent
#656565	121	11	102	120.5	121.5	10.5	11.5	transparent
#515151	122	11	82	121.5	122.5	10.5	11.5	transparent
#373737	123	11	56	122.5	123.5	10.5	11.5	transparent
#242424	124	11	37	123.5	124.5	10.5	11.5	transparent
#161616	125	11	23	124.5	125.5	10.5	11.5	transparent
#0C0C0C	126	11	13	125.5	126.5	10.5	11.5	transparent
#0B0B0B	127	11	12	126.5	127.5	10.5	11.5	transparent
#0E0E0E	128	11	15	127.5	128.5	10.5	11.5	transparent
#101010	129	11	17	128.5	129.5	10.5	11.5	transparent
#121212	130	11	19	129.5	130.5	10.5	11.5	transparent
#131313	131	11	20	130.5	131.5	10.5	11.5	transparent
#131313	132	11	20	131.5	132.5	10.5	11.5	transparent
#101010	133	11	17	132.5	133.5	10.5	11.5	transparent
#0B0B0B	134	11	12	133.5	134.5	10.5	11.5	transparent
#090909	135	11	10	134.5	135.5	10.5	11.5	transparent
#080808	136	11	9	135.5	136.5	10.5	11.5	transparent
#0C0C0C	137	11	13	136.5	137.5	10.5	11.5	transparent
#393939	138	11	58	137.5	138.5	10.5	11.5	transparent
#878787	139	11	136	138.5	139.5	10.5	11.5	transparent
#131313	0	10	20	-0.5	0.5	9.5	10.5	transparent
#131313	1	10	20	0.5	1.5	9.5	10.5	transparent
#131313	2	10	20	1.5	2.5	9.5	10.5	transparent
#131313	3	10	20	2.5	3.5	9.5	10.5	transparent
#131313	4	10	20	3.5	4.5	9.5	10.5	transparent
#131313	5	10	20	4.5	5.5	9.5	10.5	transparent
#131313	6	10	20	5.5	6.5	9.5	10.5	transparent
#131313	7	10	20	6.5	7.5	9.5	10.5	transparent
#131313	8	10	20	7.5	8.5	9.5	10.5	transparent
#131313	9	10	20	8.5	9.5	9.5	10.5	transparent
#131313	10	10	20	9.5	10.5	9.5	10.5	transparent
#131313	11	10	20	10.5	11.5	9.5	10.5	transparent
#131313	12	10	20	11.5	12.5	9.5	10.5	transparent
#121212	13	10	19	12.5	13.5	9.5	10.5	transparent
#101010	14	10	17	13.5	14.5	9.5	10.5	transparent
#0E0E0E	15	10	15	14.5	15.5	9.5	10.5	transparent
#0C0C0C	16	10	13	15.5	16.5	9.5	10.5	transparent
#101010	17	10	17	16.5	17.5	9.5	10.5	transparent
#171717	18	10	24	17.5	18.5	9.5	10.5	transparent
#222222	19	10	35	18.5	19.5	9.5	10.5	transparent
#3A3A3A	20	10	59	19.5	20.5	9.5	10.5	transparent
#4F4F4F	21	10	80	20.5	21.5	9.5	10.5	transparent
#646464	22	10	101	21.5	22.5	9.5	10.5	transparent
#737373	23	10	116	22.5	23.5	9.5	10.5	transparent
#787878	24	10	121	23.5	24.5	9.5	10.5	transparent
#7C7C7C	25	10	125	24.5	25.5	9.5	10.5	transparent
#848484	26	10	133	25.5	26.5	9.5	10.5	transparent
#8B8B8B	27	10	140	26.5	27.5	9.5	10.5	transparent
#929292	28	10	147	27.5	28.5	9.5	10.5	transparent
#9A9A9A	29	10	155	28.5	29.5	9.5	10.5	transparent
#A2A2A2	30	10	163	29.5	30.5	9.5	10.5	transparent
#A7A7A7	31	10	168	30.5	31.5	9.5	10.5	transparent
#ADADAD	32	10	174	31.5	32.5	9.5	10.5	transparent
#B1B1B1	33	10	178	32.5	33.5	9.5	10.5	transparent
#B4B4B4	34	10	181	33.5	34.5	9.5	10.5	transparent
#B8B8B8	35	10	185	34.5	35.5	9.5	10.5	transparent
#BBBBBB	36	10	188	35.5	36.5	9.5	10.5	transparent
#BDBDBD	37	10	190	36.5	37.5	9.5	10.5	transparent
#BFBFBF	38	10	192	37.5	38.5	9.5	10.5	transparent
#C5C5C5	39	10	198	38.5	39.5	9.5	10.5	transparent
#CACACA	40	10	203	39.5	40.5	9.5	10.5	transparent
#CDCDCD	41	10	206	40.5	41.5	9.5	10.5	transparent
#D0D0D0	42	10	209	41.5	42.5	9.5	10.5	transparent
#D1D1D1	43	10	210	42.5	43.5	9.5	10.5	transparent
#D2D2D2	44	10	211	43.5	44.5	9.5	10.5	transparent
#D2D2D2	45	10	211	44.5	45.5	9.5	10.5	transparent
#D5D5D5	46	10	214	45.5	46.5	9.5	10.5	transparent
#D7D7D7	47	10	216	46.5	47.5	9.5	10.5	transparent
#D9D9D9	48	10	218	47.5	48.5	9.5	10.5	transparent
#DBDBDB	49	10	220	48.5	49.5	9.5	10.5	transparent
#DBDBDB	50	10	220	49.5	50.5	9.5	10.5	transparent
#DCDCDC	51	10	221	50.5	51.5	9.5	10.5	transparent
#DDDDDD	52	10	222	51.5	52.5	9.5	10.5	transparent
#DEDEDE	53	10	223	52.5	53.5	9.5	10.5	transparent
#DFDFDF	54	10	224	53.5	54.5	9.5	10.5	transparent
#E0E0E0	55	10	225	54.5	55.5	9.5	10.5	transparent
#E0E0E0	56	10	225	55.5	56.5	9.5	10.5	transparent
#E0E0E0	57	10	225	56.5	57.5	9.5	10.5	transparent
#E1E1E1	58	10	226	57.5	58.5	9.5	10.5	transparent
#E1E1E1	59	10	226	58.5	59.5	9.5	10.5	transparent
#E0E0E0	60	10	225	59.5	60.5	9.5	10.5	transparent
#E0E0E0	61	10	225	60.5	61.5	9.5	10.5	transparent
#E0E0E0	62	10	225	61.5	62.5	9.5	10.5	transparent
#E1E1E1	63	10	226	62.5	63.5	9.5	10.5	transparent
#E1E1E1	64	10	226	63.5	64.5	9.5	10.5	transparent
#E3E3E3	65	10	228	64.5	65.5	9.5	10.5	transparent
#E5E5E5	66	10	230	65.5	66.5	9.5	10.5	transparent
#E7E7E7	67	10	232	66.5	67.5	9.5	10.5	transparent
#E8E8E8	68	10	233	67.5	68.5	9.5	10.5	transparent
#E9E9E9	69	10	234	68.5	69.5	9.5	10.5	transparent
#EBEBEB	70	10	236	69.5	70.5	9.5	10.5	transparent
#EAEAEA	71	10	235	70.5	71.5	9.5	10.5	transparent
#E8E8E8	72	10	233	71.5	72.5	9.5	10.5	transparent
#EBEBEB	73	10	236	72.5	73.5	9.5	10.5	transparent
#E8E8E8	74	10	233	73.5	74.5	9.5	10.5	transparent
#E8E8E8	75	10	233	74.5	75.5	9.5	10.5	transparent
#E9E9E9	76	10	234	75.5	76.5	9.5	10.5	transparent
#EAEAEA	77	10	235	76.5	77.5	9.5	10.5	transparent
#E7E7E7	78	10	232	77.5	78.5	9.5	10.5	transparent
#E3E3E3	79	10	228	78.5	79.5	9.5	10.5	transparent
#E1E1E1	80	10	226	79.5	80.5	9.5	10.5	transparent
#E2E2E2	81	10	227	80.5	81.5	9.5	10.5	transparent
#E4E4E4	82	10	229	81.5	82.5	9.5	10.5	transparent
#E2E2E2	83	10	227	82.5	83.5	9.5	10.5	transparent
#E3E3E3	84	10	228	83.5	84.5	9.5	10.5	transparent
#E3E3E3	85	10	228	84.5	85.5	9.5	10.5	transparent
#E3E3E3	86	10	228	85.5	86.5	9.5	10.5	transparent
#E4E4E4	87	10	229	86.5	87.5	9.5	10.5	transparent
#E2E2E2	88	10	227	87.5	88.5	9.5	10.5	transparent
#E0E0E0	89	10	225	88.5	89.5	9.5	10.5	transparent
#E2E2E2	90	10	227	89.5	90.5	9.5	10.5	transparent
#E0E0E0	91	10	225	90.5	91.5	9.5	10.5	transparent
#DFDFDF	92	10	224	91.5	92.5	9.5	10.5	transparent
#DDDDDD	93	10	222	92.5	93.5	9.5	10.5	transparent
#DADADA	94	10	219	93.5	94.5	9.5	10.5	transparent
#D7D7D7	95	10	216	94.5	95.5	9.5	10.5	transparent
#D6D6D6	96	10	215	95.5	96.5	9.5	10.5	transparent
#D2D2D2	97	10	211	96.5	97.5	9.5	10.5	transparent
#CECECE	98	10	207	97.5	98.5	9.5	10.5	transparent
#CDCDCD	99	10	206	98.5	99.5	9.5	10.5	transparent
#CECECE	100	10	207	99.5	100.5	9.5	10.5	transparent
#C8C8C8	101	10	201	100.5	101.5	9.5	10.5	transparent
#C2C2C2	102	10	195	101.5	102.5	9.5	10.5	transparent
#C2C2C2	103	10	195	102.5	103.5	9.5	10.5	transparent
#B9B9B9	104	10	186	103.5	104.5	9.5	10.5	transparent
#AEAEAE	105	10	175	104.5	105.5	9.5	10.5	transparent
#AFAFAF	106	10	176	105.5	106.5	9.5	10.5	transparent
#BEBEBE	107	10	191	106.5	107.5	9.5	10.5	transparent
#BEBEBE	108	10	191	107.5	108.5	9.5	10.5	transparent
#BCBCBC	109	10	189	108.5	109.5	9.5	10.5	transparent
#B8B8B8	110	10	185	109.5	110.5	9.5	10.5	transparent
#B3B3B3	111	10	180	110.5	111.5	9.5	10.5	transparent
#ADADAD	112	10	174	111.5	112.5	9.5	10.5	transparent
#AAAAAA	113	10	171	112.5	113.5	9.5	10.5	transparent
#A5A5A5	114	10	166	113.5	114.5	9.5	10.5	transparent
#9E9E9E	115	10	159	114.5	115.5	9.5	10.5	transparent
#999999	116	10	154	115.5	116.5	9.5	10.5	transparent
#949494	117	10	149	116.5	117.5	9.5	10.5	transparent
#8B8B8B	118	10	140	117.5	118.5	9.5	10.5	transparent
#7F7F7F	119	10	128	118.5	119.5	9.5	10.5	transparent
#6F6F6F	120	10	112	119.5	120.5	9.5	10.5	transparent
#626262	121	10	99	120.5	121.5	9.5	10.5	transparent
#4F4F4F	122	10	80	121.5	122.5	9.5	10.5	transparent
#353535	123	10	54	122.5	123.5	9.5	10.5	transparent
#222222	124	10	35	123.5	124.5	9.5	10.5	transparent
#161616	125	10	23	124.5	125.5	9.5	10.5	transparent
#0B0B0B	126	10	12	125.5	126.5	9.5	10.5	transparent
#0B0B0B	127	10	12	126.5	127.5	9.5	10.5	transparent
#0F0F0F	128	10	16	127.5	128.5	9.5	10.5	transparent
#101010	129	10	17	128.5	129.5	9.5	10.5	transparent
#121212	130	10	19	129.5	130.5	9.5	10.5	transparent
#131313	131	10	20	130.5	131.5	9.5	10.5	transparent
#131313	132	10	20	131.5	132.5	9.5	10.5	transparent
#101010	133	10	17	132.5	133.5	9.5	10.5	transparent
#0C0C0C	134	10	13	133.5	134.5	9.5	10.5	transparent
#090909	135	10	10	134.5	135.5	9.5	10.5	transparent
#080808	136	10	9	135.5	136.5	9.5	10.5	transparent
#0C0C0C	137	10	13	136.5	137.5	9.5	10.5	transparent
#3A3A3A	138	10	59	137.5	138.5	9.5	10.5	transparent
#898989	139	10	138	138.5	139.5	9.5	10.5	transparent
#131313	0	9	20	-0.5	0.5	8.5	9.5	transparent
#131313	1	9	20	0.5	1.5	8.5	9.5	transparent
#131313	2	9	20	1.5	2.5	8.5	9.5	transparent
#131313	3	9	20	2.5	3.5	8.5	9.5	transparent
#131313	4	9	20	3.5	4.5	8.5	9.5	transparent
#131313	5	9	20	4.5	5.5	8.5	9.5	transparent
#131313	6	9	20	5.5	6.5	8.5	9.5	transparent
#131313	7	9	20	6.5	7.5	8.5	9.5	transparent
#131313	8	9	20	7.5	8.5	8.5	9.5	transparent
#131313	9	9	20	8.5	9.5	8.5	9.5	transparent
#131313	10	9	20	9.5	10.5	8.5	9.5	transparent
#131313	11	9	20	10.5	11.5	8.5	9.5	transparent
#131313	12	9	20	11.5	12.5	8.5	9.5	transparent
#121212	13	9	19	12.5	13.5	8.5	9.5	transparent
#111111	14	9	18	13.5	14.5	8.5	9.5	transparent
#0F0F0F	15	9	16	14.5	15.5	8.5	9.5	transparent
#0C0C0C	16	9	13	15.5	16.5	8.5	9.5	transparent
#0E0E0E	17	9	15	16.5	17.5	8.5	9.5	transparent
#151515	18	9	22	17.5	18.5	8.5	9.5	transparent
#1F1F1F	19	9	32	18.5	19.5	8.5	9.5	transparent
#353535	20	9	54	19.5	20.5	8.5	9.5	transparent
#4D4D4D	21	9	78	20.5	21.5	8.5	9.5	transparent
#626262	22	9	99	21.5	22.5	8.5	9.5	transparent
#707070	23	9	113	22.5	23.5	8.5	9.5	transparent
#737373	24	9	116	23.5	24.5	8.5	9.5	transparent
#787878	25	9	121	24.5	25.5	8.5	9.5	transparent
#838383	26	9	132	25.5	26.5	8.5	9.5	transparent
#8B8B8B	27	9	140	26.5	27.5	8.5	9.5	transparent
#929292	28	9	147	27.5	28.5	8.5	9.5	transparent
#9B9B9B	29	9	156	28.5	29.5	8.5	9.5	transparent
#A1A1A1	30	9	162	29.5	30.5	8.5	9.5	transparent
#A7A7A7	31	9	168	30.5	31.5	8.5	9.5	transparent
#ACACAC	32	9	173	31.5	32.5	8.5	9.5	transparent
#B0B0B0	33	9	177	32.5	33.5	8.5	9.5	transparent
#B3B3B3	34	9	180	33.5	34.5	8.5	9.5	transparent
#B7B7B7	35	9	184	34.5	35.5	8.5	9.5	transparent
#BABABA	36	9	187	35.5	36.5	8.5	9.5	transparent
#BCBCBC	37	9	189	36.5	37.5	8.5	9.5	transparent
#C0C0C0	38	9	193	37.5	38.5	8.5	9.5	transparent
#C7C7C7	39	9	200	38.5	39.5	8.5	9.5	transparent
#CBCBCB	40	9	204	39.5	40.5	8.5	9.5	transparent
#CDCDCD	41	9	206	40.5	41.5	8.5	9.5	transparent
#D0D0D0	42	9	209	41.5	42.5	8.5	9.5	transparent
#D2D2D2	43	9	211	42.5	43.5	8.5	9.5	transparent
#D2D2D2	44	9	211	43.5	44.5	8.5	9.5	transparent
#D4D4D4	45	9	213	44.5	45.5	8.5	9.5	transparent
#D6D6D6	46	9	215	45.5	46.5	8.5	9.5	transparent
#D7D7D7	47	9	216	46.5	47.5	8.5	9.5	transparent
#DADADA	48	9	219	47.5	48.5	8.5	9.5	transparent
#DBDBDB	49	9	220	48.5	49.5	8.5	9.5	transparent
#DCDCDC	50	9	221	49.5	50.5	8.5	9.5	transparent
#DDDDDD	51	9	222	50.5	51.5	8.5	9.5	transparent
#DEDEDE	52	9	223	51.5	52.5	8.5	9.5	transparent
#DFDFDF	53	9	224	52.5	53.5	8.5	9.5	transparent
#DFDFDF	54	9	224	53.5	54.5	8.5	9.5	transparent
#E0E0E0	55	9	225	54.5	55.5	8.5	9.5	transparent
#E0E0E0	56	9	225	55.5	56.5	8.5	9.5	transparent
#E1E1E1	57	9	226	56.5	57.5	8.5	9.5	transparent
#E1E1E1	58	9	226	57.5	58.5	8.5	9.5	transparent
#E1E1E1	59	9	226	58.5	59.5	8.5	9.5	transparent
#E0E0E0	60	9	225	59.5	60.5	8.5	9.5	transparent
#DFDFDF	61	9	224	60.5	61.5	8.5	9.5	transparent
#E0E0E0	62	9	225	61.5	62.5	8.5	9.5	transparent
#E1E1E1	63	9	226	62.5	63.5	8.5	9.5	transparent
#E3E3E3	64	9	228	63.5	64.5	8.5	9.5	transparent
#E6E6E6	65	9	231	64.5	65.5	8.5	9.5	transparent
#E9E9E9	66	9	234	65.5	66.5	8.5	9.5	transparent
#EBEBEB	67	9	236	66.5	67.5	8.5	9.5	transparent
#EAEAEA	68	9	235	67.5	68.5	8.5	9.5	transparent
#E9E9E9	69	9	234	68.5	69.5	8.5	9.5	transparent
#EBEBEB	70	9	236	69.5	70.5	8.5	9.5	transparent
#ECECEC	71	9	237	70.5	71.5	8.5	9.5	transparent
#EAEAEA	72	9	235	71.5	72.5	8.5	9.5	transparent
#EAEAEA	73	9	235	72.5	73.5	8.5	9.5	transparent
#E9E9E9	74	9	234	73.5	74.5	8.5	9.5	transparent
#E9E9E9	75	9	234	74.5	75.5	8.5	9.5	transparent
#EBEBEB	76	9	236	75.5	76.5	8.5	9.5	transparent
#ECECEC	77	9	237	76.5	77.5	8.5	9.5	transparent
#EBEBEB	78	9	236	77.5	78.5	8.5	9.5	transparent
#E8E8E8	79	9	233	78.5	79.5	8.5	9.5	transparent
#E5E5E5	80	9	230	79.5	80.5	8.5	9.5	transparent
#E4E4E4	81	9	229	80.5	81.5	8.5	9.5	transparent
#E4E4E4	82	9	229	81.5	82.5	8.5	9.5	transparent
#E4E4E4	83	9	229	82.5	83.5	8.5	9.5	transparent
#E4E4E4	84	9	229	83.5	84.5	8.5	9.5	transparent
#E4E4E4	85	9	229	84.5	85.5	8.5	9.5	transparent
#E4E4E4	86	9	229	85.5	86.5	8.5	9.5	transparent
#E4E4E4	87	9	229	86.5	87.5	8.5	9.5	transparent
#E2E2E2	88	9	227	87.5	88.5	8.5	9.5	transparent
#E2E2E2	89	9	227	88.5	89.5	8.5	9.5	transparent
#E1E1E1	90	9	226	89.5	90.5	8.5	9.5	transparent
#E0E0E0	91	9	225	90.5	91.5	8.5	9.5	transparent
#DFDFDF	92	9	224	91.5	92.5	8.5	9.5	transparent
#DDDDDD	93	9	222	92.5	93.5	8.5	9.5	transparent
#DCDCDC	94	9	221	93.5	94.5	8.5	9.5	transparent
#D8D8D8	95	9	217	94.5	95.5	8.5	9.5	transparent
#D5D5D5	96	9	214	95.5	96.5	8.5	9.5	transparent
#D2D2D2	97	9	211	96.5	97.5	8.5	9.5	transparent
#D1D1D1	98	9	210	97.5	98.5	8.5	9.5	transparent
#D2D2D2	99	9	211	98.5	99.5	8.5	9.5	transparent
#D0D0D0	100	9	209	99.5	100.5	8.5	9.5	transparent
#CCCCCC	101	9	205	100.5	101.5	8.5	9.5	transparent
#CBCBCB	102	9	204	101.5	102.5	8.5	9.5	transparent
#C6C6C6	103	9	199	102.5	103.5	8.5	9.5	transparent
#C1C1C1	104	9	194	103.5	104.5	8.5	9.5	transparent
#BDBDBD	105	9	190	104.5	105.5	8.5	9.5	transparent
#B8B8B8	106	9	185	105.5	106.5	8.5	9.5	transparent
#BABABA	107	9	187	106.5	107.5	8.5	9.5	transparent
#BBBBBB	108	9	188	107.5	108.5	8.5	9.5	transparent
#BABABA	109	9	187	108.5	109.5	8.5	9.5	transparent
#B5B5B5	110	9	182	109.5	110.5	8.5	9.5	transparent
#B1B1B1	111	9	178	110.5	111.5	8.5	9.5	transparent
#ABABAB	112	9	172	111.5	112.5	8.5	9.5	transparent
#A6A6A6	113	9	167	112.5	113.5	8.5	9.5	transparent
#A2A2A2	114	9	163	113.5	114.5	8.5	9.5	transparent
#9C9C9C	115	9	157	114.5	115.5	8.5	9.5	transparent
#959595	116	9	150	115.5	116.5	8.5	9.5	transparent
#909090	117	9	145	116.5	117.5	8.5	9.5	transparent
#888888	118	9	137	117.5	118.5	8.5	9.5	transparent
#7B7B7B	119	9	124	118.5	119.5	8.5	9.5	transparent
#6C6C6C	120	9	109	119.5	120.5	8.5	9.5	transparent
#5F5F5F	121	9	96	120.5	121.5	8.5	9.5	transparent
#4A4A4A	122	9	75	121.5	122.5	8.5	9.5	transparent
#333333	123	9	52	122.5	123.5	8.5	9.5	transparent
#222222	124	9	35	123.5	124.5	8.5	9.5	transparent
#151515	125	9	22	124.5	125.5	8.5	9.5	transparent
#0A0A0A	126	9	11	125.5	126.5	8.5	9.5	transparent
#0B0B0B	127	9	12	126.5	127.5	8.5	9.5	transparent
#0F0F0F	128	9	16	127.5	128.5	8.5	9.5	transparent
#111111	129	9	18	128.5	129.5	8.5	9.5	transparent
#121212	130	9	19	129.5	130.5	8.5	9.5	transparent
#131313	131	9	20	130.5	131.5	8.5	9.5	transparent
#131313	132	9	20	131.5	132.5	8.5	9.5	transparent
#101010	133	9	17	132.5	133.5	8.5	9.5	transparent
#0C0C0C	134	9	13	133.5	134.5	8.5	9.5	transparent
#090909	135	9	10	134.5	135.5	8.5	9.5	transparent
#080808	136	9	9	135.5	136.5	8.5	9.5	transparent
#0B0B0B	137	9	12	136.5	137.5	8.5	9.5	transparent
#3B3B3B	138	9	60	137.5	138.5	8.5	9.5	transparent
#8B8B8B	139	9	140	138.5	139.5	8.5	9.5	transparent
#131313	0	8	20	-0.5	0.5	7.5	8.5	transparent
#131313	1	8	20	0.5	1.5	7.5	8.5	transparent
#131313	2	8	20	1.5	2.5	7.5	8.5	transparent
#131313	3	8	20	2.5	3.5	7.5	8.5	transparent
#131313	4	8	20	3.5	4.5	7.5	8.5	transparent
#131313	5	8	20	4.5	5.5	7.5	8.5	transparent
#131313	6	8	20	5.5	6.5	7.5	8.5	transparent
#131313	7	8	20	6.5	7.5	7.5	8.5	transparent
#131313	8	8	20	7.5	8.5	7.5	8.5	transparent
#131313	9	8	20	8.5	9.5	7.5	8.5	transparent
#131313	10	8	20	9.5	10.5	7.5	8.5	transparent
#131313	11	8	20	10.5	11.5	7.5	8.5	transparent
#131313	12	8	20	11.5	12.5	7.5	8.5	transparent
#131313	13	8	20	12.5	13.5	7.5	8.5	transparent
#111111	14	8	18	13.5	14.5	7.5	8.5	transparent
#0F0F0F	15	8	16	14.5	15.5	7.5	8.5	transparent
#0C0C0C	16	8	13	15.5	16.5	7.5	8.5	transparent
#0E0E0E	17	8	15	16.5	17.5	7.5	8.5	transparent
#141414	18	8	21	17.5	18.5	7.5	8.5	transparent
#1D1D1D	19	8	30	18.5	19.5	7.5	8.5	transparent
#2F2F2F	20	8	48	19.5	20.5	7.5	8.5	transparent
#484848	21	8	73	20.5	21.5	7.5	8.5	transparent
#5E5E5E	22	8	95	21.5	22.5	7.5	8.5	transparent
#6F6F6F	23	8	112	22.5	23.5	7.5	8.5	transparent
#707070	24	8	113	23.5	24.5	7.5	8.5	transparent
#757575	25	8	118	24.5	25.5	7.5	8.5	transparent
#828282	26	8	131	25.5	26.5	7.5	8.5	transparent
#8C8C8C	27	8	141	26.5	27.5	7.5	8.5	transparent
#939393	28	8	148	27.5	28.5	7.5	8.5	transparent
#999999	29	8	154	28.5	29.5	7.5	8.5	transparent
#9F9F9F	30	8	160	29.5	30.5	7.5	8.5	transparent
#A5A5A5	31	8	166	30.5	31.5	7.5	8.5	transparent
#ABABAB	32	8	172	31.5	32.5	7.5	8.5	transparent
#AFAFAF	33	8	176	32.5	33.5	7.5	8.5	transparent
#B4B4B4	34	8	181	33.5	34.5	7.5	8.5	transparent
#B6B6B6	35	8	183	34.5	35.5	7.5	8.5	transparent
#B8B8B8	36	8	185	35.5	36.5	7.5	8.5	transparent
#BBBBBB	37	8	188	36.5	37.5	7.5	8.5	transparent
#C2C2C2	38	8	195	37.5	38.5	7.5	8.5	transparent
#C8C8C8	39	8	201	38.5	39.5	7.5	8.5	transparent
#CBCBCB	40	8	204	39.5	40.5	7.5	8.5	transparent
#CDCDCD	41	8	206	40.5	41.5	7.5	8.5	transparent
#D1D1D1	42	8	210	41.5	42.5	7.5	8.5	transparent
#D1D1D1	43	8	210	42.5	43.5	7.5	8.5	transparent
#D2D2D2	44	8	211	43.5	44.5	7.5	8.5	transparent
#D5D5D5	45	8	214	44.5	45.5	7.5	8.5	transparent
#D7D7D7	46	8	216	45.5	46.5	7.5	8.5	transparent
#D8D8D8	47	8	217	46.5	47.5	7.5	8.5	transparent
#DADADA	48	8	219	47.5	48.5	7.5	8.5	transparent
#DCDCDC	49	8	221	48.5	49.5	7.5	8.5	transparent
#DDDDDD	50	8	222	49.5	50.5	7.5	8.5	transparent
#DDDDDD	51	8	222	50.5	51.5	7.5	8.5	transparent
#DEDEDE	52	8	223	51.5	52.5	7.5	8.5	transparent
#DEDEDE	53	8	223	52.5	53.5	7.5	8.5	transparent
#E0E0E0	54	8	225	53.5	54.5	7.5	8.5	transparent
#E0E0E0	55	8	225	54.5	55.5	7.5	8.5	transparent
#E1E1E1	56	8	226	55.5	56.5	7.5	8.5	transparent
#E1E1E1	57	8	226	56.5	57.5	7.5	8.5	transparent
#E1E1E1	58	8	226	57.5	58.5	7.5	8.5	transparent
#E2E2E2	59	8	227	58.5	59.5	7.5	8.5	transparent
#E2E2E2	60	8	227	59.5	60.5	7.5	8.5	transparent
#E0E0E0	61	8	225	60.5	61.5	7.5	8.5	transparent
#E0E0E0	62	8	225	61.5	62.5	7.5	8.5	transparent
#E0E0E0	63	8	225	62.5	63.5	7.5	8.5	transparent
#E3E3E3	64	8	228	63.5	64.5	7.5	8.5	transparent
#E9E9E9	65	8	234	64.5	65.5	7.5	8.5	transparent
#EDEDED	66	8	238	65.5	66.5	7.5	8.5	transparent
#EFEFEF	67	8	240	66.5	67.5	7.5	8.5	transparent
#ECECEC	68	8	237	67.5	68.5	7.5	8.5	transparent
#EBEBEB	69	8	236	68.5	69.5	7.5	8.5	transparent
#EBEBEB	70	8	236	69.5	70.5	7.5	8.5	transparent
#EDEDED	71	8	238	70.5	71.5	7.5	8.5	transparent
#EBEBEB	72	8	236	71.5	72.5	7.5	8.5	transparent
#E8E8E8	73	8	233	72.5	73.5	7.5	8.5	transparent
#EAEAEA	74	8	235	73.5	74.5	7.5	8.5	transparent
#EAEAEA	75	8	235	74.5	75.5	7.5	8.5	transparent
#EBEBEB	76	8	236	75.5	76.5	7.5	8.5	transparent
#EDEDED	77	8	238	76.5	77.5	7.5	8.5	transparent
#EEEEEE	78	8	239	77.5	78.5	7.5	8.5	transparent
#EBEBEB	79	8	236	78.5	79.5	7.5	8.5	transparent
#E7E7E7	80	8	232	79.5	80.5	7.5	8.5	transparent
#E4E4E4	81	8	229	80.5	81.5	7.5	8.5	transparent
#E5E5E5	82	8	230	81.5	82.5	7.5	8.5	transparent
#E5E5E5	83	8	230	82.5	83.5	7.5	8.5	transparent
#E5E5E5	84	8	230	83.5	84.5	7.5	8.5	transparent
#E4E4E4	85	8	229	84.5	85.5	7.5	8.5	transparent
#E4E4E4	86	8	229	85.5	86.5	7.5	8.5	transparent
#E5E5E5	87	8	230	86.5	87.5	7.5	8.5	transparent
#E4E4E4	88	8	229	87.5	88.5	7.5	8.5	transparent
#E3E3E3	89	8	228	88.5	89.5	7.5	8.5	transparent
#E3E3E3	90	8	228	89.5	90.5	7.5	8.5	transparent
#E1E1E1	91	8	226	90.5	91.5	7.5	8.5	transparent
#DFDFDF	92	8	224	91.5	92.5	7.5	8.5	transparent
#DEDEDE	93	8	223	92.5	93.5	7.5	8.5	transparent
#DCDCDC	94	8	221	93.5	94.5	7.5	8.5	transparent
#D9D9D9	95	8	218	94.5	95.5	7.5	8.5	transparent
#D6D6D6	96	8	215	95.5	96.5	7.5	8.5	transparent
#D3D3D3	97	8	212	96.5	97.5	7.5	8.5	transparent
#D2D2D2	98	8	211	97.5	98.5	7.5	8.5	transparent
#D1D1D1	99	8	210	98.5	99.5	7.5	8.5	transparent
#D0D0D0	100	8	209	99.5	100.5	7.5	8.5	transparent
#CDCDCD	101	8	206	100.5	101.5	7.5	8.5	transparent
#CDCDCD	102	8	206	101.5	102.5	7.5	8.5	transparent
#C9C9C9	103	8	202	102.5	103.5	7.5	8.5	transparent
#C6C6C6	104	8	199	103.5	104.5	7.5	8.5	transparent
#C2C2C2	105	8	195	104.5	105.5	7.5	8.5	transparent
#BABABA	106	8	187	105.5	106.5	7.5	8.5	transparent
#BBBBBB	107	8	188	106.5	107.5	7.5	8.5	transparent
#B9B9B9	108	8	186	107.5	108.5	7.5	8.5	transparent
#B6B6B6	109	8	183	108.5	109.5	7.5	8.5	transparent
#B3B3B3	110	8	180	109.5	110.5	7.5	8.5	transparent
#B0B0B0	111	8	177	110.5	111.5	7.5	8.5	transparent
#AAAAAA	112	8	171	111.5	112.5	7.5	8.5	transparent
#A4A4A4	113	8	165	112.5	113.5	7.5	8.5	transparent
#9F9F9F	114	8	160	113.5	114.5	7.5	8.5	transparent
#999999	115	8	154	114.5	115.5	7.5	8.5	transparent
#929292	116	8	147	115.5	116.5	7.5	8.5	transparent
#8A8A8A	117	8	139	116.5	117.5	7.5	8.5	transparent
#868686	118	8	135	117.5	118.5	7.5	8.5	transparent
#787878	119	8	121	118.5	119.5	7.5	8.5	transparent
#6B6B6B	120	8	108	119.5	120.5	7.5	8.5	transparent
#5E5E5E	121	8	95	120.5	121.5	7.5	8.5	transparent
#474747	122	8	72	121.5	122.5	7.5	8.5	transparent
#323232	123	8	51	122.5	123.5	7.5	8.5	transparent
#212121	124	8	34	123.5	124.5	7.5	8.5	transparent
#131313	125	8	20	124.5	125.5	7.5	8.5	transparent
#0A0A0A	126	8	11	125.5	126.5	7.5	8.5	transparent
#0C0C0C	127	8	13	126.5	127.5	7.5	8.5	transparent
#0F0F0F	128	8	16	127.5	128.5	7.5	8.5	transparent
#111111	129	8	18	128.5	129.5	7.5	8.5	transparent
#121212	130	8	19	129.5	130.5	7.5	8.5	transparent
#131313	131	8	20	130.5	131.5	7.5	8.5	transparent
#131313	132	8	20	131.5	132.5	7.5	8.5	transparent
#101010	133	8	17	132.5	133.5	7.5	8.5	transparent
#0B0B0B	134	8	12	133.5	134.5	7.5	8.5	transparent
#080808	135	8	9	134.5	135.5	7.5	8.5	transparent
#080808	136	8	9	135.5	136.5	7.5	8.5	transparent
#0C0C0C	137	8	13	136.5	137.5	7.5	8.5	transparent
#3E3E3E	138	8	63	137.5	138.5	7.5	8.5	transparent
#8E8E8E	139	8	143	138.5	139.5	7.5	8.5	transparent
#131313	0	7	20	-0.5	0.5	6.5	7.5	transparent
#131313	1	7	20	0.5	1.5	6.5	7.5	transparent
#131313	2	7	20	1.5	2.5	6.5	7.5	transparent
#131313	3	7	20	2.5	3.5	6.5	7.5	transparent
#131313	4	7	20	3.5	4.5	6.5	7.5	transparent
#131313	5	7	20	4.5	5.5	6.5	7.5	transparent
#131313	6	7	20	5.5	6.5	6.5	7.5	transparent
#131313	7	7	20	6.5	7.5	6.5	7.5	transparent
#131313	8	7	20	7.5	8.5	6.5	7.5	transparent
#131313	9	7	20	8.5	9.5	6.5	7.5	transparent
#131313	10	7	20	9.5	10.5	6.5	7.5	transparent
#131313	11	7	20	10.5	11.5	6.5	7.5	transparent
#131313	12	7	20	11.5	12.5	6.5	7.5	transparent
#131313	13	7	20	12.5	13.5	6.5	7.5	transparent
#111111	14	7	18	13.5	14.5	6.5	7.5	transparent
#0F0F0F	15	7	16	14.5	15.5	6.5	7.5	transparent
#0C0C0C	16	7	13	15.5	16.5	6.5	7.5	transparent
#0C0C0C	17	7	13	16.5	17.5	6.5	7.5	transparent
#131313	18	7	20	17.5	18.5	6.5	7.5	transparent
#1C1C1C	19	7	29	18.5	19.5	6.5	7.5	transparent
#2B2B2B	20	7	44	19.5	20.5	6.5	7.5	transparent
#444444	21	7	69	20.5	21.5	6.5	7.5	transparent
#595959	22	7	90	21.5	22.5	6.5	7.5	transparent
#6C6C6C	23	7	109	22.5	23.5	6.5	7.5	transparent
#727272	24	7	115	23.5	24.5	6.5	7.5	transparent
#727272	25	7	115	24.5	25.5	6.5	7.5	transparent
#7D7D7D	26	7	126	25.5	26.5	6.5	7.5	transparent
#8A8A8A	27	7	139	26.5	27.5	6.5	7.5	transparent
#919191	28	7	146	27.5	28.5	6.5	7.5	transparent
#989898	29	7	153	28.5	29.5	6.5	7.5	transparent
#9D9D9D	30	7	158	29.5	30.5	6.5	7.5	transparent
#A4A4A4	31	7	165	30.5	31.5	6.5	7.5	transparent
#AAAAAA	32	7	171	31.5	32.5	6.5	7.5	transparent
#AFAFAF	33	7	176	32.5	33.5	6.5	7.5	transparent
#B3B3B3	34	7	180	33.5	34.5	6.5	7.5	transparent
#B5B5B5	35	7	182	34.5	35.5	6.5	7.5	transparent
#B8B8B8	36	7	185	35.5	36.5	6.5	7.5	transparent
#BBBBBB	37	7	188	36.5	37.5	6.5	7.5	transparent
#C3C3C3	38	7	196	37.5	38.5	6.5	7.5	transparent
#C9C9C9	39	7	202	38.5	39.5	6.5	7.5	transparent
#CBCBCB	40	7	204	39.5	40.5	6.5	7.5	transparent
#CDCDCD	41	7	206	40.5	41.5	6.5	7.5	transparent
#D0D0D0	42	7	209	41.5	42.5	6.5	7.5	transparent
#D1D1D1	43	7	210	42.5	43.5	6.5	7.5	transparent
#D3D3D3	44	7	212	43.5	44.5	6.5	7.5	transparent
#D5D5D5	45	7	214	44.5	45.5	6.5	7.5	transparent
#D7D7D7	46	7	216	45.5	46.5	6.5	7.5	transparent
#D9D9D9	47	7	218	46.5	47.5	6.5	7.5	transparent
#D9D9D9	48	7	218	47.5	48.5	6.5	7.5	transparent
#DDDDDD	49	7	222	48.5	49.5	6.5	7.5	transparent
#DCDCDC	50	7	221	49.5	50.5	6.5	7.5	transparent
#DEDEDE	51	7	223	50.5	51.5	6.5	7.5	transparent
#DFDFDF	52	7	224	51.5	52.5	6.5	7.5	transparent
#DEDEDE	53	7	223	52.5	53.5	6.5	7.5	transparent
#DFDFDF	54	7	224	53.5	54.5	6.5	7.5	transparent
#E0E0E0	55	7	225	54.5	55.5	6.5	7.5	transparent
#E1E1E1	56	7	226	55.5	56.5	6.5	7.5	transparent
#E2E2E2	57	7	227	56.5	57.5	6.5	7.5	transparent
#E3E3E3	58	7	228	57.5	58.5	6.5	7.5	transparent
#E1E1E1	59	7	226	58.5	59.5	6.5	7.5	transparent
#E0E0E0	60	7	225	59.5	60.5	6.5	7.5	transparent
#E1E1E1	61	7	226	60.5	61.5	6.5	7.5	transparent
#E0E0E0	62	7	225	61.5	62.5	6.5	7.5	transparent
#E1E1E1	63	7	226	62.5	63.5	6.5	7.5	transparent
#E8E8E8	64	7	233	63.5	64.5	6.5	7.5	transparent
#ECECEC	65	7	237	64.5	65.5	6.5	7.5	transparent
#EDEDED	66	7	238	65.5	66.5	6.5	7.5	transparent
#EDEDED	67	7	238	66.5	67.5	6.5	7.5	transparent
#EDEDED	68	7	238	67.5	68.5	6.5	7.5	transparent
#EBEBEB	69	7	236	68.5	69.5	6.5	7.5	transparent
#ECECEC	70	7	237	69.5	70.5	6.5	7.5	transparent
#EAEAEA	71	7	235	70.5	71.5	6.5	7.5	transparent
#E8E8E8	72	7	233	71.5	72.5	6.5	7.5	transparent
#E8E8E8	73	7	233	72.5	73.5	6.5	7.5	transparent
#E6E6E6	74	7	231	73.5	74.5	6.5	7.5	transparent
#E7E7E7	75	7	232	74.5	75.5	6.5	7.5	transparent
#EAEAEA	76	7	235	75.5	76.5	6.5	7.5	transparent
#EEEEEE	77	7	239	76.5	77.5	6.5	7.5	transparent
#EDEDED	78	7	238	77.5	78.5	6.5	7.5	transparent
#EEEEEE	79	7	239	78.5	79.5	6.5	7.5	transparent
#ECECEC	80	7	237	79.5	80.5	6.5	7.5	transparent
#E5E5E5	81	7	230	80.5	81.5	6.5	7.5	transparent
#E4E4E4	82	7	229	81.5	82.5	6.5	7.5	transparent
#E5E5E5	83	7	230	82.5	83.5	6.5	7.5	transparent
#E4E4E4	84	7	229	83.5	84.5	6.5	7.5	transparent
#E4E4E4	85	7	229	84.5	85.5	6.5	7.5	transparent
#E5E5E5	86	7	230	85.5	86.5	6.5	7.5	transparent
#E5E5E5	87	7	230	86.5	87.5	6.5	7.5	transparent
#E4E4E4	88	7	229	87.5	88.5	6.5	7.5	transparent
#E4E4E4	89	7	229	88.5	89.5	6.5	7.5	transparent
#E3E3E3	90	7	228	89.5	90.5	6.5	7.5	transparent
#E1E1E1	91	7	226	90.5	91.5	6.5	7.5	transparent
#E1E1E1	92	7	226	91.5	92.5	6.5	7.5	transparent
#DEDEDE	93	7	223	92.5	93.5	6.5	7.5	transparent
#DCDCDC	94	7	221	93.5	94.5	6.5	7.5	transparent
#D9D9D9	95	7	218	94.5	95.5	6.5	7.5	transparent
#D5D5D5	96	7	214	95.5	96.5	6.5	7.5	transparent
#D4D4D4	97	7	213	96.5	97.5	6.5	7.5	transparent
#D3D3D3	98	7	212	97.5	98.5	6.5	7.5	transparent
#D3D3D3	99	7	212	98.5	99.5	6.5	7.5	transparent
#D1D1D1	100	7	210	99.5	100.5	6.5	7.5	transparent
#CECECE	101	7	207	100.5	101.5	6.5	7.5	transparent
#CDCDCD	102	7	206	101.5	102.5	6.5	7.5	transparent
#CACACA	103	7	203	102.5	103.5	6.5	7.5	transparent
#C6C6C6	104	7	199	103.5	104.5	6.5	7.5	transparent
#BFBFBF	105	7	192	104.5	105.5	6.5	7.5	transparent
#B5B5B5	106	7	182	105.5	106.5	6.5	7.5	transparent
#B4B4B4	107	7	181	106.5	107.5	6.5	7.5	transparent
#B9B9B9	108	7	186	107.5	108.5	6.5	7.5	transparent
#B2B2B2	109	7	179	108.5	109.5	6.5	7.5	transparent
#B0B0B0	110	7	177	109.5	110.5	6.5	7.5	transparent
#AEAEAE	111	7	175	110.5	111.5	6.5	7.5	transparent
#A9A9A9	112	7	170	111.5	112.5	6.5	7.5	transparent
#A3A3A3	113	7	164	112.5	113.5	6.5	7.5	transparent
#9D9D9D	114	7	158	113.5	114.5	6.5	7.5	transparent
#969696	115	7	151	114.5	115.5	6.5	7.5	transparent
#8E8E8E	116	7	143	115.5	116.5	6.5	7.5	transparent
#868686	117	7	135	116.5	117.5	6.5	7.5	transparent
#838383	118	7	132	117.5	118.5	6.5	7.5	transparent
#777777	119	7	120	118.5	119.5	6.5	7.5	transparent
#6A6A6A	120	7	107	119.5	120.5	6.5	7.5	transparent
#5B5B5B	121	7	92	120.5	121.5	6.5	7.5	transparent
#444444	122	7	69	121.5	122.5	6.5	7.5	transparent
#303030	123	7	49	122.5	123.5	6.5	7.5	transparent
#212121	124	7	34	123.5	124.5	6.5	7.5	transparent
#121212	125	7	19	124.5	125.5	6.5	7.5	transparent
#0A0A0A	126	7	11	125.5	126.5	6.5	7.5	transparent
#0C0C0C	127	7	13	126.5	127.5	6.5	7.5	transparent
#101010	128	7	17	127.5	128.5	6.5	7.5	transparent
#111111	129	7	18	128.5	129.5	6.5	7.5	transparent
#131313	130	7	20	129.5	130.5	6.5	7.5	transparent
#131313	131	7	20	130.5	131.5	6.5	7.5	transparent
#131313	132	7	20	131.5	132.5	6.5	7.5	transparent
#101010	133	7	17	132.5	133.5	6.5	7.5	transparent
#0B0B0B	134	7	12	133.5	134.5	6.5	7.5	transparent
#080808	135	7	9	134.5	135.5	6.5	7.5	transparent
#070707	136	7	8	135.5	136.5	6.5	7.5	transparent
#0C0C0C	137	7	13	136.5	137.5	6.5	7.5	transparent
#414141	138	7	66	137.5	138.5	6.5	7.5	transparent
#919191	139	7	146	138.5	139.5	6.5	7.5	transparent
#131313	0	6	20	-0.5	0.5	5.5	6.5	transparent
#131313	1	6	20	0.5	1.5	5.5	6.5	transparent
#131313	2	6	20	1.5	2.5	5.5	6.5	transparent
#131313	3	6	20	2.5	3.5	5.5	6.5	transparent
#131313	4	6	20	3.5	4.5	5.5	6.5	transparent
#131313	5	6	20	4.5	5.5	5.5	6.5	transparent
#131313	6	6	20	5.5	6.5	5.5	6.5	transparent
#131313	7	6	20	6.5	7.5	5.5	6.5	transparent
#131313	8	6	20	7.5	8.5	5.5	6.5	transparent
#131313	9	6	20	8.5	9.5	5.5	6.5	transparent
#131313	10	6	20	9.5	10.5	5.5	6.5	transparent
#131313	11	6	20	10.5	11.5	5.5	6.5	transparent
#131313	12	6	20	11.5	12.5	5.5	6.5	transparent
#131313	13	6	20	12.5	13.5	5.5	6.5	transparent
#111111	14	6	18	13.5	14.5	5.5	6.5	transparent
#111111	15	6	18	14.5	15.5	5.5	6.5	transparent
#0D0D0D	16	6	14	15.5	16.5	5.5	6.5	transparent
#0C0C0C	17	6	13	16.5	17.5	5.5	6.5	transparent
#111111	18	6	18	17.5	18.5	5.5	6.5	transparent
#1A1A1A	19	6	27	18.5	19.5	5.5	6.5	transparent
#272727	20	6	40	19.5	20.5	5.5	6.5	transparent
#3F3F3F	21	6	64	20.5	21.5	5.5	6.5	transparent
#565656	22	6	87	21.5	22.5	5.5	6.5	transparent
#676767	23	6	104	22.5	23.5	5.5	6.5	transparent
#737373	24	6	116	23.5	24.5	5.5	6.5	transparent
#737373	25	6	116	24.5	25.5	5.5	6.5	transparent
#787878	26	6	121	25.5	26.5	5.5	6.5	transparent
#878787	27	6	136	26.5	27.5	5.5	6.5	transparent
#8F8F8F	28	6	144	27.5	28.5	5.5	6.5	transparent
#969696	29	6	151	28.5	29.5	5.5	6.5	transparent
#9D9D9D	30	6	158	29.5	30.5	5.5	6.5	transparent
#A3A3A3	31	6	164	30.5	31.5	5.5	6.5	transparent
#A9A9A9	32	6	170	31.5	32.5	5.5	6.5	transparent
#AEAEAE	33	6	175	32.5	33.5	5.5	6.5	transparent
#B2B2B2	34	6	179	33.5	34.5	5.5	6.5	transparent
#B6B6B6	35	6	183	34.5	35.5	5.5	6.5	transparent
#B7B7B7	36	6	184	35.5	36.5	5.5	6.5	transparent
#BDBDBD	37	6	190	36.5	37.5	5.5	6.5	transparent
#C4C4C4	38	6	197	37.5	38.5	5.5	6.5	transparent
#C8C8C8	39	6	201	38.5	39.5	5.5	6.5	transparent
#CACACA	40	6	203	39.5	40.5	5.5	6.5	transparent
#CCCCCC	41	6	205	40.5	41.5	5.5	6.5	transparent
#D0D0D0	42	6	209	41.5	42.5	5.5	6.5	transparent
#D1D1D1	43	6	210	42.5	43.5	5.5	6.5	transparent
#D3D3D3	44	6	212	43.5	44.5	5.5	6.5	transparent
#D5D5D5	45	6	214	44.5	45.5	5.5	6.5	transparent
#D7D7D7	46	6	216	45.5	46.5	5.5	6.5	transparent
#D9D9D9	47	6	218	46.5	47.5	5.5	6.5	transparent
#DBDBDB	48	6	220	47.5	48.5	5.5	6.5	transparent
#DDDDDD	49	6	222	48.5	49.5	5.5	6.5	transparent
#DDDDDD	50	6	222	49.5	50.5	5.5	6.5	transparent
#DFDFDF	51	6	224	50.5	51.5	5.5	6.5	transparent
#DFDFDF	52	6	224	51.5	52.5	5.5	6.5	transparent
#DFDFDF	53	6	224	52.5	53.5	5.5	6.5	transparent
#E1E1E1	54	6	226	53.5	54.5	5.5	6.5	transparent
#E2E2E2	55	6	227	54.5	55.5	5.5	6.5	transparent
#E2E2E2	56	6	227	55.5	56.5	5.5	6.5	transparent
#E2E2E2	57	6	227	56.5	57.5	5.5	6.5	transparent
#E4E4E4	58	6	229	57.5	58.5	5.5	6.5	transparent
#E2E2E2	59	6	227	58.5	59.5	5.5	6.5	transparent
#E1E1E1	60	6	226	59.5	60.5	5.5	6.5	transparent
#E2E2E2	61	6	227	60.5	61.5	5.5	6.5	transparent
#E0E0E0	62	6	225	61.5	62.5	5.5	6.5	transparent
#E3E3E3	63	6	228	62.5	63.5	5.5	6.5	transparent
#E9E9E9	64	6	234	63.5	64.5	5.5	6.5	transparent
#EAEAEA	65	6	235	64.5	65.5	5.5	6.5	transparent
#EAEAEA	66	6	235	65.5	66.5	5.5	6.5	transparent
#EFEFEF	67	6	240	66.5	67.5	5.5	6.5	transparent
#EEEEEE	68	6	239	67.5	68.5	5.5	6.5	transparent
#E9E9E9	69	6	234	68.5	69.5	5.5	6.5	transparent
#E8E8E8	70	6	233	69.5	70.5	5.5	6.5	transparent
#E7E7E7	71	6	232	70.5	71.5	5.5	6.5	transparent
#E6E6E6	72	6	231	71.5	72.5	5.5	6.5	transparent
#E6E6E6	73	6	231	72.5	73.5	5.5	6.5	transparent
#E5E5E5	74	6	230	73.5	74.5	5.5	6.5	transparent
#E7E7E7	75	6	232	74.5	75.5	5.5	6.5	transparent
#E9E9E9	76	6	234	75.5	76.5	5.5	6.5	transparent
#EEEEEE	77	6	239	76.5	77.5	5.5	6.5	transparent
#ECECEC	78	6	237	77.5	78.5	5.5	6.5	transparent
#EAEAEA	79	6	235	78.5	79.5	5.5	6.5	transparent
#EDEDED	80	6	238	79.5	80.5	5.5	6.5	transparent
#E9E9E9	81	6	234	80.5	81.5	5.5	6.5	transparent
#E5E5E5	82	6	230	81.5	82.5	5.5	6.5	transparent
#E6E6E6	83	6	231	82.5	83.5	5.5	6.5	transparent
#E5E5E5	84	6	230	83.5	84.5	5.5	6.5	transparent
#E4E4E4	85	6	229	84.5	85.5	5.5	6.5	transparent
#E4E4E4	86	6	229	85.5	86.5	5.5	6.5	transparent
#E4E4E4	87	6	229	86.5	87.5	5.5	6.5	transparent
#E4E4E4	88	6	229	87.5	88.5	5.5	6.5	transparent
#E4E4E4	89	6	229	88.5	89.5	5.5	6.5	transparent
#E1E1E1	90	6	226	89.5	90.5	5.5	6.5	transparent
#E0E0E0	91	6	225	90.5	91.5	5.5	6.5	transparent
#DFDFDF	92	6	224	91.5	92.5	5.5	6.5	transparent
#DDDDDD	93	6	222	92.5	93.5	5.5	6.5	transparent
#DBDBDB	94	6	220	93.5	94.5	5.5	6.5	transparent
#D9D9D9	95	6	218	94.5	95.5	5.5	6.5	transparent
#D8D8D8	96	6	217	95.5	96.5	5.5	6.5	transparent
#D7D7D7	97	6	216	96.5	97.5	5.5	6.5	transparent
#D5D5D5	98	6	214	97.5	98.5	5.5	6.5	transparent
#D3D3D3	99	6	212	98.5	99.5	5.5	6.5	transparent
#D1D1D1	100	6	210	99.5	100.5	5.5	6.5	transparent
#CFCFCF	101	6	208	100.5	101.5	5.5	6.5	transparent
#CDCDCD	102	6	206	101.5	102.5	5.5	6.5	transparent
#CBCBCB	103	6	204	102.5	103.5	5.5	6.5	transparent
#C4C4C4	104	6	197	103.5	104.5	5.5	6.5	transparent
#B9B9B9	105	6	186	104.5	105.5	5.5	6.5	transparent
#B6B6B6	106	6	183	105.5	106.5	5.5	6.5	transparent
#B2B2B2	107	6	179	106.5	107.5	5.5	6.5	transparent
#B5B5B5	108	6	182	107.5	108.5	5.5	6.5	transparent
#B2B2B2	109	6	179	108.5	109.5	5.5	6.5	transparent
#AFAFAF	110	6	176	109.5	110.5	5.5	6.5	transparent
#ACACAC	111	6	173	110.5	111.5	5.5	6.5	transparent
#A8A8A8	112	6	169	111.5	112.5	5.5	6.5	transparent
#A3A3A3	113	6	164	112.5	113.5	5.5	6.5	transparent
#9C9C9C	114	6	157	113.5	114.5	5.5	6.5	transparent
#949494	115	6	149	114.5	115.5	5.5	6.5	transparent
#888888	116	6	137	115.5	116.5	5.5	6.5	transparent
#838383	117	6	132	116.5	117.5	5.5	6.5	transparent
#818181	118	6	130	117.5	118.5	5.5	6.5	transparent
#767676	119	6	119	118.5	119.5	5.5	6.5	transparent
#686868	120	6	105	119.5	120.5	5.5	6.5	transparent
#585858	121	6	89	120.5	121.5	5.5	6.5	transparent
#424242	122	6	67	121.5	122.5	5.5	6.5	transparent
#303030	123	6	49	122.5	123.5	5.5	6.5	transparent
#1F1F1F	124	6	32	123.5	124.5	5.5	6.5	transparent
#111111	125	6	18	124.5	125.5	5.5	6.5	transparent
#090909	126	6	10	125.5	126.5	5.5	6.5	transparent
#0D0D0D	127	6	14	126.5	127.5	5.5	6.5	transparent
#101010	128	6	17	127.5	128.5	5.5	6.5	transparent
#111111	129	6	18	128.5	129.5	5.5	6.5	transparent
#131313	130	6	20	129.5	130.5	5.5	6.5	transparent
#131313	131	6	20	130.5	131.5	5.5	6.5	transparent
#131313	132	6	20	131.5	132.5	5.5	6.5	transparent
#101010	133	6	17	132.5	133.5	5.5	6.5	transparent
#0B0B0B	134	6	12	133.5	134.5	5.5	6.5	transparent
#080808	135	6	9	134.5	135.5	5.5	6.5	transparent
#070707	136	6	8	135.5	136.5	5.5	6.5	transparent
#0C0C0C	137	6	13	136.5	137.5	5.5	6.5	transparent
#424242	138	6	67	137.5	138.5	5.5	6.5	transparent
#969696	139	6	151	138.5	139.5	5.5	6.5	transparent
#131313	0	5	20	-0.5	0.5	4.5	5.5	transparent
#131313	1	5	20	0.5	1.5	4.5	5.5	transparent
#131313	2	5	20	1.5	2.5	4.5	5.5	transparent
#131313	3	5	20	2.5	3.5	4.5	5.5	transparent
#131313	4	5	20	3.5	4.5	4.5	5.5	transparent
#131313	5	5	20	4.5	5.5	4.5	5.5	transparent
#131313	6	5	20	5.5	6.5	4.5	5.5	transparent
#131313	7	5	20	6.5	7.5	4.5	5.5	transparent
#131313	8	5	20	7.5	8.5	4.5	5.5	transparent
#131313	9	5	20	8.5	9.5	4.5	5.5	transparent
#131313	10	5	20	9.5	10.5	4.5	5.5	transparent
#131313	11	5	20	10.5	11.5	4.5	5.5	transparent
#131313	12	5	20	11.5	12.5	4.5	5.5	transparent
#131313	13	5	20	12.5	13.5	4.5	5.5	transparent
#121212	14	5	19	13.5	14.5	4.5	5.5	transparent
#101010	15	5	17	14.5	15.5	4.5	5.5	transparent
#0E0E0E	16	5	15	15.5	16.5	4.5	5.5	transparent
#0B0B0B	17	5	12	16.5	17.5	4.5	5.5	transparent
#0F0F0F	18	5	16	17.5	18.5	4.5	5.5	transparent
#171717	19	5	24	18.5	19.5	4.5	5.5	transparent
#232323	20	5	36	19.5	20.5	4.5	5.5	transparent
#3A3A3A	21	5	59	20.5	21.5	4.5	5.5	transparent
#515151	22	5	82	21.5	22.5	4.5	5.5	transparent
#656565	23	5	102	22.5	23.5	4.5	5.5	transparent
#737373	24	5	116	23.5	24.5	4.5	5.5	transparent
#747474	25	5	117	24.5	25.5	4.5	5.5	transparent
#757575	26	5	118	25.5	26.5	4.5	5.5	transparent
#848484	27	5	133	26.5	27.5	4.5	5.5	transparent
#8D8D8D	28	5	142	27.5	28.5	4.5	5.5	transparent
#959595	29	5	150	28.5	29.5	4.5	5.5	transparent
#9C9C9C	30	5	157	29.5	30.5	4.5	5.5	transparent
#A3A3A3	31	5	164	30.5	31.5	4.5	5.5	transparent
#A9A9A9	32	5	170	31.5	32.5	4.5	5.5	transparent
#AEAEAE	33	5	175	32.5	33.5	4.5	5.5	transparent
#B2B2B2	34	5	179	33.5	34.5	4.5	5.5	transparent
#B5B5B5	35	5	182	34.5	35.5	4.5	5.5	transparent
#B8B8B8	36	5	185	35.5	36.5	4.5	5.5	transparent
#BFBFBF	37	5	192	36.5	37.5	4.5	5.5	transparent
#C5C5C5	38	5	198	37.5	38.5	4.5	5.5	transparent
#C8C8C8	39	5	201	38.5	39.5	4.5	5.5	transparent
#CBCBCB	40	5	204	39.5	40.5	4.5	5.5	transparent
#CDCDCD	41	5	206	40.5	41.5	4.5	5.5	transparent
#D0D0D0	42	5	209	41.5	42.5	4.5	5.5	transparent
#D1D1D1	43	5	210	42.5	43.5	4.5	5.5	transparent
#D3D3D3	44	5	212	43.5	44.5	4.5	5.5	transparent
#D5D5D5	45	5	214	44.5	45.5	4.5	5.5	transparent
#D7D7D7	46	5	216	45.5	46.5	4.5	5.5	transparent
#DADADA	47	5	219	46.5	47.5	4.5	5.5	transparent
#DBDBDB	48	5	220	47.5	48.5	4.5	5.5	transparent
#DDDDDD	49	5	222	48.5	49.5	4.5	5.5	transparent
#DEDEDE	50	5	223	49.5	50.5	4.5	5.5	transparent
#DFDFDF	51	5	224	50.5	51.5	4.5	5.5	transparent
#E0E0E0	52	5	225	51.5	52.5	4.5	5.5	transparent
#E0E0E0	53	5	225	52.5	53.5	4.5	5.5	transparent
#E1E1E1	54	5	226	53.5	54.5	4.5	5.5	transparent
#E3E3E3	55	5	228	54.5	55.5	4.5	5.5	transparent
#E4E4E4	56	5	229	55.5	56.5	4.5	5.5	transparent
#E4E4E4	57	5	229	56.5	57.5	4.5	5.5	transparent
#E4E4E4	58	5	229	57.5	58.5	4.5	5.5	transparent
#E3E3E3	59	5	228	58.5	59.5	4.5	5.5	transparent
#E3E3E3	60	5	228	59.5	60.5	4.5	5.5	transparent
#E2E2E2	61	5	227	60.5	61.5	4.5	5.5	transparent
#E3E3E3	62	5	228	61.5	62.5	4.5	5.5	transparent
#E6E6E6	63	5	231	62.5	63.5	4.5	5.5	transparent
#E8E8E8	64	5	233	63.5	64.5	4.5	5.5	transparent
#EAEAEA	65	5	235	64.5	65.5	4.5	5.5	transparent
#ECECEC	66	5	237	65.5	66.5	4.5	5.5	transparent
#EFEFEF	67	5	240	66.5	67.5	4.5	5.5	transparent
#EDEDED	68	5	238	67.5	68.5	4.5	5.5	transparent
#EAEAEA	69	5	235	68.5	69.5	4.5	5.5	transparent
#E9E9E9	70	5	234	69.5	70.5	4.5	5.5	transparent
#E8E8E8	71	5	233	70.5	71.5	4.5	5.5	transparent
#E6E6E6	72	5	231	71.5	72.5	4.5	5.5	transparent
#E6E6E6	73	5	231	72.5	73.5	4.5	5.5	transparent
#E8E8E8	74	5	233	73.5	74.5	4.5	5.5	transparent
#E8E8E8	75	5	233	74.5	75.5	4.5	5.5	transparent
#EAEAEA	76	5	235	75.5	76.5	4.5	5.5	transparent
#EDEDED	77	5	238	76.5	77.5	4.5	5.5	transparent
#EAEAEA	78	5	235	77.5	78.5	4.5	5.5	transparent
#E8E8E8	79	5	233	78.5	79.5	4.5	5.5	transparent
#EBEBEB	80	5	236	79.5	80.5	4.5	5.5	transparent
#E8E8E8	81	5	233	80.5	81.5	4.5	5.5	transparent
#E6E6E6	82	5	231	81.5	82.5	4.5	5.5	transparent
#E6E6E6	83	5	231	82.5	83.5	4.5	5.5	transparent
#E6E6E6	84	5	231	83.5	84.5	4.5	5.5	transparent
#E4E4E4	85	5	229	84.5	85.5	4.5	5.5	transparent
#E4E4E4	86	5	229	85.5	86.5	4.5	5.5	transparent
#E6E6E6	87	5	231	86.5	87.5	4.5	5.5	transparent
#E4E4E4	88	5	229	87.5	88.5	4.5	5.5	transparent
#E1E1E1	89	5	226	88.5	89.5	4.5	5.5	transparent
#E1E1E1	90	5	226	89.5	90.5	4.5	5.5	transparent
#DFDFDF	91	5	224	90.5	91.5	4.5	5.5	transparent
#DEDEDE	92	5	223	91.5	92.5	4.5	5.5	transparent
#DDDDDD	93	5	222	92.5	93.5	4.5	5.5	transparent
#DBDBDB	94	5	220	93.5	94.5	4.5	5.5	transparent
#D8D8D8	95	5	217	94.5	95.5	4.5	5.5	transparent
#D8D8D8	96	5	217	95.5	96.5	4.5	5.5	transparent
#D6D6D6	97	5	215	96.5	97.5	4.5	5.5	transparent
#D3D3D3	98	5	212	97.5	98.5	4.5	5.5	transparent
#D2D2D2	99	5	211	98.5	99.5	4.5	5.5	transparent
#D2D2D2	100	5	211	99.5	100.5	4.5	5.5	transparent
#D0D0D0	101	5	209	100.5	101.5	4.5	5.5	transparent
#CECECE	102	5	207	101.5	102.5	4.5	5.5	transparent
#CBCBCB	103	5	204	102.5	103.5	4.5	5.5	transparent
#C7C7C7	104	5	200	103.5	104.5	4.5	5.5	transparent
#BCBCBC	105	5	189	104.5	105.5	4.5	5.5	transparent
#B9B9B9	106	5	186	105.5	106.5	4.5	5.5	transparent
#B6B6B6	107	5	183	106.5	107.5	4.5	5.5	transparent
#B4B4B4	108	5	181	107.5	108.5	4.5	5.5	transparent
#B5B5B5	109	5	182	108.5	109.5	4.5	5.5	transparent
#B1B1B1	110	5	178	109.5	110.5	4.5	5.5	transparent
#ADADAD	111	5	174	110.5	111.5	4.5	5.5	transparent
#A6A6A6	112	5	167	111.5	112.5	4.5	5.5	transparent
#A0A0A0	113	5	161	112.5	113.5	4.5	5.5	transparent
#9A9A9A	114	5	155	113.5	114.5	4.5	5.5	transparent
#919191	115	5	146	114.5	115.5	4.5	5.5	transparent
#868686	116	5	135	115.5	116.5	4.5	5.5	transparent
#838383	117	5	132	116.5	117.5	4.5	5.5	transparent
#828282	118	5	131	117.5	118.5	4.5	5.5	transparent
#757575	119	5	118	118.5	119.5	4.5	5.5	transparent
#656565	120	5	102	119.5	120.5	4.5	5.5	transparent
#555555	121	5	86	120.5	121.5	4.5	5.5	transparent
#404040	122	5	65	121.5	122.5	4.5	5.5	transparent
#2E2E2E	123	5	47	122.5	123.5	4.5	5.5	transparent
#1D1D1D	124	5	30	123.5	124.5	4.5	5.5	transparent
#0E0E0E	125	5	15	124.5	125.5	4.5	5.5	transparent
#0A0A0A	126	5	11	125.5	126.5	4.5	5.5	transparent
#0D0D0D	127	5	14	126.5	127.5	4.5	5.5	transparent
#101010	128	5	17	127.5	128.5	4.5	5.5	transparent
#121212	129	5	19	128.5	129.5	4.5	5.5	transparent
#131313	130	5	20	129.5	130.5	4.5	5.5	transparent
#131313	131	5	20	130.5	131.5	4.5	5.5	transparent
#131313	132	5	20	131.5	132.5	4.5	5.5	transparent
#101010	133	5	17	132.5	133.5	4.5	5.5	transparent
#0B0B0B	134	5	12	133.5	134.5	4.5	5.5	transparent
#070707	135	5	8	134.5	135.5	4.5	5.5	transparent
#060606	136	5	7	135.5	136.5	4.5	5.5	transparent
#0D0D0D	137	5	14	136.5	137.5	4.5	5.5	transparent
#454545	138	5	70	137.5	138.5	4.5	5.5	transparent
#9A9A9A	139	5	155	138.5	139.5	4.5	5.5	transparent
#131313	0	4	20	-0.5	0.5	3.5	4.5	transparent
#131313	1	4	20	0.5	1.5	3.5	4.5	transparent
#131313	2	4	20	1.5	2.5	3.5	4.5	transparent
#131313	3	4	20	2.5	3.5	3.5	4.5	transparent
#131313	4	4	20	3.5	4.5	3.5	4.5	transparent
#131313	5	4	20	4.5	5.5	3.5	4.5	transparent
#131313	6	4	20	5.5	6.5	3.5	4.5	transparent
#131313	7	4	20	6.5	7.5	3.5	4.5	transparent
#131313	8	4	20	7.5	8.5	3.5	4.5	transparent
#131313	9	4	20	8.5	9.5	3.5	4.5	transparent
#131313	10	4	20	9.5	10.5	3.5	4.5	transparent
#131313	11	4	20	10.5	11.5	3.5	4.5	transparent
#131313	12	4	20	11.5	12.5	3.5	4.5	transparent
#131313	13	4	20	12.5	13.5	3.5	4.5	transparent
#121212	14	4	19	13.5	14.5	3.5	4.5	transparent
#101010	15	4	17	14.5	15.5	3.5	4.5	transparent
#0E0E0E	16	4	15	15.5	16.5	3.5	4.5	transparent
#0B0B0B	17	4	12	16.5	17.5	3.5	4.5	transparent
#0E0E0E	18	4	15	17.5	18.5	3.5	4.5	transparent
#161616	19	4	23	18.5	19.5	3.5	4.5	transparent
#212121	20	4	34	19.5	20.5	3.5	4.5	transparent
#353535	21	4	54	20.5	21.5	3.5	4.5	transparent
#4D4D4D	22	4	78	21.5	22.5	3.5	4.5	transparent
#606060	23	4	97	22.5	23.5	3.5	4.5	transparent
#6F6F6F	24	4	112	23.5	24.5	3.5	4.5	transparent
#747474	25	4	117	24.5	25.5	3.5	4.5	transparent
#747474	26	4	117	25.5	26.5	3.5	4.5	transparent
#808080	27	4	129	26.5	27.5	3.5	4.5	transparent
#8B8B8B	28	4	140	27.5	28.5	3.5	4.5	transparent
#949494	29	4	149	28.5	29.5	3.5	4.5	transparent
#9C9C9C	30	4	157	29.5	30.5	3.5	4.5	transparent
#A3A3A3	31	4	164	30.5	31.5	3.5	4.5	transparent
#A8A8A8	32	4	169	31.5	32.5	3.5	4.5	transparent
#ACACAC	33	4	173	32.5	33.5	3.5	4.5	transparent
#B1B1B1	34	4	178	33.5	34.5	3.5	4.5	transparent
#B4B4B4	35	4	181	34.5	35.5	3.5	4.5	transparent
#BABABA	36	4	187	35.5	36.5	3.5	4.5	transparent
#C0C0C0	37	4	193	36.5	37.5	3.5	4.5	transparent
#C4C4C4	38	4	197	37.5	38.5	3.5	4.5	transparent
#C8C8C8	39	4	201	38.5	39.5	3.5	4.5	transparent
#CACACA	40	4	203	39.5	40.5	3.5	4.5	transparent
#CDCDCD	41	4	206	40.5	41.5	3.5	4.5	transparent
#D0D0D0	42	4	209	41.5	42.5	3.5	4.5	transparent
#D1D1D1	43	4	210	42.5	43.5	3.5	4.5	transparent
#D3D3D3	44	4	212	43.5	44.5	3.5	4.5	transparent
#D5D5D5	45	4	214	44.5	45.5	3.5	4.5	transparent
#D7D7D7	46	4	216	45.5	46.5	3.5	4.5	transparent
#D9D9D9	47	4	218	46.5	47.5	3.5	4.5	transparent
#DBDBDB	48	4	220	47.5	48.5	3.5	4.5	transparent
#DDDDDD	49	4	222	48.5	49.5	3.5	4.5	transparent
#DEDEDE	50	4	223	49.5	50.5	3.5	4.5	transparent
#DFDFDF	51	4	224	50.5	51.5	3.5	4.5	transparent
#E0E0E0	52	4	225	51.5	52.5	3.5	4.5	transparent
#E1E1E1	53	4	226	52.5	53.5	3.5	4.5	transparent
#E1E1E1	54	4	226	53.5	54.5	3.5	4.5	transparent
#E2E2E2	55	4	227	54.5	55.5	3.5	4.5	transparent
#E2E2E2	56	4	227	55.5	56.5	3.5	4.5	transparent
#E5E5E5	57	4	230	56.5	57.5	3.5	4.5	transparent
#E4E4E4	58	4	229	57.5	58.5	3.5	4.5	transparent
#E4E4E4	59	4	229	58.5	59.5	3.5	4.5	transparent
#E3E3E3	60	4	228	59.5	60.5	3.5	4.5	transparent
#E4E4E4	61	4	229	60.5	61.5	3.5	4.5	transparent
#E4E4E4	62	4	229	61.5	62.5	3.5	4.5	transparent
#E6E6E6	63	4	231	62.5	63.5	3.5	4.5	transparent
#EAEAEA	64	4	235	63.5	64.5	3.5	4.5	transparent
#EAEAEA	65	4	235	64.5	65.5	3.5	4.5	transparent
#EBEBEB	66	4	236	65.5	66.5	3.5	4.5	transparent
#EEEEEE	67	4	239	66.5	67.5	3.5	4.5	transparent
#ECECEC	68	4	237	67.5	68.5	3.5	4.5	transparent
#E9E9E9	69	4	234	68.5	69.5	3.5	4.5	transparent
#E8E8E8	70	4	233	69.5	70.5	3.5	4.5	transparent
#E7E7E7	71	4	232	70.5	71.5	3.5	4.5	transparent
#E6E6E6	72	4	231	71.5	72.5	3.5	4.5	transparent
#E7E7E7	73	4	232	72.5	73.5	3.5	4.5	transparent
#E8E8E8	74	4	233	73.5	74.5	3.5	4.5	transparent
#E8E8E8	75	4	233	74.5	75.5	3.5	4.5	transparent
#EAEAEA	76	4	235	75.5	76.5	3.5	4.5	transparent
#ECECEC	77	4	237	76.5	77.5	3.5	4.5	transparent
#E8E8E8	78	4	233	77.5	78.5	3.5	4.5	transparent
#E8E8E8	79	4	233	78.5	79.5	3.5	4.5	transparent
#EDEDED	80	4	238	79.5	80.5	3.5	4.5	transparent
#E9E9E9	81	4	234	80.5	81.5	3.5	4.5	transparent
#E6E6E6	82	4	231	81.5	82.5	3.5	4.5	transparent
#E7E7E7	83	4	232	82.5	83.5	3.5	4.5	transparent
#E8E8E8	84	4	233	83.5	84.5	3.5	4.5	transparent
#E7E7E7	85	4	232	84.5	85.5	3.5	4.5	transparent
#E2E2E2	86	4	227	85.5	86.5	3.5	4.5	transparent
#E2E2E2	87	4	227	86.5	87.5	3.5	4.5	transparent
#E3E3E3	88	4	228	87.5	88.5	3.5	4.5	transparent
#E2E2E2	89	4	227	88.5	89.5	3.5	4.5	transparent
#E2E2E2	90	4	227	89.5	90.5	3.5	4.5	transparent
#DFDFDF	91	4	224	90.5	91.5	3.5	4.5	transparent
#DCDCDC	92	4	221	91.5	92.5	3.5	4.5	transparent
#DCDCDC	93	4	221	92.5	93.5	3.5	4.5	transparent
#DADADA	94	4	219	93.5	94.5	3.5	4.5	transparent
#D8D8D8	95	4	217	94.5	95.5	3.5	4.5	transparent
#D7D7D7	96	4	216	95.5	96.5	3.5	4.5	transparent
#D6D6D6	97	4	215	96.5	97.5	3.5	4.5	transparent
#D2D2D2	98	4	211	97.5	98.5	3.5	4.5	transparent
#D1D1D1	99	4	210	98.5	99.5	3.5	4.5	transparent
#D1D1D1	100	4	210	99.5	100.5	3.5	4.5	transparent
#CECECE	101	4	207	100.5	101.5	3.5	4.5	transparent
#CDCDCD	102	4	206	101.5	102.5	3.5	4.5	transparent
#CBCBCB	103	4	204	102.5	103.5	3.5	4.5	transparent
#C6C6C6	104	4	199	103.5	104.5	3.5	4.5	transparent
#C1C1C1	105	4	194	104.5	105.5	3.5	4.5	transparent
#BCBCBC	106	4	189	105.5	106.5	3.5	4.5	transparent
#B6B6B6	107	4	183	106.5	107.5	3.5	4.5	transparent
#B2B2B2	108	4	179	107.5	108.5	3.5	4.5	transparent
#B4B4B4	109	4	181	108.5	109.5	3.5	4.5	transparent
#B1B1B1	110	4	178	109.5	110.5	3.5	4.5	transparent
#ABABAB	111	4	172	110.5	111.5	3.5	4.5	transparent
#A5A5A5	112	4	166	111.5	112.5	3.5	4.5	transparent
#9E9E9E	113	4	159	112.5	113.5	3.5	4.5	transparent
#979797	114	4	152	113.5	114.5	3.5	4.5	transparent
#909090	115	4	145	114.5	115.5	3.5	4.5	transparent
#848484	116	4	133	115.5	116.5	3.5	4.5	transparent
#838383	117	4	132	116.5	117.5	3.5	4.5	transparent
#828282	118	4	131	117.5	118.5	3.5	4.5	transparent
#727272	119	4	115	118.5	119.5	3.5	4.5	transparent
#626262	120	4	99	119.5	120.5	3.5	4.5	transparent
#515151	121	4	82	120.5	121.5	3.5	4.5	transparent
#3D3D3D	122	4	62	121.5	122.5	3.5	4.5	transparent
#2C2C2C	123	4	45	122.5	123.5	3.5	4.5	transparent
#1C1C1C	124	4	29	123.5	124.5	3.5	4.5	transparent
#0E0E0E	125	4	15	124.5	125.5	3.5	4.5	transparent
#0A0A0A	126	4	11	125.5	126.5	3.5	4.5	transparent
#0E0E0E	127	4	15	126.5	127.5	3.5	4.5	transparent
#101010	128	4	17	127.5	128.5	3.5	4.5	transparent
#121212	129	4	19	128.5	129.5	3.5	4.5	transparent
#131313	130	4	20	129.5	130.5	3.5	4.5	transparent
#131313	131	4	20	130.5	131.5	3.5	4.5	transparent
#131313	132	4	20	131.5	132.5	3.5	4.5	transparent
#101010	133	4	17	132.5	133.5	3.5	4.5	transparent
#0B0B0B	134	4	12	133.5	134.5	3.5	4.5	transparent
#070707	135	4	8	134.5	135.5	3.5	4.5	transparent
#060606	136	4	7	135.5	136.5	3.5	4.5	transparent
#0D0D0D	137	4	14	136.5	137.5	3.5	4.5	transparent
#474747	138	4	72	137.5	138.5	3.5	4.5	transparent
#9E9E9E	139	4	159	138.5	139.5	3.5	4.5	transparent
#131313	0	3	20	-0.5	0.5	2.5	3.5	transparent
#131313	1	3	20	0.5	1.5	2.5	3.5	transparent
#131313	2	3	20	1.5	2.5	2.5	3.5	transparent
#131313	3	3	20	2.5	3.5	2.5	3.5	transparent
#131313	4	3	20	3.5	4.5	2.5	3.5	transparent
#131313	5	3	20	4.5	5.5	2.5	3.5	transparent
#131313	6	3	20	5.5	6.5	2.5	3.5	transparent
#131313	7	3	20	6.5	7.5	2.5	3.5	transparent
#131313	8	3	20	7.5	8.5	2.5	3.5	transparent
#131313	9	3	20	8.5	9.5	2.5	3.5	transparent
#131313	10	3	20	9.5	10.5	2.5	3.5	transparent
#131313	11	3	20	10.5	11.5	2.5	3.5	transparent
#131313	12	3	20	11.5	12.5	2.5	3.5	transparent
#131313	13	3	20	12.5	13.5	2.5	3.5	transparent
#121212	14	3	19	13.5	14.5	2.5	3.5	transparent
#111111	15	3	18	14.5	15.5	2.5	3.5	transparent
#0E0E0E	16	3	15	15.5	16.5	2.5	3.5	transparent
#0C0C0C	17	3	13	16.5	17.5	2.5	3.5	transparent
#0D0D0D	18	3	14	17.5	18.5	2.5	3.5	transparent
#141414	19	3	21	18.5	19.5	2.5	3.5	transparent
#1F1F1F	20	3	32	19.5	20.5	2.5	3.5	transparent
#303030	21	3	49	20.5	21.5	2.5	3.5	transparent
#484848	22	3	73	21.5	22.5	2.5	3.5	transparent
#595959	23	3	90	22.5	23.5	2.5	3.5	transparent
#686868	24	3	105	23.5	24.5	2.5	3.5	transparent
#737373	25	3	116	24.5	25.5	2.5	3.5	transparent
#737373	26	3	116	25.5	26.5	2.5	3.5	transparent
#7C7C7C	27	3	125	26.5	27.5	2.5	3.5	transparent
#8A8A8A	28	3	139	27.5	28.5	2.5	3.5	transparent
#939393	29	3	148	28.5	29.5	2.5	3.5	transparent
#9B9B9B	30	3	156	29.5	30.5	2.5	3.5	transparent
#A1A1A1	31	3	162	30.5	31.5	2.5	3.5	transparent
#A8A8A8	32	3	169	31.5	32.5	2.5	3.5	transparent
#ADADAD	33	3	174	32.5	33.5	2.5	3.5	transparent
#B0B0B0	34	3	177	33.5	34.5	2.5	3.5	transparent
#B4B4B4	35	3	181	34.5	35.5	2.5	3.5	transparent
#BBBBBB	36	3	188	35.5	36.5	2.5	3.5	transparent
#C1C1C1	37	3	194	36.5	37.5	2.5	3.5	transparent
#C4C4C4	38	3	197	37.5	38.5	2.5	3.5	transparent
#C7C7C7	39	3	200	38.5	39.5	2.5	3.5	transparent
#C9C9C9	40	3	202	39.5	40.5	2.5	3.5	transparent
#CCCCCC	41	3	205	40.5	41.5	2.5	3.5	transparent
#CFCFCF	42	3	208	41.5	42.5	2.5	3.5	transparent
#D0D0D0	43	3	209	42.5	43.5	2.5	3.5	transparent
#D3D3D3	44	3	212	43.5	44.5	2.5	3.5	transparent
#D6D6D6	45	3	215	44.5	45.5	2.5	3.5	transparent
#D8D8D8	46	3	217	45.5	46.5	2.5	3.5	transparent
#D9D9D9	47	3	218	46.5	47.5	2.5	3.5	transparent
#DBDBDB	48	3	220	47.5	48.5	2.5	3.5	transparent
#DDDDDD	49	3	222	48.5	49.5	2.5	3.5	transparent
#DEDEDE	50	3	223	49.5	50.5	2.5	3.5	transparent
#DFDFDF	51	3	224	50.5	51.5	2.5	3.5	transparent
#E0E0E0	52	3	225	51.5	52.5	2.5	3.5	transparent
#E0E0E0	53	3	225	52.5	53.5	2.5	3.5	transparent
#E1E1E1	54	3	226	53.5	54.5	2.5	3.5	transparent
#E2E2E2	55	3	227	54.5	55.5	2.5	3.5	transparent
#E3E3E3	56	3	228	55.5	56.5	2.5	3.5	transparent
#E5E5E5	57	3	230	56.5	57.5	2.5	3.5	transparent
#E5E5E5	58	3	230	57.5	58.5	2.5	3.5	transparent
#E5E5E5	59	3	230	58.5	59.5	2.5	3.5	transparent
#E5E5E5	60	3	230	59.5	60.5	2.5	3.5	transparent
#E4E4E4	61	3	229	60.5	61.5	2.5	3.5	transparent
#E4E4E4	62	3	229	61.5	62.5	2.5	3.5	transparent
#E5E5E5	63	3	230	62.5	63.5	2.5	3.5	transparent
#EBEBEB	64	3	236	63.5	64.5	2.5	3.5	transparent
#ECECEC	65	3	237	64.5	65.5	2.5	3.5	transparent
#EBEBEB	66	3	236	65.5	66.5	2.5	3.5	transparent
#EEEEEE	67	3	239	66.5	67.5	2.5	3.5	transparent
#ECECEC	68	3	237	67.5	68.5	2.5	3.5	transparent
#EAEAEA	69	3	235	68.5	69.5	2.5	3.5	transparent
#E9E9E9	70	3	234	69.5	70.5	2.5	3.5	transparent
#E9E9E9	71	3	234	70.5	71.5	2.5	3.5	transparent
#E9E9E9	72	3	234	71.5	72.5	2.5	3.5	transparent
#E9E9E9	73	3	234	72.5	73.5	2.5	3.5	transparent
#E9E9E9	74	3	234	73.5	74.5	2.5	3.5	transparent
#EAEAEA	75	3	235	74.5	75.5	2.5	3.5	transparent
#E9E9E9	76	3	234	75.5	76.5	2.5	3.5	transparent
#ECECEC	77	3	237	76.5	77.5	2.5	3.5	transparent
#EAEAEA	78	3	235	77.5	78.5	2.5	3.5	transparent
#E8E8E8	79	3	233	78.5	79.5	2.5	3.5	transparent
#ECECEC	80	3	237	79.5	80.5	2.5	3.5	transparent
#E9E9E9	81	3	234	80.5	81.5	2.5	3.5	transparent
#E6E6E6	82	3	231	81.5	82.5	2.5	3.5	transparent
#E9E9E9	83	3	234	82.5	83.5	2.5	3.5	transparent
#E8E8E8	84	3	233	83.5	84.5	2.5	3.5	transparent
#E5E5E5	85	3	230	84.5	85.5	2.5	3.5	transparent
#E0E0E0	86	3	225	85.5	86.5	2.5	3.5	transparent
#DDDDDD	87	3	222	86.5	87.5	2.5	3.5	transparent
#DEDEDE	88	3	223	87.5	88.5	2.5	3.5	transparent
#E1E1E1	89	3	226	88.5	89.5	2.5	3.5	transparent
#E1E1E1	90	3	226	89.5	90.5	2.5	3.5	transparent
#DFDFDF	91	3	224	90.5	91.5	2.5	3.5	transparent
#DEDEDE	92	3	223	91.5	92.5	2.5	3.5	transparent
#DDDDDD	93	3	222	92.5	93.5	2.5	3.5	transparent
#DBDBDB	94	3	220	93.5	94.5	2.5	3.5	transparent
#D8D8D8	95	3	217	94.5	95.5	2.5	3.5	transparent
#D7D7D7	96	3	216	95.5	96.5	2.5	3.5	transparent
#D5D5D5	97	3	214	96.5	97.5	2.5	3.5	transparent
#D4D4D4	98	3	213	97.5	98.5	2.5	3.5	transparent
#D2D2D2	99	3	211	98.5	99.5	2.5	3.5	transparent
#D1D1D1	100	3	210	99.5	100.5	2.5	3.5	transparent
#CFCFCF	101	3	208	100.5	101.5	2.5	3.5	transparent
#CDCDCD	102	3	206	101.5	102.5	2.5	3.5	transparent
#CACACA	103	3	203	102.5	103.5	2.5	3.5	transparent
#C5C5C5	104	3	198	103.5	104.5	2.5	3.5	transparent
#BFBFBF	105	3	192	104.5	105.5	2.5	3.5	transparent
#BBBBBB	106	3	188	105.5	106.5	2.5	3.5	transparent
#B8B8B8	107	3	185	106.5	107.5	2.5	3.5	transparent
#B2B2B2	108	3	179	107.5	108.5	2.5	3.5	transparent
#B3B3B3	109	3	180	108.5	109.5	2.5	3.5	transparent
#B1B1B1	110	3	178	109.5	110.5	2.5	3.5	transparent
#AAAAAA	111	3	171	110.5	111.5	2.5	3.5	transparent
#A3A3A3	112	3	164	111.5	112.5	2.5	3.5	transparent
#9D9D9D	113	3	158	112.5	113.5	2.5	3.5	transparent
#979797	114	3	152	113.5	114.5	2.5	3.5	transparent
#8E8E8E	115	3	143	114.5	115.5	2.5	3.5	transparent
#828282	116	3	131	115.5	116.5	2.5	3.5	transparent
#818181	117	3	130	116.5	117.5	2.5	3.5	transparent
#7E7E7E	118	3	127	117.5	118.5	2.5	3.5	transparent
#6F6F6F	119	3	112	118.5	119.5	2.5	3.5	transparent
#616161	120	3	98	119.5	120.5	2.5	3.5	transparent
#4E4E4E	121	3	79	120.5	121.5	2.5	3.5	transparent
#3A3A3A	122	3	59	121.5	122.5	2.5	3.5	transparent
#2A2A2A	123	3	43	122.5	123.5	2.5	3.5	transparent
#1A1A1A	124	3	27	123.5	124.5	2.5	3.5	transparent
#0D0D0D	125	3	14	124.5	125.5	2.5	3.5	transparent
#0A0A0A	126	3	11	125.5	126.5	2.5	3.5	transparent
#0F0F0F	127	3	16	126.5	127.5	2.5	3.5	transparent
#111111	128	3	18	127.5	128.5	2.5	3.5	transparent
#121212	129	3	19	128.5	129.5	2.5	3.5	transparent
#131313	130	3	20	129.5	130.5	2.5	3.5	transparent
#131313	131	3	20	130.5	131.5	2.5	3.5	transparent
#131313	132	3	20	131.5	132.5	2.5	3.5	transparent
#0F0F0F	133	3	16	132.5	133.5	2.5	3.5	transparent
#0A0A0A	134	3	11	133.5	134.5	2.5	3.5	transparent
#070707	135	3	8	134.5	135.5	2.5	3.5	transparent
#060606	136	3	7	135.5	136.5	2.5	3.5	transparent
#0D0D0D	137	3	14	136.5	137.5	2.5	3.5	transparent
#494949	138	3	74	137.5	138.5	2.5	3.5	transparent
#A3A3A3	139	3	164	138.5	139.5	2.5	3.5	transparent
#131313	0	2	20	-0.5	0.5	1.5	2.5	transparent
#131313	1	2	20	0.5	1.5	1.5	2.5	transparent
#131313	2	2	20	1.5	2.5	1.5	2.5	transparent
#131313	3	2	20	2.5	3.5	1.5	2.5	transparent
#131313	4	2	20	3.5	4.5	1.5	2.5	transparent
#131313	5	2	20	4.5	5.5	1.5	2.5	transparent
#131313	6	2	20	5.5	6.5	1.5	2.5	transparent
#131313	7	2	20	6.5	7.5	1.5	2.5	transparent
#131313	8	2	20	7.5	8.5	1.5	2.5	transparent
#131313	9	2	20	8.5	9.5	1.5	2.5	transparent
#131313	10	2	20	9.5	10.5	1.5	2.5	transparent
#131313	11	2	20	10.5	11.5	1.5	2.5	transparent
#131313	12	2	20	11.5	12.5	1.5	2.5	transparent
#131313	13	2	20	12.5	13.5	1.5	2.5	transparent
#121212	14	2	19	13.5	14.5	1.5	2.5	transparent
#121212	15	2	19	14.5	15.5	1.5	2.5	transparent
#0F0F0F	16	2	16	15.5	16.5	1.5	2.5	transparent
#0C0C0C	17	2	13	16.5	17.5	1.5	2.5	transparent
#0D0D0D	18	2	14	17.5	18.5	1.5	2.5	transparent
#121212	19	2	19	18.5	19.5	1.5	2.5	transparent
#1B1B1B	20	2	28	19.5	20.5	1.5	2.5	transparent
#2B2B2B	21	2	44	20.5	21.5	1.5	2.5	transparent
#434343	22	2	68	21.5	22.5	1.5	2.5	transparent
#555555	23	2	86	22.5	23.5	1.5	2.5	transparent
#636363	24	2	100	23.5	24.5	1.5	2.5	transparent
#727272	25	2	115	24.5	25.5	1.5	2.5	transparent
#737373	26	2	116	25.5	26.5	1.5	2.5	transparent
#797979	27	2	122	26.5	27.5	1.5	2.5	transparent
#888888	28	2	137	27.5	28.5	1.5	2.5	transparent
#919191	29	2	146	28.5	29.5	1.5	2.5	transparent
#9A9A9A	30	2	155	29.5	30.5	1.5	2.5	transparent
#A1A1A1	31	2	162	30.5	31.5	1.5	2.5	transparent
#A7A7A7	32	2	168	31.5	32.5	1.5	2.5	transparent
#ACACAC	33	2	173	32.5	33.5	1.5	2.5	transparent
#B0B0B0	34	2	177	33.5	34.5	1.5	2.5	transparent
#B4B4B4	35	2	181	34.5	35.5	1.5	2.5	transparent
#BCBCBC	36	2	189	35.5	36.5	1.5	2.5	transparent
#C1C1C1	37	2	194	36.5	37.5	1.5	2.5	transparent
#C3C3C3	38	2	196	37.5	38.5	1.5	2.5	transparent
#C5C5C5	39	2	198	38.5	39.5	1.5	2.5	transparent
#C8C8C8	40	2	201	39.5	40.5	1.5	2.5	transparent
#CCCCCC	41	2	205	40.5	41.5	1.5	2.5	transparent
#CFCFCF	42	2	208	41.5	42.5	1.5	2.5	transparent
#D1D1D1	43	2	210	42.5	43.5	1.5	2.5	transparent
#D2D2D2	44	2	211	43.5	44.5	1.5	2.5	transparent
#D5D5D5	45	2	214	44.5	45.5	1.5	2.5	transparent
#D7D7D7	46	2	216	45.5	46.5	1.5	2.5	transparent
#D9D9D9	47	2	218	46.5	47.5	1.5	2.5	transparent
#DBDBDB	48	2	220	47.5	48.5	1.5	2.5	transparent
#DCDCDC	49	2	221	48.5	49.5	1.5	2.5	transparent
#DDDDDD	50	2	222	49.5	50.5	1.5	2.5	transparent
#DEDEDE	51	2	223	50.5	51.5	1.5	2.5	transparent
#DDDDDD	52	2	222	51.5	52.5	1.5	2.5	transparent
#DFDFDF	53	2	224	52.5	53.5	1.5	2.5	transparent
#E1E1E1	54	2	226	53.5	54.5	1.5	2.5	transparent
#E1E1E1	55	2	226	54.5	55.5	1.5	2.5	transparent
#E3E3E3	56	2	228	55.5	56.5	1.5	2.5	transparent
#E5E5E5	57	2	230	56.5	57.5	1.5	2.5	transparent
#E4E4E4	58	2	229	57.5	58.5	1.5	2.5	transparent
#E4E4E4	59	2	229	58.5	59.5	1.5	2.5	transparent
#E4E4E4	60	2	229	59.5	60.5	1.5	2.5	transparent
#E4E4E4	61	2	229	60.5	61.5	1.5	2.5	transparent
#E2E2E2	62	2	227	61.5	62.5	1.5	2.5	transparent
#E3E3E3	63	2	228	62.5	63.5	1.5	2.5	transparent
#E9E9E9	64	2	234	63.5	64.5	1.5	2.5	transparent
#EDEDED	65	2	238	64.5	65.5	1.5	2.5	transparent
#EEEEEE	66	2	239	65.5	66.5	1.5	2.5	transparent
#EEEEEE	67	2	239	66.5	67.5	1.5	2.5	transparent
#EAEAEA	68	2	235	67.5	68.5	1.5	2.5	transparent
#EBEBEB	69	2	236	68.5	69.5	1.5	2.5	transparent
#EAEAEA	70	2	235	69.5	70.5	1.5	2.5	transparent
#ECECEC	71	2	237	70.5	71.5	1.5	2.5	transparent
#ECECEC	72	2	237	71.5	72.5	1.5	2.5	transparent
#EAEAEA	73	2	235	72.5	73.5	1.5	2.5	transparent
#E9E9E9	74	2	234	73.5	74.5	1.5	2.5	transparent
#EAEAEA	75	2	235	74.5	75.5	1.5	2.5	transparent
#E9E9E9	76	2	234	75.5	76.5	1.5	2.5	transparent
#E9E9E9	77	2	234	76.5	77.5	1.5	2.5	transparent
#EBEBEB	78	2	236	77.5	78.5	1.5	2.5	transparent
#EAEAEA	79	2	235	78.5	79.5	1.5	2.5	transparent
#EAEAEA	80	2	235	79.5	80.5	1.5	2.5	transparent
#E8E8E8	81	2	233	80.5	81.5	1.5	2.5	transparent
#E6E6E6	82	2	231	81.5	82.5	1.5	2.5	transparent
#E8E8E8	83	2	233	82.5	83.5	1.5	2.5	transparent
#E7E7E7	84	2	232	83.5	84.5	1.5	2.5	transparent
#E3E3E3	85	2	228	84.5	85.5	1.5	2.5	transparent
#DFDFDF	86	2	224	85.5	86.5	1.5	2.5	transparent
#DBDBDB	87	2	220	86.5	87.5	1.5	2.5	transparent
#DCDCDC	88	2	221	87.5	88.5	1.5	2.5	transparent
#DDDDDD	89	2	222	88.5	89.5	1.5	2.5	transparent
#DFDFDF	90	2	224	89.5	90.5	1.5	2.5	transparent
#DFDFDF	91	2	224	90.5	91.5	1.5	2.5	transparent
#DDDDDD	92	2	222	91.5	92.5	1.5	2.5	transparent
#DDDDDD	93	2	222	92.5	93.5	1.5	2.5	transparent
#DADADA	94	2	219	93.5	94.5	1.5	2.5	transparent
#D8D8D8	95	2	217	94.5	95.5	1.5	2.5	transparent
#D6D6D6	96	2	215	95.5	96.5	1.5	2.5	transparent
#D3D3D3	97	2	212	96.5	97.5	1.5	2.5	transparent
#D3D3D3	98	2	212	97.5	98.5	1.5	2.5	transparent
#D3D3D3	99	2	212	98.5	99.5	1.5	2.5	transparent
#D0D0D0	100	2	209	99.5	100.5	1.5	2.5	transparent
#CECECE	101	2	207	100.5	101.5	1.5	2.5	transparent
#CCCCCC	102	2	205	101.5	102.5	1.5	2.5	transparent
#C8C8C8	103	2	201	102.5	103.5	1.5	2.5	transparent
#C2C2C2	104	2	195	103.5	104.5	1.5	2.5	transparent
#BCBCBC	105	2	189	104.5	105.5	1.5	2.5	transparent
#B8B8B8	106	2	185	105.5	106.5	1.5	2.5	transparent
#B7B7B7	107	2	184	106.5	107.5	1.5	2.5	transparent
#B2B2B2	108	2	179	107.5	108.5	1.5	2.5	transparent
#ACACAC	109	2	173	108.5	109.5	1.5	2.5	transparent
#AEAEAE	110	2	175	109.5	110.5	1.5	2.5	transparent
#AAAAAA	111	2	171	110.5	111.5	1.5	2.5	transparent
#9D9D9D	112	2	158	111.5	112.5	1.5	2.5	transparent
#999999	113	2	154	112.5	113.5	1.5	2.5	transparent
#959595	114	2	150	113.5	114.5	1.5	2.5	transparent
#898989	115	2	138	114.5	115.5	1.5	2.5	transparent
#828282	116	2	131	115.5	116.5	1.5	2.5	transparent
#818181	117	2	130	116.5	117.5	1.5	2.5	transparent
#7A7A7A	118	2	123	117.5	118.5	1.5	2.5	transparent
#6C6C6C	119	2	109	118.5	119.5	1.5	2.5	transparent
#5F5F5F	120	2	96	119.5	120.5	1.5	2.5	transparent
#4C4C4C	121	2	77	120.5	121.5	1.5	2.5	transparent
#363636	122	2	55	121.5	122.5	1.5	2.5	transparent
#282828	123	2	41	122.5	123.5	1.5	2.5	transparent
#181818	124	2	25	123.5	124.5	1.5	2.5	transparent
#0B0B0B	125	2	12	124.5	125.5	1.5	2.5	transparent
#0A0A0A	126	2	11	125.5	126.5	1.5	2.5	transparent
#0F0F0F	127	2	16	126.5	127.5	1.5	2.5	transparent
#111111	128	2	18	127.5	128.5	1.5	2.5	transparent
#121212	129	2	19	128.5	129.5	1.5	2.5	transparent
#131313	130	2	20	129.5	130.5	1.5	2.5	transparent
#131313	131	2	20	130.5	131.5	1.5	2.5	transparent
#131313	132	2	20	131.5	132.5	1.5	2.5	transparent
#0F0F0F	133	2	16	132.5	133.5	1.5	2.5	transparent
#0A0A0A	134	2	11	133.5	134.5	1.5	2.5	transparent
#070707	135	2	8	134.5	135.5	1.5	2.5	transparent
#050505	136	2	6	135.5	136.5	1.5	2.5	transparent
#0D0D0D	137	2	14	136.5	137.5	1.5	2.5	transparent
#4D4D4D	138	2	78	137.5	138.5	1.5	2.5	transparent
#A6A6A6	139	2	167	138.5	139.5	1.5	2.5	transparent
#131313	0	1	20	-0.5	0.5	0.5	1.5	transparent
#131313	1	1	20	0.5	1.5	0.5	1.5	transparent
#131313	2	1	20	1.5	2.5	0.5	1.5	transparent
#131313	3	1	20	2.5	3.5	0.5	1.5	transparent
#131313	4	1	20	3.5	4.5	0.5	1.5	transparent
#131313	5	1	20	4.5	5.5	0.5	1.5	transparent
#131313	6	1	20	5.5	6.5	0.5	1.5	transparent
#131313	7	1	20	6.5	7.5	0.5	1.5	transparent
#131313	8	1	20	7.5	8.5	0.5	1.5	transparent
#131313	9	1	20	8.5	9.5	0.5	1.5	transparent
#131313	10	1	20	9.5	10.5	0.5	1.5	transparent
#131313	11	1	20	10.5	11.5	0.5	1.5	transparent
#131313	12	1	20	11.5	12.5	0.5	1.5	transparent
#131313	13	1	20	12.5	13.5	0.5	1.5	transparent
#121212	14	1	19	13.5	14.5	0.5	1.5	transparent
#111111	15	1	18	14.5	15.5	0.5	1.5	transparent
#0F0F0F	16	1	16	15.5	16.5	0.5	1.5	transparent
#0C0C0C	17	1	13	16.5	17.5	0.5	1.5	transparent
#0C0C0C	18	1	13	17.5	18.5	0.5	1.5	transparent
#121212	19	1	19	18.5	19.5	0.5	1.5	transparent
#1B1B1B	20	1	28	19.5	20.5	0.5	1.5	transparent
#282828	21	1	41	20.5	21.5	0.5	1.5	transparent
#3E3E3E	22	1	63	21.5	22.5	0.5	1.5	transparent
#535353	23	1	84	22.5	23.5	0.5	1.5	transparent
#606060	24	1	97	23.5	24.5	0.5	1.5	transparent
#6E6E6E	25	1	111	24.5	25.5	0.5	1.5	transparent
#747474	26	1	117	25.5	26.5	0.5	1.5	transparent
#777777	27	1	120	26.5	27.5	0.5	1.5	transparent
#858585	28	1	134	27.5	28.5	0.5	1.5	transparent
#8F8F8F	29	1	144	28.5	29.5	0.5	1.5	transparent
#999999	30	1	154	29.5	30.5	0.5	1.5	transparent
#A0A0A0	31	1	161	30.5	31.5	0.5	1.5	transparent
#A6A6A6	32	1	167	31.5	32.5	0.5	1.5	transparent
#ACACAC	33	1	173	32.5	33.5	0.5	1.5	transparent
#B0B0B0	34	1	177	33.5	34.5	0.5	1.5	transparent
#B5B5B5	35	1	182	34.5	35.5	0.5	1.5	transparent
#BBBBBB	36	1	188	35.5	36.5	0.5	1.5	transparent
#C0C0C0	37	1	193	36.5	37.5	0.5	1.5	transparent
#C2C2C2	38	1	195	37.5	38.5	0.5	1.5	transparent
#C4C4C4	39	1	197	38.5	39.5	0.5	1.5	transparent
#C7C7C7	40	1	200	39.5	40.5	0.5	1.5	transparent
#CACACA	41	1	203	40.5	41.5	0.5	1.5	transparent
#CDCDCD	42	1	206	41.5	42.5	0.5	1.5	transparent
#CFCFCF	43	1	208	42.5	43.5	0.5	1.5	transparent
#D2D2D2	44	1	211	43.5	44.5	0.5	1.5	transparent
#D4D4D4	45	1	213	44.5	45.5	0.5	1.5	transparent
#D5D5D5	46	1	214	45.5	46.5	0.5	1.5	transparent
#D7D7D7	47	1	216	46.5	47.5	0.5	1.5	transparent
#D9D9D9	48	1	218	47.5	48.5	0.5	1.5	transparent
#DADADA	49	1	219	48.5	49.5	0.5	1.5	transparent
#DBDBDB	50	1	220	49.5	50.5	0.5	1.5	transparent
#DCDCDC	51	1	221	50.5	51.5	0.5	1.5	transparent
#DEDEDE	52	1	223	51.5	52.5	0.5	1.5	transparent
#DEDEDE	53	1	223	52.5	53.5	0.5	1.5	transparent
#DFDFDF	54	1	224	53.5	54.5	0.5	1.5	transparent
#E0E0E0	55	1	225	54.5	55.5	0.5	1.5	transparent
#E1E1E1	56	1	226	55.5	56.5	0.5	1.5	transparent
#E3E3E3	57	1	228	56.5	57.5	0.5	1.5	transparent
#E3E3E3	58	1	228	57.5	58.5	0.5	1.5	transparent
#E2E2E2	59	1	227	58.5	59.5	0.5	1.5	transparent
#E1E1E1	60	1	226	59.5	60.5	0.5	1.5	transparent
#E0E0E0	61	1	225	60.5	61.5	0.5	1.5	transparent
#E0E0E0	62	1	225	61.5	62.5	0.5	1.5	transparent
#E1E1E1	63	1	226	62.5	63.5	0.5	1.5	transparent
#E4E4E4	64	1	229	63.5	64.5	0.5	1.5	transparent
#E7E7E7	65	1	232	64.5	65.5	0.5	1.5	transparent
#EAEAEA	66	1	235	65.5	66.5	0.5	1.5	transparent
#EBEBEB	67	1	236	66.5	67.5	0.5	1.5	transparent
#EAEAEA	68	1	235	67.5	68.5	0.5	1.5	transparent
#E9E9E9	69	1	234	68.5	69.5	0.5	1.5	transparent
#E8E8E8	70	1	233	69.5	70.5	0.5	1.5	transparent
#EAEAEA	71	1	235	70.5	71.5	0.5	1.5	transparent
#E9E9E9	72	1	234	71.5	72.5	0.5	1.5	transparent
#E6E6E6	73	1	231	72.5	73.5	0.5	1.5	transparent
#E6E6E6	74	1	231	73.5	74.5	0.5	1.5	transparent
#E6E6E6	75	1	231	74.5	75.5	0.5	1.5	transparent
#E7E7E7	76	1	232	75.5	76.5	0.5	1.5	transparent
#E7E7E7	77	1	232	76.5	77.5	0.5	1.5	transparent
#E7E7E7	78	1	232	77.5	78.5	0.5	1.5	transparent
#E7E7E7	79	1	232	78.5	79.5	0.5	1.5	transparent
#E6E6E6	80	1	231	79.5	80.5	0.5	1.5	transparent
#E6E6E6	81	1	231	80.5	81.5	0.5	1.5	transparent
#E4E4E4	82	1	229	81.5	82.5	0.5	1.5	transparent
#E5E5E5	83	1	230	82.5	83.5	0.5	1.5	transparent
#E5E5E5	84	1	230	83.5	84.5	0.5	1.5	transparent
#E0E0E0	85	1	225	84.5	85.5	0.5	1.5	transparent
#DEDEDE	86	1	223	85.5	86.5	0.5	1.5	transparent
#DCDCDC	87	1	221	86.5	87.5	0.5	1.5	transparent
#DBDBDB	88	1	220	87.5	88.5	0.5	1.5	transparent
#DCDCDC	89	1	221	88.5	89.5	0.5	1.5	transparent
#DDDDDD	90	1	222	89.5	90.5	0.5	1.5	transparent
#DFDFDF	91	1	224	90.5	91.5	0.5	1.5	transparent
#DDDDDD	92	1	222	91.5	92.5	0.5	1.5	transparent
#DBDBDB	93	1	220	92.5	93.5	0.5	1.5	transparent
#D9D9D9	94	1	218	93.5	94.5	0.5	1.5	transparent
#D6D6D6	95	1	215	94.5	95.5	0.5	1.5	transparent
#D4D4D4	96	1	213	95.5	96.5	0.5	1.5	transparent
#D3D3D3	97	1	212	96.5	97.5	0.5	1.5	transparent
#D1D1D1	98	1	210	97.5	98.5	0.5	1.5	transparent
#D1D1D1	99	1	210	98.5	99.5	0.5	1.5	transparent
#CFCFCF	100	1	208	99.5	100.5	0.5	1.5	transparent
#CDCDCD	101	1	206	100.5	101.5	0.5	1.5	transparent
#C8C8C8	102	1	201	101.5	102.5	0.5	1.5	transparent
#C5C5C5	103	1	198	102.5	103.5	0.5	1.5	transparent
#C2C2C2	104	1	195	103.5	104.5	0.5	1.5	transparent
#BDBDBD	105	1	190	104.5	105.5	0.5	1.5	transparent
#B8B8B8	106	1	185	105.5	106.5	0.5	1.5	transparent
#B4B4B4	107	1	181	106.5	107.5	0.5	1.5	transparent
#B0B0B0	108	1	177	107.5	108.5	0.5	1.5	transparent
#A7A7A7	109	1	168	108.5	109.5	0.5	1.5	transparent
#A0A0A0	110	1	161	109.5	110.5	0.5	1.5	transparent
#969696	111	1	151	110.5	111.5	0.5	1.5	transparent
#8A8A8A	112	1	139	111.5	112.5	0.5	1.5	transparent
#8C8C8C	113	1	141	112.5	113.5	0.5	1.5	transparent
#8F8F8F	114	1	144	113.5	114.5	0.5	1.5	transparent
#888888	115	1	137	114.5	115.5	0.5	1.5	transparent
#848484	116	1	133	115.5	116.5	0.5	1.5	transparent
#808080	117	1	129	116.5	117.5	0.5	1.5	transparent
#777777	118	1	120	117.5	118.5	0.5	1.5	transparent
#6A6A6A	119	1	107	118.5	119.5	0.5	1.5	transparent
#5C5C5C	120	1	93	119.5	120.5	0.5	1.5	transparent
#484848	121	1	73	120.5	121.5	0.5	1.5	transparent
#353535	122	1	54	121.5	122.5	0.5	1.5	transparent
#262626	123	1	39	122.5	123.5	0.5	1.5	transparent
#171717	124	1	24	123.5	124.5	0.5	1.5	transparent
#0C0C0C	125	1	13	124.5	125.5	0.5	1.5	transparent
#0A0A0A	126	1	11	125.5	126.5	0.5	1.5	transparent
#0F0F0F	127	1	16	126.5	127.5	0.5	1.5	transparent
#111111	128	1	18	127.5	128.5	0.5	1.5	transparent
#121212	129	1	19	128.5	129.5	0.5	1.5	transparent
#131313	130	1	20	129.5	130.5	0.5	1.5	transparent
#131313	131	1	20	130.5	131.5	0.5	1.5	transparent
#131313	132	1	20	131.5	132.5	0.5	1.5	transparent
#0F0F0F	133	1	16	132.5	133.5	0.5	1.5	transparent
#0A0A0A	134	1	11	133.5	134.5	0.5	1.5	transparent
#070707	135	1	8	134.5	135.5	0.5	1.5	transparent
#050505	136	1	6	135.5	136.5	0.5	1.5	transparent
#0D0D0D	137	1	14	136.5	137.5	0.5	1.5	transparent
#4F4F4F	138	1	80	137.5	138.5	0.5	1.5	transparent
#AAAAAA	139	1	171	138.5	139.5	0.5	1.5	transparent
#131313	0	0	20	-0.5	0.5	-0.5	0.5	transparent
#131313	1	0	20	0.5	1.5	-0.5	0.5	transparent
#131313	2	0	20	1.5	2.5	-0.5	0.5	transparent
#131313	3	0	20	2.5	3.5	-0.5	0.5	transparent
#131313	4	0	20	3.5	4.5	-0.5	0.5	transparent
#131313	5	0	20	4.5	5.5	-0.5	0.5	transparent
#131313	6	0	20	5.5	6.5	-0.5	0.5	transparent
#131313	7	0	20	6.5	7.5	-0.5	0.5	transparent
#131313	8	0	20	7.5	8.5	-0.5	0.5	transparent
#131313	9	0	20	8.5	9.5	-0.5	0.5	transparent
#131313	10	0	20	9.5	10.5	-0.5	0.5	transparent
#131313	11	0	20	10.5	11.5	-0.5	0.5	transparent
#131313	12	0	20	11.5	12.5	-0.5	0.5	transparent
#131313	13	0	20	12.5	13.5	-0.5	0.5	transparent
#121212	14	0	19	13.5	14.5	-0.5	0.5	transparent
#111111	15	0	18	14.5	15.5	-0.5	0.5	transparent
#0F0F0F	16	0	16	15.5	16.5	-0.5	0.5	transparent
#0C0C0C	17	0	13	16.5	17.5	-0.5	0.5	transparent
#0D0D0D	18	0	14	17.5	18.5	-0.5	0.5	transparent
#141414	19	0	21	18.5	19.5	-0.5	0.5	transparent
#1E1E1E	20	0	31	19.5	20.5	-0.5	0.5	transparent
#2B2B2B	21	0	44	20.5	21.5	-0.5	0.5	transparent
#3F3F3F	22	0	64	21.5	22.5	-0.5	0.5	transparent
#565656	23	0	87	22.5	23.5	-0.5	0.5	transparent
#626262	24	0	99	23.5	24.5	-0.5	0.5	transparent
#6D6D6D	25	0	110	24.5	25.5	-0.5	0.5	transparent
#777777	26	0	120	25.5	26.5	-0.5	0.5	transparent
#7B7B7B	27	0	124	26.5	27.5	-0.5	0.5	transparent
#858585	28	0	134	27.5	28.5	-0.5	0.5	transparent
#929292	29	0	147	28.5	29.5	-0.5	0.5	transparent
#9C9C9C	30	0	157	29.5	30.5	-0.5	0.5	transparent
#A2A2A2	31	0	163	30.5	31.5	-0.5	0.5	transparent
#A9A9A9	32	0	170	31.5	32.5	-0.5	0.5	transparent
#ADADAD	33	0	174	32.5	33.5	-0.5	0.5	transparent
#B2B2B2	34	0	179	33.5	34.5	-0.5	0.5	transparent
#BABABA	35	0	187	34.5	35.5	-0.5	0.5	transparent
#BDBDBD	36	0	190	35.5	36.5	-0.5	0.5	transparent
#C3C3C3	37	0	196	36.5	37.5	-0.5	0.5	transparent
#C3C3C3	38	0	196	37.5	38.5	-0.5	0.5	transparent
#C6C6C6	39	0	199	38.5	39.5	-0.5	0.5	transparent
#C8C8C8	40	0	201	39.5	40.5	-0.5	0.5	transparent
#CACACA	41	0	203	40.5	41.5	-0.5	0.5	transparent
#CECECE	42	0	207	41.5	42.5	-0.5	0.5	transparent
#D0D0D0	43	0	209	42.5	43.5	-0.5	0.5	transparent
#D3D3D3	44	0	212	43.5	44.5	-0.5	0.5	transparent
#D4D4D4	45	0	213	44.5	45.5	-0.5	0.5	transparent
#D5D5D5	46	0	214	45.5	46.5	-0.5	0.5	transparent
#D7D7D7	47	0	216	46.5	47.5	-0.5	0.5	transparent
#D8D8D8	48	0	217	47.5	48.5	-0.5	0.5	transparent
#DADADA	49	0	219	48.5	49.5	-0.5	0.5	transparent
#DADADA	50	0	219	49.5	50.5	-0.5	0.5	transparent
#DCDCDC	51	0	221	50.5	51.5	-0.5	0.5	transparent
#DDDDDD	52	0	222	51.5	52.5	-0.5	0.5	transparent
#DDDDDD	53	0	222	52.5	53.5	-0.5	0.5	transparent
#DDDDDD	54	0	222	53.5	54.5	-0.5	0.5	transparent
#DFDFDF	55	0	224	54.5	55.5	-0.5	0.5	transparent
#E0E0E0	56	0	225	55.5	56.5	-0.5	0.5	transparent
#E1E1E1	57	0	226	56.5	57.5	-0.5	0.5	transparent
#E0E0E0	58	0	225	57.5	58.5	-0.5	0.5	transparent
#E0E0E0	59	0	225	58.5	59.5	-0.5	0.5	transparent
#DFDFDF	60	0	224	59.5	60.5	-0.5	0.5	transparent
#DEDEDE	61	0	223	60.5	61.5	-0.5	0.5	transparent
#DDDDDD	62	0	222	61.5	62.5	-0.5	0.5	transparent
#DFDFDF	63	0	224	62.5	63.5	-0.5	0.5	transparent
#E0E0E0	64	0	225	63.5	64.5	-0.5	0.5	transparent
#E3E3E3	65	0	228	64.5	65.5	-0.5	0.5	transparent
#E5E5E5	66	0	230	65.5	66.5	-0.5	0.5	transparent
#E7E7E7	67	0	232	66.5	67.5	-0.5	0.5	transparent
#E8E8E8	68	0	233	67.5	68.5	-0.5	0.5	transparent
#E7E7E7	69	0	232	68.5	69.5	-0.5	0.5	transparent
#E5E5E5	70	0	230	69.5	70.5	-0.5	0.5	transparent
#E6E6E6	71	0	231	70.5	71.5	-0.5	0.5	transparent
#E6E6E6	72	0	231	71.5	72.5	-0.5	0.5	transparent
#E4E4E4	73	0	229	72.5	73.5	-0.5	0.5	transparent
#E4E4E4	74	0	229	73.5	74.5	-0.5	0.5	transparent
#E3E3E3	75	0	228	74.5	75.5	-0.5	0.5	transparent
#E4E4E4	76	0	229	75.5	76.5	-0.5	0.5	transparent
#E6E6E6	77	0	231	76.5	77.5	-0.5	0.5	transparent
#E4E4E4	78	0	229	77.5	78.5	-0.5	0.5	transparent
#E3E3E3	79	0	228	78.5	79.5	-0.5	0.5	transparent
#E3E3E3	80	0	228	79.5	80.5	-0.5	0.5	transparent
#E3E3E3	81	0	228	80.5	81.5	-0.5	0.5	transparent
#E2E2E2	82	0	227	81.5	82.5	-0.5	0.5	transparent
#E2E2E2	83	0	227	82.5	83.5	-0.5	0.5	transparent
#E2E2E2	84	0	227	83.5	84.5	-0.5	0.5	transparent
#E0E0E0	85	0	225	84.5	85.5	-0.5	0.5	transparent
#DDDDDD	86	0	222	85.5	86.5	-0.5	0.5	transparent
#DCDCDC	87	0	221	86.5	87.5	-0.5	0.5	transparent
#DBDBDB	88	0	220	87.5	88.5	-0.5	0.5	transparent
#DCDCDC	89	0	221	88.5	89.5	-0.5	0.5	transparent
#DDDDDD	90	0	222	89.5	90.5	-0.5	0.5	transparent
#DFDFDF	91	0	224	90.5	91.5	-0.5	0.5	transparent
#DCDCDC	92	0	221	91.5	92.5	-0.5	0.5	transparent
#DADADA	93	0	219	92.5	93.5	-0.5	0.5	transparent
#D8D8D8	94	0	217	93.5	94.5	-0.5	0.5	transparent
#D6D6D6	95	0	215	94.5	95.5	-0.5	0.5	transparent
#D4D4D4	96	0	213	95.5	96.5	-0.5	0.5	transparent
#D2D2D2	97	0	211	96.5	97.5	-0.5	0.5	transparent
#D0D0D0	98	0	209	97.5	98.5	-0.5	0.5	transparent
#D0D0D0	99	0	209	98.5	99.5	-0.5	0.5	transparent
#CECECE	100	0	207	99.5	100.5	-0.5	0.5	transparent
#CBCBCB	101	0	204	100.5	101.5	-0.5	0.5	transparent
#C5C5C5	102	0	198	101.5	102.5	-0.5	0.5	transparent
#C3C3C3	103	0	196	102.5	103.5	-0.5	0.5	transparent
#C0C0C0	104	0	193	103.5	104.5	-0.5	0.5	transparent
#BCBCBC	105	0	189	104.5	105.5	-0.5	0.5	transparent
#B8B8B8	106	0	185	105.5	106.5	-0.5	0.5	transparent
#B2B2B2	107	0	179	106.5	107.5	-0.5	0.5	transparent
#AEAEAE	108	0	175	107.5	108.5	-0.5	0.5	transparent
#A5A5A5	109	0	166	108.5	109.5	-0.5	0.5	transparent
#979797	110	0	152	109.5	110.5	-0.5	0.5	transparent
#8D8D8D	111	0	142	110.5	111.5	-0.5	0.5	transparent
#8B8B8B	112	0	140	111.5	112.5	-0.5	0.5	transparent
#8C8C8C	113	0	141	112.5	113.5	-0.5	0.5	transparent
#8B8B8B	114	0	140	113.5	114.5	-0.5	0.5	transparent
#888888	115	0	137	114.5	115.5	-0.5	0.5	transparent
#868686	116	0	135	115.5	116.5	-0.5	0.5	transparent
#7F7F7F	117	0	128	116.5	117.5	-0.5	0.5	transparent
#737373	118	0	116	117.5	118.5	-0.5	0.5	transparent
#696969	119	0	106	118.5	119.5	-0.5	0.5	transparent
#5A5A5A	120	0	91	119.5	120.5	-0.5	0.5	transparent
#464646	121	0	71	120.5	121.5	-0.5	0.5	transparent
#343434	122	0	53	121.5	122.5	-0.5	0.5	transparent
#252525	123	0	38	122.5	123.5	-0.5	0.5	transparent
#161616	124	0	23	123.5	124.5	-0.5	0.5	transparent
#0B0B0B	125	0	12	124.5	125.5	-0.5	0.5	transparent
#0B0B0B	126	0	12	125.5	126.5	-0.5	0.5	transparent
#0F0F0F	127	0	16	126.5	127.5	-0.5	0.5	transparent
#111111	128	0	18	127.5	128.5	-0.5	0.5	transparent
#121212	129	0	19	128.5	129.5	-0.5	0.5	transparent
#131313	130	0	20	129.5	130.5	-0.5	0.5	transparent
#131313	131	0	20	130.5	131.5	-0.5	0.5	transparent
#131313	132	0	20	131.5	132.5	-0.5	0.5	transparent
#0F0F0F	133	0	16	132.5	133.5	-0.5	0.5	transparent
#0A0A0A	134	0	11	133.5	134.5	-0.5	0.5	transparent
#070707	135	0	8	134.5	135.5	-0.5	0.5	transparent
#060606	136	0	7	135.5	136.5	-0.5	0.5	transparent
#0F0F0F	137	0	16	136.5	137.5	-0.5	0.5	transparent
#515151	138	0	82	137.5	138.5	-0.5	0.5	transparent
#ACACAC	139	0	173	138.5	139.5	-0.5	0.5	transparent
